   0.0000000e+00   0.0000000e+00   0.0000000e+00   0.0000000e+00   0.0000000e+00   0.0000000e+00
   2.2510898e-04  -1.2407033e-02  -5.0095455e-02   1.0857207e-04   5.9627435e-05   1.5237604e-04
  -5.9088814e-03  -4.5920502e-02  -5.7774596e-02   4.9168721e-04  -8.5447503e-05  -1.9562449e-05
  -8.8711971e-03  -3.5302832e-02  -6.5992863e-02  -3.8536648e-04   4.9727665e-05  -2.0241608e-04
  -1.4859191e-04  -2.4284856e-02  -6.6930257e-02   3.6360711e-04  -1.9613138e-04  -1.4975061e-04
  -1.0056621e-02   3.2248378e-02  -1.2372184e-01   6.2227673e-04   1.4915920e-04  -2.1160471e-04
  -9.1173576e-03   1.9410761e-02  -5.4320643e-02   2.0806295e-04  -7.2651341e-05   2.4761319e-05
  -7.2246500e-03  -2.6646150e-02  -7.8305841e-02  -3.7874699e-04   9.4487150e-05  -4.1558718e-04
  -6.9256991e-03  -3.0690439e-02  -1.2925048e-01   6.3167833e-04   9.3479238e-05  -3.3804609e-04
  -1.0245530e-02  -4.1759564e-02  -7.5229415e-02  -4.6086677e-04   3.3233329e-04  -3.5917541e-04
  -3.9290176e-03  -8.0222471e-02  -7.6545881e-02  -1.9370261e-04   2.1071274e-04  -1.1060473e-04
  -4.8532916e-03  -1.7550604e-02  -1.0676631e-01  -4.8249443e-04   3.2807003e-04  -3.1952986e-04
   2.7392604e-03  -1.6446170e-02  -1.0163878e-01   5.2649582e-05   3.2202396e-04  -3.3200266e-04
  -7.9554014e-03  -8.0625388e-03  -8.6058503e-02  -4.3946108e-04   4.5869641e-04  -1.4081593e-04
  -1.4548120e-03  -9.8239346e-02  -9.2657505e-02   2.0756711e-04   2.4440840e-04   9.5382806e-05
  -1.6845265e-02  -3.7490398e-02  -1.2528365e-01   4.8062942e-04   6.4848283e-04  -3.4784172e-04
  -1.3952032e-02  -2.4138170e-02  -7.3735713e-02  -6.2342857e-05   3.1673512e-04  -1.4662132e-04
  -9.4575798e-03   4.2290382e-03  -8.6370641e-02  -4.7357829e-04   3.0132500e-04  -2.9494387e-04
  -5.9344997e-04  -8.8246232e-02  -1.1181360e-01   9.8761007e-05   3.3978646e-04  -2.3694525e-04
  -1.5706638e-03  -3.7602058e-02  -1.4569915e-01   3.7455982e-04   2.8578930e-04  -3.6252495e-04
  -2.2909092e-03  -4.0314669e-02  -1.2405000e-01   1.5226449e-04   3.8329759e-04  -4.8796764e-04
  -5.2297509e-03  -1.8955641e-02  -1.0179180e-01  -3.6005720e-04   1.8493049e-04  -2.3564271e-04
  -4.3923560e-03  -9.7070327e-02  -1.0475567e-01  -1.4419324e-04   4.7992330e-05  -5.1750473e-04
  -1.5197263e-02  -1.2633537e-02  -1.5935320e-01   1.4322157e-04   1.2196056e-04  -5.0568033e-04
  -1.8743850e-02  -3.1598959e-02  -1.3956507e-01   3.5694106e-04   1.4910682e-04  -8.4850624e-04
  -2.0830953e-02   4.5717119e-03  -1.0830321e-01  -3.4097369e-04   3.3325147e-05  -7.1082657e-04
  -1.2780296e-02  -9.7009885e-02  -1.2699161e-01   5.3036369e-04   6.7966246e-05  -7.0187444e-04
  -1.4911739e-02  -4.6713645e-02  -1.4940339e-01   7.0254403e-04  -4.8056184e-05  -6.3048093e-04
  -1.1206980e-02  -3.9028383e-02  -1.7979654e-01   6.5568851e-04   1.4993550e-04  -8.7009549e-04
  -1.2692485e-02  -4.0412780e-02  -1.2344311e-01   1.5626415e-04  -7.6357060e-05  -7.3199337e-04
  -2.0174881e-02  -1.0139284e-01  -1.2912172e-01   1.3260539e-04   1.4659607e-04  -8.4777035e-04
  -1.0977979e-02  -1.0125317e-01  -1.5780760e-01   1.0446338e-03   1.3643219e-04  -6.6589653e-04
  -1.3921463e-02  -7.6994593e-02  -1.6143777e-01   9.4076196e-04   2.1873919e-04  -6.8107950e-04
  -1.2956632e-02  -1.1720279e-01  -1.1150478e-01   6.5757327e-04  -4.0833570e-05  -9.3111515e-04
  -2.7576451e-02  -9.9316109e-02  -1.4090841e-01   2.5827623e-04  -1.4585721e-04  -9.7613437e-04
  -3.0028421e-02  -1.2199477e-01  -1.6478408e-01   1.1247278e-03  -2.1999355e-04  -1.1831465e-03
  -4.2310264e-02  -6.6231303e-02  -2.0046230e-01   1.4013702e-03  -1.5526957e-04  -1.0906625e-03
  -4.1810192e-02  -6.7097045e-02  -1.9563816e-01   1.7312057e-03  -1.3175724e-04  -1.4283659e-03
  -4.3714485e-02  -1.1005690e-01  -1.6316195e-01   1.2265774e-03  -9.7462840e-06  -1.3581101e-03
  -3.2415387e-02  -7.9022183e-02  -1.4770493e-01   1.7272710e-03  -3.6721653e-04  -9.0122786e-04
  -2.8159845e-02  -8.2948922e-02  -1.7950677e-01   1.9490854e-03  -2.2140537e-04  -1.2806643e-03
  -2.6245569e-02  -4.5352071e-02  -2.0266180e-01   1.7591395e-03  -4.2152226e-04  -1.5480399e-03
  -2.8182073e-02  -8.1116867e-02  -1.5666809e-01   1.7173074e-03  -4.6756036e-04  -1.1136565e-03
  -2.1887141e-02  -1.0185765e-01  -1.5618275e-01   1.5995019e-03  -4.4318686e-04  -1.4005227e-03
  -2.1990307e-02  -6.7577168e-02  -1.8098990e-01   1.2627876e-03  -4.0092940e-04  -1.3010927e-03
  -2.4130522e-02  -8.6047525e-02  -1.7432092e-01   2.0594039e-03  -5.3953901e-04  -1.2228756e-03
  -3.2690474e-02  -9.4416841e-02  -1.5060910e-01   1.7268251e-03  -4.5284553e-04  -1.5707389e-03
  -3.1599955e-02  -6.2864689e-02  -1.4925997e-01   1.1519094e-03  -8.2863869e-04  -1.1189742e-03
  -4.1971269e-02  -3.4274437e-02  -2.2199145e-01   2.0462590e-03  -3.9881044e-04  -1.7096042e-03
  -5.3676557e-02  -1.2016965e-02  -1.7932044e-01   1.7056407e-03  -4.5454423e-04  -1.5489714e-03
  -4.9819787e-02  -1.2306685e-01  -1.4951084e-01   1.6247858e-03  -6.7258419e-04  -1.6090469e-03
  -5.1676996e-02  -7.8637732e-02  -1.8012703e-01   1.4755567e-03  -4.1462505e-04  -1.8276435e-03
  -4.4210213e-02  -7.5462232e-02  -1.9324554e-01   2.3334557e-03  -3.1480974e-04  -1.7543740e-03
  -4.5209692e-02  -3.9551237e-02  -1.7518016e-01   1.8017721e-03  -2.5671162e-04  -1.8195578e-03
  -3.9455530e-02  -5.5287897e-02  -1.1851325e-01   1.8683425e-03  -5.6202009e-04  -1.6919857e-03
  -4.2029724e-02  -4.4382521e-02  -1.4889620e-01   1.6245923e-03  -7.0962643e-04  -1.6080336e-03
  -4.4162270e-02  -9.8597610e-02  -1.8564810e-01   2.1949417e-03  -5.4053571e-04  -1.8614860e-03
  -4.5304820e-02  -5.3413375e-02  -1.9327290e-01   2.3005290e-03  -8.2009655e-04  -1.8118123e-03
  -5.0964631e-02  -2.4768044e-02  -1.7992448e-01   1.7791219e-03  -7.9073405e-04  -1.8849587e-03
  -4.7826649e-02  -9.6685642e-02  -1.4923053e-01   1.8773165e-03  -9.4468171e-04  -1.7314401e-03
  -5.4381700e-02  -1.2329477e-01  -1.6025211e-01   1.7810868e-03  -8.7660727e-04  -1.7806853e-03
  -5.1829431e-02  -7.7096509e-02  -2.0250021e-01   2.2611507e-03  -6.9664279e-04  -2.1331735e-03
  -3.0840254e-02  -7.5701281e-02  -1.6621455e-01   2.0355167e-03  -1.0880458e-03  -1.9017830e-03
  -3.5976135e-02  -9.2642045e-02  -1.5537172e-01   1.6401495e-03  -1.0111018e-03  -1.9862969e-03
  -2.9278778e-02  -1.3025911e-01  -1.6809063e-01   2.4562247e-03  -1.0396048e-03  -1.9635160e-03
  -3.4995396e-02  -9.0658491e-02  -1.6098376e-01   2.5137052e-03  -1.1137288e-03  -1.8180414e-03
  -2.9227241e-02  -6.8370158e-02  -1.4020909e-01   2.3312604e-03  -1.1909214e-03  -1.9666778e-03
  -3.3712521e-02  -9.6683106e-02  -1.4194885e-01   1.6465219e-03  -1.2660384e-03  -1.9357483e-03
  -3.6041251e-02  -1.0103478e-01  -1.6474303e-01   2.7232383e-03  -1.2802499e-03  -1.7628002e-03
  -4.2454314e-02  -5.8197180e-02  -1.8822772e-01   1.9970349e-03  -9.2564570e-04  -2.2607251e-03
  -4.1171814e-02  -5.2982771e-02  -1.5385938e-01   1.2989591e-03  -1.4226676e-03  -1.8101337e-03
  -4.1451351e-02  -6.4419739e-02  -2.0844347e-01   2.2713637e-03  -8.6060582e-04  -2.1303264e-03
  -3.4399770e-02  -4.6327182e-02  -1.7211559e-01   2.7361129e-03  -1.0853082e-03  -1.9214403e-03
  -3.8569669e-02  -4.0344950e-02  -1.3573630e-01   2.4265799e-03  -1.2091581e-03  -2.1499655e-03
  -4.3665897e-02  -8.2246565e-02  -1.4973768e-01   2.1843905e-03  -1.2257403e-03  -1.9589753e-03
  -4.8888676e-02  -1.0796575e-01  -1.7283334e-01   2.6334674e-03  -1.2085217e-03  -2.3333376e-03
  -5.5535082e-02  -5.0769177e-02  -1.7768997e-01   2.0821430e-03  -1.1930465e-03  -2.5528725e-03
  -4.8995042e-02  -3.5753659e-02  -1.6853836e-01   1.6654434e-03  -1.3232574e-03  -2.6471186e-03
  -4.4339096e-02  -4.2871453e-02  -2.1388317e-01   1.3948848e-03  -1.1874129e-03  -2.4202884e-03
  -3.5730045e-02  -8.0823996e-02  -1.9063142e-01   2.5920383e-03  -1.2219106e-03  -2.3473645e-03
  -4.1701960e-02  -8.9856904e-02  -1.7798637e-01   1.9697263e-03  -1.0810951e-03  -2.2766230e-03
  -3.4545785e-02  -1.0087490e-01  -1.5786610e-01   1.7784483e-03  -1.2847593e-03  -2.1613611e-03
  -3.4055309e-02  -2.9572409e-02  -2.3269989e-01   1.9780591e-03  -1.1328622e-03  -2.3434391e-03
  -3.6858629e-02  -3.8016485e-02  -1.9405204e-01   2.0750553e-03  -1.3248254e-03  -2.2570430e-03
  -4.1047787e-02  -1.0020133e-01  -1.7560656e-01   1.8096877e-03  -1.1226347e-03  -2.3818055e-03
  -3.3770514e-02  -3.9137116e-02  -1.8878820e-01   1.4733099e-03  -1.3577199e-03  -1.8884546e-03
  -3.8310726e-02  -1.0334885e-01  -1.9873990e-01   2.3041242e-03  -1.2071908e-03  -2.3363019e-03
  -4.3794770e-02  -1.2386420e-01  -1.6125289e-01   1.2987386e-03  -1.3529354e-03  -2.4201839e-03
  -4.8266502e-02  -5.7248845e-02  -1.8331701e-01   1.8424874e-03  -1.2277742e-03  -2.4473051e-03
  -5.5326052e-02  -1.2792729e-01  -1.9218076e-01   1.9407111e-03  -8.8541169e-04  -2.4719082e-03
  -5.9364489e-02  -7.5375581e-02  -1.9956638e-01   2.3896772e-03  -1.1319355e-03  -2.2118294e-03
  -5.3892426e-02  -6.3436091e-02  -1.9506962e-01   1.6025725e-03  -1.3265079e-03  -2.7507296e-03
  -5.5476025e-02  -5.9187229e-02  -2.0978449e-01   1.8642249e-03  -1.3020884e-03  -2.4843790e-03
  -4.1530707e-02  -5.3672490e-02  -2.2300471e-01   2.3976105e-03  -1.1324166e-03  -2.7731115e-03
  -3.8595760e-02  -9.3558304e-02  -1.7796917e-01   2.4556797e-03  -1.3057089e-03  -2.4706750e-03
  -3.0819448e-02  -7.6650036e-02  -1.6151946e-01   1.9606747e-03  -1.3047202e-03  -2.6042101e-03
  -3.2453304e-02  -1.0019332e-01  -1.4468619e-01   1.0840894e-03  -1.2690484e-03  -2.5417676e-03
  -2.1046162e-02  -1.5265527e-01  -1.4175450e-01   2.0683933e-03  -1.4826299e-03  -2.2199306e-03
  -2.5793803e-02  -4.9942325e-02  -1.9462751e-01   2.4509992e-03  -8.8797018e-04  -2.5626921e-03
  -3.1289400e-02  -8.3085219e-02  -1.4619497e-01   1.6307648e-03  -1.2209663e-03  -2.3911610e-03
  -3.1408156e-02  -6.6640536e-02  -1.6153889e-01   1.9901801e-03  -1.4151457e-03  -2.4331251e-03
  -2.7690237e-02  -7.3202202e-02  -2.0457352e-01   1.9582833e-03  -1.2226711e-03  -2.6510967e-03
  -2.3360077e-02  -1.0106485e-01  -1.5919143e-01   2.2416248e-03  -1.4632213e-03  -2.3974597e-03
  -1.2594572e-02  -9.6103525e-02  -1.8098077e-01   1.8205019e-03  -1.4302447e-03  -2.5974556e-03
  -2.3629808e-02  -6.0780992e-02  -2.2904102e-01   1.9916455e-03  -1.3057024e-03  -2.6313734e-03
  -1.6493981e-02  -3.1059266e-02  -2.3674877e-01   2.3191357e-03  -1.3908075e-03  -2.8229470e-03
  -2.8311803e-02  -6.7576975e-02  -2.0493281e-01   1.9068462e-03  -1.3348554e-03  -2.7855709e-03
  -2.7631868e-02  -1.0527206e-01  -2.3616388e-01   2.3969452e-03  -1.5723443e-03  -2.3752698e-03
  -2.9344992e-02  -6.9865348e-02  -2.6054547e-01   2.3656791e-03  -1.2737366e-03  -2.7806168e-03
  -2.9684617e-02  -8.7127360e-02  -1.9610292e-01   1.9348271e-03  -1.8470928e-03  -2.3494316e-03
  -2.3477192e-02  -6.7420898e-02  -2.5475924e-01   2.7657673e-03  -1.6120753e-03  -2.7195236e-03
  -3.1207135e-02  -7.5499786e-02  -2.2918963e-01   2.5755756e-03  -1.8768055e-03  -2.6778202e-03
  -2.6960093e-02  -3.7961136e-02  -2.1519393e-01   2.3737054e-03  -1.8814175e-03  -2.5221167e-03
  -3.9475345e-02  -1.1784575e-01  -2.7096288e-01   2.5088682e-03  -1.4869098e-03  -2.8263788e-03
  -3.9473532e-02  -9.3184172e-02  -2.2287108e-01   1.9845698e-03  -1.7117887e-03  -2.5098766e-03
  -2.9562013e-02  -1.0261593e-01  -2.6391117e-01   2.8834600e-03  -1.3790348e-03  -2.8191889e-03
  -2.4559472e-02  -6.6276348e-02  -2.6172058e-01   3.3380977e-03  -1.4800030e-03  -2.5967180e-03
  -9.5966147e-03  -9.7869370e-02  -2.1149198e-01   3.0988862e-03  -1.6331831e-03  -2.5580234e-03
  -3.4505754e-02  -6.7147609e-02  -3.2377273e-01   3.5425651e-03  -5.5885331e-04  -2.4087946e-03
  -2.5232859e-02  -1.2091419e-01  -2.8657905e-01   2.7330673e-03  -1.4898409e-03  -2.8163900e-03
  -1.9983906e-02   9.7250511e-03  -3.2915678e-01   2.3957832e-03  -1.3088973e-03  -3.1052436e-03
  -1.8138243e-02  -4.3189830e-02  -2.7202135e-01   3.2038967e-03  -1.2829958e-03  -2.5771631e-03
  -1.6559914e-02  -1.1404837e-01  -2.3603000e-01   3.9478972e-03  -1.3321267e-03  -2.8174922e-03
  -2.1444559e-02  -9.3395654e-02  -2.5043913e-01   2.9155591e-03  -1.5158908e-03  -3.0300943e-03
  -3.0456840e-02  -3.7241014e-02  -2.5583266e-01   3.0016951e-03  -1.3604689e-03  -2.5232492e-03
  -3.2700683e-02  -1.4847655e-01  -2.5592329e-01   3.5356643e-03  -1.2001377e-03  -2.7124347e-03
  -2.4004535e-02  -1.0334929e-01  -2.4295235e-01   3.2348896e-03  -1.5899899e-03  -2.8010397e-03
  -2.2328926e-02  -4.7235948e-02  -2.3762093e-01   3.4794608e-03  -1.7356583e-03  -2.9246904e-03
  -3.1245341e-02  -1.0140714e-01  -2.3417245e-01   3.0115011e-03  -1.6286957e-03  -3.0685083e-03
  -3.4546580e-02  -8.9655274e-02  -2.5540900e-01   3.4284780e-03  -1.6725203e-03  -2.8192527e-03
  -2.9090844e-02  -8.3689167e-02  -2.7549534e-01   3.0987300e-03  -1.7664955e-03  -3.3577520e-03
  -2.2420735e-02  -1.9654632e-02  -2.4275066e-01   2.4264330e-03  -1.8989082e-03  -3.3560806e-03
  -2.5647931e-02  -8.3829585e-02  -2.5582660e-01   3.1946513e-03  -1.6713362e-03  -3.0582960e-03
  -2.6266624e-02  -1.1616853e-01  -1.9761709e-01   2.2649632e-03  -2.0586933e-03  -3.0638429e-03
  -4.0118941e-02  -7.1648495e-02  -2.4816117e-01   2.4980539e-03  -1.6930225e-03  -3.0401765e-03
  -3.7591019e-02  -1.3730216e-01  -3.2094879e-01   2.4443261e-03  -1.4372982e-03  -3.2681818e-03
  -3.3717876e-02  -7.9098913e-02  -3.2116233e-01   3.0728472e-03  -1.8005223e-03  -3.0628803e-03
  -3.0381898e-02  -4.0510915e-02  -2.5249179e-01   3.0741807e-03  -2.0243128e-03  -2.6266792e-03
  -2.7117747e-02  -1.5306183e-01  -2.4600224e-01   2.8922076e-03  -1.7533373e-03  -3.1960742e-03
  -3.5674830e-02  -7.2457324e-02  -3.7692548e-01   3.8674270e-03  -1.5158148e-03  -2.9875141e-03
  -3.3636179e-02  -5.6364908e-02  -2.5414559e-01   3.0074356e-03  -1.6102593e-03  -2.7541417e-03
  -2.6730202e-02  -7.2379158e-02  -3.5377507e-01   3.7587061e-03  -1.4219485e-03  -2.8506244e-03
  -3.1939412e-02  -1.1607493e-01  -3.1952887e-01   2.7430692e-03  -1.4725546e-03  -3.3746409e-03
  -2.6209142e-02  -6.6939862e-02  -3.0034779e-01   2.9247527e-03  -1.6104265e-03  -3.1364331e-03
  -3.1618135e-02  -7.3929502e-02  -2.8367404e-01   4.2185953e-03  -1.1008015e-03  -3.3650399e-03
  -3.7545393e-02  -9.7404342e-02  -2.4547922e-01   4.2291044e-03  -1.3132795e-03  -3.2353985e-03
  -3.4613052e-02  -6.7840101e-02  -2.1406189e-01   3.5598463e-03  -1.5967828e-03  -3.0876483e-03
  -2.6527436e-02  -1.0617712e-01  -2.0617341e-01   2.8149499e-03  -1.7009199e-03  -3.2356949e-03
  -2.7911610e-02  -1.2064012e-01  -2.7708327e-01   3.3385076e-03  -1.2196043e-03  -2.9317926e-03
  -3.0694777e-02  -1.4847709e-01  -2.5636919e-01   4.6424751e-03  -1.4243459e-03  -2.5687720e-03
  -2.5514829e-02  -1.0191356e-01  -2.3838747e-01   3.1080851e-03  -1.7622867e-03  -3.0289765e-03
  -3.1786911e-02  -8.8388863e-02  -3.1156611e-01   3.3349406e-03  -1.4143563e-03  -3.2307584e-03
  -3.0718070e-02  -7.8967062e-02  -2.8107636e-01   4.0642198e-03  -1.5707958e-03  -3.1111948e-03
  -3.6994569e-02  -1.7385025e-02  -2.5950829e-01   3.5218451e-03  -1.4965915e-03  -3.1072954e-03
  -3.0705810e-02  -9.3155644e-02  -3.1468896e-01   3.5968652e-03  -1.2694542e-03  -3.2317300e-03
  -3.6719341e-02  -8.9843761e-02  -3.5447356e-01   4.1714586e-03  -1.5051591e-03  -3.1106116e-03
  -4.1308594e-02  -6.2417742e-02  -3.1699762e-01   3.8145773e-03  -1.4465925e-03  -2.8987042e-03
  -3.9721495e-02  -7.6551033e-02  -3.3532605e-01   3.8137733e-03  -1.1670580e-03  -3.2303456e-03
  -3.7405664e-02  -3.7515718e-02  -3.6536715e-01   3.6362887e-03  -1.4122668e-03  -3.2128412e-03
  -2.9498285e-02  -6.6367434e-02  -3.5965551e-01   4.1922007e-03  -1.1260676e-03  -3.5397952e-03
  -1.8708538e-02  -3.4349777e-02  -3.1428884e-01   3.9444657e-03  -1.2154855e-03  -3.3258243e-03
  -2.1709880e-02  -1.1716746e-01  -2.6466134e-01   4.2149547e-03  -1.3297630e-03  -2.9543519e-03
  -3.0407517e-02  -1.4975747e-01  -3.0704314e-01   4.7020980e-03  -1.1665011e-03  -3.2382313e-03
  -4.9771538e-02  -9.6550515e-02  -2.9520988e-01   4.3110474e-03  -1.6137053e-03  -3.2562813e-03
  -5.1670484e-02  -9.4300094e-02  -2.8250485e-01   3.8537549e-03  -1.3460795e-03  -3.4880139e-03
  -4.4413290e-02  -4.5043509e-02  -3.6600447e-01   3.7880794e-03  -1.4859786e-03  -3.4053689e-03
  -3.5773638e-02  -7.0974479e-02  -3.4160012e-01   4.3328104e-03  -1.7475065e-03  -3.6352835e-03
  -3.4657726e-02  -5.1504815e-02  -3.3069544e-01   3.6604748e-03  -1.5382419e-03  -3.6923729e-03
  -2.4668647e-02  -6.7110732e-02  -3.2024836e-01   4.2007376e-03  -1.6070454e-03  -3.1699746e-03
  -2.3307775e-02  -6.6102904e-02  -3.3613858e-01   4.6837404e-03  -1.4262169e-03  -3.4746274e-03
  -3.5185119e-02  -5.3380005e-02  -3.3011340e-01   3.9792435e-03  -1.4123263e-03  -3.5462506e-03
  -7.8807698e-02  -8.6356350e-02  -4.6482755e-01   4.3791803e-03  -5.6992272e-04  -3.3841926e-03
  -4.2364802e-02  -1.2728696e-01  -4.3154034e-01   3.5086744e-03  -1.2148638e-03  -3.8258802e-03
  -3.7770203e-02  -6.0097574e-02  -4.6832848e-01   3.6404164e-03  -1.2167502e-03  -3.6032911e-03
  -6.7817127e-02  -1.4684523e-02  -5.1676903e-01   5.5828774e-03  -6.0819200e-04  -2.7851625e-03
  -4.8308220e-02  -4.9205844e-02  -3.9958685e-01   4.8625046e-03  -1.3348840e-03  -3.6225241e-03
  -4.5800508e-02  -2.8693575e-04  -4.1513446e-01   3.9698041e-03  -1.1878441e-03  -3.5191716e-03
  -3.8050250e-02  -1.2612624e-01  -3.9056127e-01   4.8722099e-03  -9.8812178e-04  -3.7071620e-03
  -4.0338017e-02  -1.2424345e-01  -3.9835753e-01   4.7900996e-03  -9.9168814e-04  -3.2987895e-03
  -3.9914618e-02  -1.2295934e-01  -4.3105692e-01   5.6615363e-03  -1.2873401e-03  -3.3578213e-03
  -4.0495924e-02  -1.1019043e-01  -3.9680360e-01   4.5020785e-03  -7.3613319e-04  -3.3185049e-03
  -2.9326630e-02  -5.1846000e-02  -4.3603723e-01   3.9398154e-03  -1.2827445e-03  -3.3253991e-03
  -5.1057643e-02  -1.4964758e-01  -5.3726195e-01   4.9798180e-03  -8.5240684e-04  -3.7379105e-03
  -9.6159159e-02  -5.3468523e-02  -5.3116473e-01   4.0874185e-03   1.4765690e-04  -3.5535284e-03
  -6.9704495e-02  -8.8776589e-02  -5.1403840e-01   4.8482817e-03  -4.4178228e-04  -3.0941477e-03
  -3.6617749e-02  -8.6514825e-02  -4.8713437e-01   5.1007075e-03  -5.3383052e-04  -3.4193431e-03
  -3.3817824e-02  -4.3466390e-02  -5.0816110e-01   4.9788201e-03  -3.4067132e-04  -3.1016521e-03
  -1.0383803e-01  -5.8001854e-02  -5.9066135e-01   6.0029601e-03   6.5409659e-04  -3.0775836e-03
  -5.4591271e-02  -8.5773183e-02  -4.8208416e-01   4.5213694e-03  -5.5622733e-04  -3.3908570e-03
  -4.3233959e-02  -1.9947457e-02  -4.8899070e-01   4.0791791e-03  -6.6773136e-04  -3.6749242e-03
  -4.7811785e-02  -1.3883884e-02  -5.4279919e-01   5.4294525e-03  -5.6027840e-04  -3.2630288e-03
  -5.0293830e-02  -4.0349129e-02  -4.5277345e-01   5.7375389e-03  -8.6046438e-04  -3.4003599e-03
  -3.4577002e-02  -5.3195319e-02  -3.8764928e-01   4.9317727e-03  -8.8721118e-04  -3.4257817e-03
  -5.5718361e-02   5.9221380e-03  -5.0056992e-01   4.7675056e-03  -7.3650292e-04  -3.2393032e-03
  -4.8457115e-02  -9.2119885e-02  -4.4525492e-01   4.8655887e-03  -7.3450128e-04  -3.3787925e-03
  -3.1945494e-02  -4.1302697e-03  -4.6858246e-01   4.3535783e-03  -9.1331019e-04  -3.5526367e-03
  -5.0946902e-02  -9.4686566e-03  -5.4540626e-01   5.9161757e-03  -3.7713607e-04  -3.3489440e-03
  -4.4117430e-02  -2.0571718e-02  -4.0422440e-01   5.3859472e-03  -9.6796608e-04  -3.6558755e-03
  -4.9681029e-02  -7.8204068e-02  -3.9990950e-01   4.6322735e-03  -6.1969038e-04  -3.5934684e-03
  -3.2907525e-02  -5.9799338e-02  -4.7688291e-01   4.6688299e-03  -6.6281061e-04  -3.6941869e-03
  -2.8899079e-02  -2.2414636e-03  -4.7422504e-01   4.2262692e-03  -9.3120474e-04  -3.5756898e-03
  -2.9560902e-02  -3.7405752e-02  -5.1155974e-01   4.7411381e-03  -5.3716138e-04  -3.8964391e-03
  -2.8003299e-02   3.5823699e-02  -5.0606786e-01   6.0313376e-03  -9.0693722e-04  -3.1942350e-03
  -6.7416573e-02  -5.5492281e-02  -4.8607218e-01   6.6405904e-03  -8.1461373e-04  -3.5065387e-03
  -5.9011078e-02  -6.6481296e-02  -4.2706620e-01   4.8864969e-03  -5.7898780e-04  -3.5895733e-03
  -3.9669471e-02  -6.2381606e-02  -4.9148802e-01   4.6652657e-03  -8.4687815e-04  -3.2284382e-03
  -4.2178718e-02  -1.2019775e-01  -4.6854875e-01   5.6494897e-03  -5.9734705e-04  -3.4126257e-03
  -2.9456496e-02  -9.9005120e-02  -4.7196694e-01   6.0851800e-03  -7.3542848e-04  -3.6541464e-03
  -1.8133891e-02  -8.7757068e-02  -4.0379946e-01   5.4748988e-03  -9.4901003e-04  -3.4438968e-03
  -1.4357463e-02  -1.3268741e-01  -3.8425628e-01   5.3461206e-03  -7.9314787e-04  -3.6546875e-03
  -1.3041932e-02  -9.9408517e-02  -3.9148248e-01   5.2841054e-03  -1.0635087e-03  -3.4063525e-03
  -1.7174572e-02  -4.0976810e-02  -4.3846735e-01   5.2146512e-03  -9.4578183e-04  -3.6741746e-03
  -2.4914461e-02  -1.2100320e-02  -4.3370642e-01   5.1119723e-03  -1.0238729e-03  -3.5969045e-03
  -9.3426982e-03  -4.4140938e-02  -4.2216211e-01   4.3816105e-03  -1.0074513e-03  -3.3724895e-03
  -2.2967398e-02  -1.6839250e-02  -5.2581641e-01   4.8048684e-03  -1.0623808e-03  -3.6183516e-03
  -1.8257482e-02   4.7918613e-02  -5.1975070e-01   5.1146670e-03  -1.2998876e-03  -4.1949289e-03
  -3.0282813e-02  -2.9196584e-03  -5.1826315e-01   4.8944685e-03  -1.0029938e-03  -4.1126569e-03
  -7.8314197e-03   5.5989547e-03  -5.4396143e-01   4.9436358e-03  -1.2604277e-03  -3.9459229e-03
   2.6534972e-03  -3.6355563e-02  -4.9469852e-01   5.0098362e-03  -1.6677306e-03  -3.9582149e-03
   1.2679944e-02   5.3091202e-02  -5.2012855e-01   4.9056550e-03  -1.5697217e-03  -4.0990197e-03
   1.0919547e-02  -5.6667449e-02  -4.8744016e-01   5.4512717e-03  -1.4705329e-03  -3.7993788e-03
   9.2213650e-03  -5.3244530e-02  -5.0243691e-01   6.0524551e-03  -1.3352442e-03  -3.6118121e-03
  -2.6396102e-02  -7.1671255e-02  -4.8995585e-01   6.0214530e-03  -1.8333674e-03  -3.5127388e-03
  -3.3913429e-02  -5.6423601e-02  -4.7732503e-01   5.1423700e-03  -1.1776693e-03  -3.8232011e-03
  -1.5677161e-02  -8.4922667e-02  -4.9088726e-01   5.1861178e-03  -1.4479479e-03  -3.5139424e-03
   2.6168024e-03  -5.2046449e-02  -5.0236111e-01   6.0218714e-03  -1.2891348e-03  -3.7490531e-03
  -9.9475757e-03   1.3494887e-02  -5.3171202e-01   6.1015764e-03  -1.3993157e-03  -3.5567390e-03
  -3.3478764e-02  -4.7794209e-02  -4.6621338e-01   6.2398792e-03  -6.3578999e-04  -3.1850898e-03
  -1.3585563e-02  -4.6569977e-02  -4.6046779e-01   4.5145762e-03  -1.1096298e-03  -3.3339712e-03
  -1.6856439e-02   1.7939729e-02  -5.8391121e-01   7.4865514e-03  -2.0051594e-03  -4.5810314e-03
  -4.2724906e-03  -3.1680873e-02  -5.0250279e-01   7.1855360e-03  -1.7630967e-03  -4.6787623e-03
   1.3981950e-02   5.3537356e-03  -4.3927230e-01   5.4812636e-03  -2.4178775e-03  -4.4901222e-03
  -5.4166939e-03  -6.1561184e-02  -4.5904664e-01   6.5512282e-03  -2.1591902e-03  -4.2130128e-03
  -7.3824196e-03  -7.2210340e-02  -4.6139505e-01   7.0432835e-03  -1.9034689e-03  -3.8636138e-03
  -1.0202208e-02  -1.8234712e-02  -5.0613833e-01   6.6041367e-03  -1.7956792e-03  -4.3322894e-03
  -4.9742543e-02   3.8597229e-03  -5.6450380e-01   6.4178178e-03  -1.1655265e-03  -3.9767652e-03
  -1.7071416e-02   4.3307895e-02  -4.5271890e-01   5.0484175e-03  -1.9184768e-03  -4.1067304e-03
  -8.1441643e-03   3.3140002e-02  -4.9981786e-01   4.5602096e-03  -2.0825534e-03  -4.6990242e-03
  -5.6488147e-02   8.3885519e-02  -6.3276629e-01   6.2193087e-03  -1.3559622e-03  -4.0157457e-03
  -5.2746436e-02   4.2329134e-02  -6.0385615e-01   6.9302590e-03  -1.5137684e-03  -4.3381869e-03
  -4.4283088e-02   1.1773192e-02  -5.5375243e-01   1.0672109e-02  -9.6178364e-04  -4.6746868e-03
  -4.4135914e-02  -4.6202911e-02  -5.2301688e-01   1.0723417e-02   3.5297447e-04  -4.7142089e-03
  -1.9696748e-02  -6.2773217e-02  -5.6165229e-01   1.0732489e-02  -7.0165431e-05  -4.5284233e-03
  -1.2445313e-02  -1.0253695e-02  -5.7428099e-01   1.1245688e-02   5.2598464e-05  -4.7513074e-03
  -1.5784319e-02  -1.9391281e-03  -4.6729777e-01   9.9278881e-03  -1.3712910e-04  -4.4492963e-03
  -1.8739880e-02  -3.4823714e-02  -4.9093146e-01   1.1299204e-02  -2.2754859e-04  -4.0208648e-03
  -8.1466800e-03  -8.4638174e-02  -4.8601879e-01   1.1193588e-02  -7.4097951e-04  -3.9196099e-03
  -1.0819168e-02  -1.8572074e-02  -4.7345882e-01   9.7509388e-03  -6.2611853e-04  -4.5108681e-03
  -1.7451662e-02  -6.8264557e-02  -5.3806684e-01   1.0425845e-02  -2.0641208e-04  -4.5784484e-03
  -9.8227209e-03  -1.2201189e-01  -5.1355328e-01   1.1405527e-02  -4.6504949e-04  -4.5684704e-03
  -2.2530662e-02  -7.0399862e-03  -4.8816721e-01   1.0318542e-02  -3.7925553e-04  -4.5501183e-03
  -2.4634458e-02  -3.5643486e-02  -5.2433013e-01   1.0368156e-02  -5.5317516e-04  -4.4435242e-03
  -2.4935563e-02  -6.6296526e-02  -6.0294425e-01   1.0908750e-02  -2.8587699e-04  -4.7969740e-03
  -3.1230343e-02   5.7589259e-02  -5.7221849e-01   1.0078011e-02   4.1188874e-05  -4.8786139e-03
  -1.4408299e-02  -7.3997134e-03  -6.2610529e-01   1.0266572e-02  -1.9458876e-04  -5.1516542e-03
  -1.9068323e-02   1.1625912e-01  -5.7488628e-01   1.0699607e-02  -1.2331747e-04  -4.9203488e-03
  -5.4005891e-03  -3.6774519e-02  -5.1734813e-01   1.0716073e-02  -2.9802204e-04  -4.7111512e-03
  -2.7850172e-03  -7.2010999e-02  -5.1200017e-01   1.1659404e-02   6.4483130e-05  -4.9960541e-03
  -9.5357451e-03  -8.3055797e-02  -4.8725554e-01   1.0312062e-02  -3.1139945e-04  -4.8286614e-03
  -2.7494962e-02  -1.2148301e-01  -4.8637359e-01   1.0692615e-02   2.3854067e-04  -4.3868313e-03
   6.3840346e-02  -4.8234888e-02  -5.0254036e-01   1.0008453e-02  -3.0670644e-04  -3.9442673e-03
   4.7219480e-02  -3.2621783e-03  -5.0312635e-01   9.1313809e-03  -4.4521626e-04  -4.0349729e-03
  -8.9402711e-02  -4.0976545e-03  -3.9279526e-01   8.8140181e-03   6.8756828e-04  -5.6686766e-03
  -1.3200184e-01  -3.4196697e-02  -4.0812016e-01   9.6201762e-03   1.4542261e-03  -5.9752903e-03
  -9.7464704e-02  -5.6442881e-02  -4.4048695e-01   1.0434856e-02   9.0609840e-04  -5.5871988e-03
  -7.6570711e-02  -4.3722989e-02  -4.4387130e-01   1.0691624e-02   7.6229320e-04  -5.7665461e-03
  -7.9030149e-02  -5.1873440e-02  -4.2742046e-01   1.0367199e-02   8.6789089e-04  -5.5968729e-03
  -7.1678796e-02  -8.9944669e-02  -3.7696138e-01   1.0584785e-02   5.9244167e-04  -5.0258659e-03
  -7.9977594e-02  -1.2042929e-01  -3.8962440e-01   1.1509715e-02   8.1245535e-04  -5.5000830e-03
  -6.4884964e-02  -9.2036682e-02  -4.3987950e-01   1.1297064e-02   5.5742387e-04  -5.1328564e-03
  -4.5516731e-02  -8.0922043e-02  -3.9432237e-01   1.0647463e-02   3.2810426e-04  -4.3364200e-03
  -5.6783904e-02  -1.5289859e-01  -5.4409146e-01   1.0948598e-02   6.1856946e-04  -4.8958670e-03
  -7.6178561e-02  -4.9334799e-02  -5.2639771e-01   1.0547165e-02   2.0930326e-04  -5.1237610e-03
  -8.2238934e-02  -1.8891477e-02  -5.6170322e-01   1.0466561e-02   7.5346678e-04  -4.8528847e-03
  -5.8644890e-02  -1.2640544e-02  -5.8654104e-01   1.0288915e-02   4.7131264e-04  -5.0904305e-03
  -4.8271672e-02  -4.9139169e-02  -6.2346935e-01   1.1282945e-02   6.3773231e-04  -5.2527909e-03
  -3.8997462e-02   5.6462942e-02  -5.0334243e-01   1.0548894e-02   2.3194291e-04  -4.8878912e-03
  -3.4268268e-02  -2.8287121e-02  -4.5627478e-01   1.1142941e-02   2.4047250e-04  -4.5613185e-03
  -5.6547188e-02  -1.1387684e-01  -4.7253007e-01   1.1851780e-02   6.1478428e-04  -4.8507344e-03
  -5.6926517e-02  -5.6759590e-02  -4.1855026e-01   1.0057870e-02   2.7947440e-04  -4.9419364e-03
  -4.8902580e-02  -5.7778261e-02  -4.9660033e-01   9.7306509e-03   8.7501111e-05  -4.8391172e-03
  -6.2058695e-02  -1.5363105e-02  -6.6193194e-01   1.0676816e-02  -3.4992521e-04  -5.0807281e-03
  -1.1220955e-01   7.8244252e-02  -6.3981612e-01   9.9336290e-03   1.8241369e-04  -4.8106146e-03
  -1.0394461e-01   6.3058455e-02  -6.7437511e-01   1.0287597e-02   1.0210210e-04  -4.8796870e-03
  -6.5923099e-02   3.3369697e-02  -7.3352213e-01   1.0312550e-02  -3.0896278e-04  -4.7499350e-03
  -9.9752855e-02   8.5060589e-02  -6.8436095e-01   9.8917563e-03   2.0182311e-04  -4.1052880e-03
  -1.2917838e-01   2.9071851e-02  -7.3030056e-01   1.0376297e-02   6.1726863e-04  -3.6488848e-03
  -1.0084977e-01   4.6217413e-02  -6.9108842e-01   1.0018271e-02   1.3381227e-04  -4.7451786e-03
  -9.5043427e-02   1.6489199e-01  -6.6329065e-01   9.5907791e-03   4.7431940e-04  -4.1685740e-03
  -8.3557585e-02   5.4858281e-02  -6.4609423e-01   1.0392587e-02   5.4516625e-04  -3.5995002e-03
  -1.1242441e-01   4.2352236e-02  -6.9163399e-01   1.1471322e-02   7.6293618e-04  -3.6208390e-03
  -9.7553016e-02   7.8960138e-03  -6.1542394e-01   9.6298695e-03   9.1559646e-04  -3.9531089e-03
  -8.3419849e-02   6.1049563e-02  -6.6203895e-01   9.4186982e-03   7.7033744e-04  -4.0183526e-03
  -7.1409640e-02   7.2651772e-02  -6.5954871e-01   1.0192807e-02   1.5273684e-04  -3.7701618e-03
  -6.1796809e-02   1.0730277e-01  -6.4081703e-01   1.0174710e-02   2.4497751e-04  -4.0530332e-03
  -9.1783079e-02   3.7806359e-02  -6.5965012e-01   1.1001654e-02   1.1057368e-03  -3.7932342e-03
  -9.3257608e-02  -7.0506196e-04  -7.0984172e-01   1.1196727e-02   9.8669696e-04  -3.8366576e-03
  -1.3149015e-01   7.1648686e-02  -7.2090548e-01   1.0580051e-02   2.0765002e-03  -3.4177642e-03
  -1.1368904e-01   3.0796277e-02  -6.5304957e-01   1.0176058e-02   1.5923603e-03  -3.7378978e-03
  -9.6448862e-02   6.7883128e-02  -6.7316772e-01   9.9898668e-03   1.7283252e-03  -4.0931780e-03
  -8.1660215e-02   2.0912666e-02  -6.2316683e-01   1.0219869e-02   1.4293901e-03  -3.3764105e-03
  -8.1163346e-02   1.0001069e-02  -5.9271706e-01   1.0530803e-02   1.2568908e-03  -3.5587868e-03
  -7.9826899e-02   2.9953629e-02  -6.1134102e-01   1.0144751e-02   1.2257052e-03  -3.8301032e-03
  -7.4921208e-02  -1.1428708e-02  -5.5423895e-01   9.7324709e-03   9.5110934e-04  -3.6933231e-03
  -6.5703084e-02  -8.1417215e-02  -5.2194353e-01   1.0180449e-02   1.0006219e-03  -3.5900990e-03
  -6.1467446e-02  -4.6322832e-02  -5.5678109e-01   1.0386902e-02   1.0600404e-03  -3.4247724e-03
  -6.7531380e-02  -1.4807943e-02  -5.5196637e-01   1.0376190e-02   8.5886864e-04  -3.5375980e-03
  -6.4368859e-02  -1.1169862e-02  -5.6710411e-01   1.0072106e-02   8.4990832e-04  -3.7888039e-03
  -6.6157111e-02   2.6288135e-03  -5.7147743e-01   9.0412473e-03   9.4271833e-04  -3.8348031e-03
  -6.6786571e-02  -9.9795965e-03  -6.2842496e-01   9.9837153e-03   8.2684441e-04  -3.5170345e-03
  -5.3181066e-02  -4.1086903e-02  -6.7958015e-01   1.0535198e-02   5.2199241e-04  -3.7045979e-03
  -6.9456261e-02   1.1943511e-03  -7.1866193e-01   8.4718640e-03   1.0069040e-03  -3.9186339e-03
  -5.6074998e-02   6.5868993e-03  -7.3017957e-01   9.4192276e-03   7.2054106e-04  -3.9416518e-03
  -5.0003992e-02  -2.6686052e-03  -7.6165641e-01   9.3351104e-03   8.1615933e-04  -4.3829202e-03
  -9.8198092e-02   4.8125602e-02  -7.2623736e-01   1.0116183e-02   1.3314498e-03  -3.6069870e-03
  -9.3746033e-02   1.9043640e-02  -7.1835016e-01   1.0425606e-02   6.9897154e-04  -3.8650890e-03
  -1.0730869e-01  -2.0433387e-02  -6.6404892e-01   9.6063373e-03   6.7445427e-04  -4.4660694e-03
  -1.5069125e-01   5.4037041e-02  -8.3200500e-01   1.0495807e-02   2.1896147e-03  -3.8438809e-03
  -1.0716268e-01   5.5722474e-02  -7.4599102e-01   1.0344112e-02   1.1432326e-03  -3.9687117e-03
  -8.6780097e-02   1.0198644e-01  -7.5379472e-01   9.6670769e-03   1.2548224e-03  -4.2078166e-03
  -8.0280352e-02   2.0444830e-02  -6.6833165e-01   1.0220415e-02   1.2527384e-03  -3.9298096e-03
  -9.2872397e-02  -3.0594046e-02  -6.6419867e-01   1.0858718e-02   1.6678458e-03  -3.7025037e-03
  -1.3548494e-01  -6.7002784e-03  -6.3381500e-01   9.6583023e-03   1.5305119e-03  -4.1727548e-03
  -1.6842696e-01   8.9255926e-03  -6.3699549e-01   8.2421166e-03   1.8993136e-03  -4.0352462e-03
  -1.4107217e-01  -8.2323969e-02  -7.1325644e-01   9.7444174e-03   1.2500849e-03  -3.7685327e-03
  -1.2605954e-01   2.8609681e-02  -5.1819107e-01   7.5624573e-03   3.1699851e-05  -4.4819830e-03
  -1.8345024e-01   1.6359511e-02  -6.9718110e-01   7.8876325e-03   5.9432480e-04  -4.1339014e-03
  -1.6672551e-01   2.3203707e-03  -7.6738942e-01   7.8291682e-03   5.3857867e-04  -4.7014316e-03
  -1.6475127e-01   8.4228377e-02  -7.7595694e-01   9.5171443e-03   2.9568810e-04  -4.1514961e-03
  -1.7298393e-01   6.1538877e-02  -6.8376451e-01   9.4672161e-03   3.3129174e-04  -4.2669266e-03
  -1.7082710e-01   1.0650623e-02  -6.5074545e-01   9.0021385e-03   2.4220017e-04  -4.3607371e-03
  -1.5751988e-01  -7.5595767e-02  -6.1144139e-01   8.9939865e-03  -4.4466866e-05  -3.9709388e-03
  -1.7225890e-01  -7.1695662e-02  -6.2136808e-01   9.4543696e-03   2.1623845e-04  -4.4018016e-03
  -1.6342004e-01  -8.8792811e-03  -6.2234897e-01   9.6746035e-03  -3.3267622e-04  -3.9852047e-03
  -1.5226382e-01   4.5946567e-03  -6.3832247e-01   9.0078010e-03  -1.8267450e-04  -4.2531244e-03
  -1.5394172e-01  -6.2335493e-02  -6.1546690e-01   8.7409005e-03  -2.5651038e-04  -4.1804301e-03
  -1.6417990e-01  -1.2227744e-01  -6.3217072e-01   8.9512656e-03   1.1890111e-04  -4.3904086e-03
  -1.5387485e-01  -6.5878760e-02  -6.5792430e-01   9.0851254e-03  -2.6279718e-04  -4.1933278e-03
  -1.5299462e-01  -4.3327356e-02  -6.8670759e-01   9.2388043e-03  -4.1300109e-04  -4.1035817e-03
  -1.4391897e-01  -4.5340157e-02  -6.7450347e-01   9.0629985e-03  -4.5351516e-04  -4.3122229e-03
  -1.3534041e-01  -3.9858059e-02  -6.8909259e-01   8.5560295e-03  -5.1855227e-04  -4.1425789e-03
