   0.0000000e+00   0.0000000e+00   0.0000000e+00   0.0000000e+00   0.0000000e+00   0.0000000e+00
  -3.5417114e-03  -3.3415901e-02  -3.1934739e-02   1.7992739e-04  -2.1780657e-06  -4.0716516e-05
  -5.8104393e-03  -5.6908349e-02  -5.9020939e-02   4.3117814e-04   1.4189777e-05  -1.2232031e-05
   9.5173528e-03  -8.1528350e-02  -4.9806721e-02   8.0483939e-04  -2.1858437e-04   3.4923045e-05
   1.7922299e-02  -8.7059033e-02  -4.0015115e-02   9.4264786e-04  -2.3727619e-04   1.7074259e-04
  -8.5714285e-03  -1.6806520e-01  -4.5887793e-02   1.1562218e-03   1.1066309e-04   2.6712429e-04
  -1.3749857e-02  -2.0174398e-01  -1.5799646e-02   2.3665411e-03   4.6855308e-04   1.7012511e-04
  -1.2289069e-02  -2.0006377e-01  -2.3213084e-03   2.8862633e-03   4.3783065e-04   6.4393610e-05
  -2.1672411e-02  -2.4053358e-01   7.3130312e-03   4.0351332e-03   4.9987222e-04  -2.0309250e-04
  -1.4006761e-02  -2.2017926e-01   1.6742176e-02   4.4932796e-03   4.9000445e-04  -2.4433903e-04
  -5.5019844e-02  -2.5713501e-01   3.5152477e-02   4.9998737e-03   1.1178108e-03  -3.3313735e-04
  -2.5928346e-02  -3.0647458e-01   6.1735989e-02   6.1709149e-03   5.6885478e-04  -8.3251846e-04
  -7.3777712e-03  -3.5073572e-01   9.0692608e-02   6.2735315e-03   6.8628844e-05  -9.6090046e-04
  -1.2687798e-02  -4.1750604e-01   1.0795029e-01   6.5784056e-03   1.7278237e-04  -8.4468884e-04
  -1.8596598e-02  -3.9580666e-01   1.2729201e-01   6.4491479e-03   3.1987324e-04  -6.9777603e-04
  -3.9731771e-02  -3.3081585e-01   1.4899169e-01   6.3791134e-03   4.5346031e-04  -8.1463263e-04
  -6.2778979e-02  -3.9628257e-01   1.5927674e-01   6.7356698e-03   5.3080075e-04  -9.9432444e-04
  -4.1852525e-02  -3.1843103e-01   1.5498919e-01   7.0804631e-03   5.0160255e-04  -1.0522759e-03
  -5.5584245e-02  -3.9050788e-01   1.6582069e-01   7.7462092e-03   8.2141744e-04  -1.0666612e-03
  -3.5731958e-02  -3.9153723e-01   1.5813283e-01   8.1179629e-03   4.7778756e-04  -1.0022206e-03
  -4.4737045e-02  -4.3605427e-01   1.4699217e-01   8.9184685e-03   5.2019698e-04  -1.2746155e-03
  -5.9927636e-02  -3.9571113e-01   1.6310398e-01   8.4590112e-03   1.0898653e-03  -9.3578917e-04
  -7.6286932e-02  -4.4203798e-01   1.9502786e-01   8.2777561e-03   1.2701185e-03  -9.6973565e-04
  -6.5184624e-02  -4.0510379e-01   2.0981005e-01   8.4011014e-03   1.2811912e-03  -1.1535028e-03
  -9.5218476e-02  -4.9021667e-01   2.0109037e-01   8.9790532e-03   1.4445821e-03  -1.2654206e-03
  -8.3809202e-02  -5.3393061e-01   1.8491248e-01   1.0106447e-02   1.2889473e-03  -1.3026455e-03
  -7.4929597e-02  -4.1716065e-01   2.0887903e-01   9.4639562e-03   1.4541185e-03  -1.2024838e-03
  -7.0370441e-02  -4.3399334e-01   2.0834464e-01   8.6843552e-03   1.2613161e-03  -1.1582398e-03
  -9.1727019e-02  -5.1945689e-01   2.2801891e-01   1.0230749e-02   2.0666121e-03  -8.6190375e-04
  -8.7693518e-02  -5.0509410e-01   2.4827805e-01   1.0962558e-02   1.9930561e-03  -8.3302597e-04
  -1.0701362e-01  -5.3874527e-01   2.7433273e-01   1.0921809e-02   1.9936636e-03  -9.7501795e-04
  -1.1530970e-01  -5.0560310e-01   2.9629791e-01   1.0418415e-02   1.8906413e-03  -1.1575634e-03
  -1.2433739e-01  -5.2548120e-01   2.8801135e-01   1.0371238e-02   1.9571276e-03  -1.1947414e-03
  -1.2617774e-01  -5.8475417e-01   3.2034201e-01   1.1252962e-02   1.6702914e-03  -1.5260171e-03
  -1.8249838e-01  -6.4636860e-01   3.1477519e-01   1.2915326e-02   2.4703858e-03  -2.8838869e-03
  -1.5445514e-01  -6.5232634e-01   4.0076438e-01   1.2895125e-02   1.7964485e-03  -3.0215823e-03
  -1.5831570e-01  -5.6453638e-01   4.0802467e-01   1.2886523e-02   1.8737839e-03  -3.0904030e-03
  -1.9192405e-01  -6.0848393e-01   4.3677245e-01   1.3243780e-02   2.2865948e-03  -3.0101262e-03
  -1.8434956e-01  -5.7645391e-01   4.4827807e-01   1.3635203e-02   2.1689600e-03  -2.7833357e-03
  -2.0990024e-01  -7.0716675e-01   4.7457447e-01   1.4050030e-02   2.1890663e-03  -2.8518282e-03
  -1.9537669e-01  -7.0716284e-01   4.8537201e-01   1.4548009e-02   1.9393754e-03  -3.0435093e-03
  -1.7941928e-01  -7.1279334e-01   5.0127904e-01   1.5018167e-02   1.8152766e-03  -3.1261299e-03
  -1.9329085e-01  -7.4167792e-01   4.9081356e-01   1.4863547e-02   1.9485301e-03  -2.8935941e-03
  -1.6490064e-01  -7.4127346e-01   5.2573213e-01   1.5185604e-02   1.8634353e-03  -2.8515579e-03
  -1.2439919e-01  -7.7752844e-01   4.9530123e-01   1.5351769e-02   8.2039938e-04  -2.8764806e-03
  -1.2950791e-01  -7.3258464e-01   5.0583387e-01   1.5300186e-02   8.8394701e-04  -2.4996351e-03
  -1.6570939e-01  -6.9221759e-01   5.2176857e-01   1.4959796e-02   1.4457460e-03  -2.4994222e-03
  -1.8895874e-01  -7.3836931e-01   5.4588105e-01   1.5263656e-02   1.7587732e-03  -2.4648585e-03
  -1.8447375e-01  -7.1942543e-01   5.7217993e-01   1.5041426e-02   1.7321560e-03  -2.3728676e-03
  -1.8524239e-01  -7.3478810e-01   5.9955886e-01   1.5148274e-02   1.7999777e-03  -2.2827315e-03
  -2.0868786e-01  -7.4283806e-01   5.7900942e-01   1.5556468e-02   2.0033532e-03  -2.1608030e-03
  -1.9917932e-01  -7.1077520e-01   5.7598735e-01   1.5948169e-02   1.8554235e-03  -2.0726506e-03
  -2.1784987e-01  -7.5815700e-01   5.9692155e-01   1.6047233e-02   2.1073698e-03  -2.2749858e-03
  -2.3454403e-01  -7.7498780e-01   6.0759918e-01   1.6234585e-02   2.2972864e-03  -2.4230543e-03
  -2.5220594e-01  -7.9768681e-01   6.2027515e-01   1.6534295e-02   2.4401800e-03  -2.4496601e-03
  -2.4698318e-01  -8.9057585e-01   6.2255926e-01   1.7740248e-02   2.1687232e-03  -2.6762534e-03
  -2.0594694e-01  -8.3922449e-01   6.6077430e-01   1.8832995e-02   1.8406394e-03  -2.8295794e-03
  -2.4474004e-01  -8.5272871e-01   6.5599066e-01   1.7897926e-02   2.1963345e-03  -2.8279598e-03
  -2.2088452e-01  -9.2256005e-01   6.7856509e-01   1.8938581e-02   1.9855744e-03  -2.8328247e-03
  -2.3642564e-01  -8.5381338e-01   6.9366172e-01   1.9097150e-02   2.5106024e-03  -2.7389508e-03
  -2.3781951e-01  -9.0740046e-01   7.2612016e-01   1.9727292e-02   2.4072001e-03  -2.8509628e-03
  -2.1927802e-01  -9.0972945e-01   7.5428859e-01   2.0135025e-02   2.1746419e-03  -2.9580425e-03
  -2.5876954e-01  -9.2600299e-01   7.6916009e-01   1.9142757e-02   2.5260950e-03  -2.9767961e-03
  -2.3368607e-01  -9.3442525e-01   7.6618303e-01   1.9651420e-02   2.2425590e-03  -2.7021967e-03
  -2.2758109e-01  -9.7756775e-01   7.6865775e-01   2.0130021e-02   1.8355225e-03  -2.9303808e-03
  -2.5596159e-01  -1.0137855e+00   7.7898060e-01   2.0081783e-02   2.4326001e-03  -2.8982665e-03
  -2.3798481e-01  -8.9961168e-01   7.9299654e-01   1.9945126e-02   2.5202920e-03  -2.8078501e-03
  -2.5278636e-01  -9.5808405e-01   8.0063118e-01   1.9975281e-02   2.5980997e-03  -2.8852532e-03
  -2.6389942e-01  -1.0138025e+00   8.1641552e-01   2.0617394e-02   2.4550713e-03  -3.0403172e-03
  -2.6859262e-01  -9.9320829e-01   8.2295068e-01   2.1332624e-02   2.7809959e-03  -3.0448673e-03
  -2.7731980e-01  -1.0031759e+00   8.3048867e-01   2.1102847e-02   2.8266919e-03  -2.7324308e-03
  -2.6933524e-01  -9.5244102e-01   8.3014027e-01   2.1354009e-02   2.8117342e-03  -2.7869824e-03
  -2.7706437e-01  -9.4169106e-01   8.9792644e-01   1.9889709e-02   2.8035712e-03  -2.9451326e-03
  -6.0931836e-02  -2.2815340e-01   9.1049838e-01   4.1016223e-03   6.1338020e-04   3.2086534e-03
  -2.1074911e-03  -5.9597343e-01   9.6127939e-01   1.2911616e-02  -7.5405053e-04   2.2353474e-03
  -1.7614836e-02  -6.5103317e-01   9.4084704e-01   1.4600520e-02  -2.9101234e-04   1.8185664e-03
  -6.1887291e-02  -7.3492467e-01   9.6531383e-01   1.5877916e-02   6.7709481e-05   8.6641922e-04
  -9.2244526e-02  -7.5001806e-01   9.9100275e-01   1.5707030e-02   3.9603590e-04   4.4027947e-04
  -1.0314340e-01  -7.4481157e-01   9.8670294e-01   1.6229193e-02   5.3755427e-04  -9.0176097e-05
  -1.2916449e-01  -7.6540999e-01   9.8943018e-01   1.6889609e-02   8.2546644e-04  -3.1923814e-04
  -1.4324682e-01  -8.0113846e-01   9.9761870e-01   1.7520197e-02   9.7766667e-04  -6.1985115e-04
  -1.5607033e-01  -8.6041207e-01   1.0133272e+00   1.8092742e-02   1.1558585e-03  -6.7787238e-04
  -1.7185134e-01  -9.3045856e-01   1.0247164e+00   1.9010024e-02   1.3012035e-03  -9.7647572e-04
  -1.9233247e-01  -9.8230036e-01   1.0406124e+00   1.9057502e-02   1.4018553e-03  -1.0773525e-03
  -1.8145852e-01  -8.9923526e-01   1.0421972e+00   1.9630688e-02   1.6099323e-03  -1.2306771e-03
  -1.7667123e-01  -9.5441202e-01   1.0220966e+00   2.0456226e-02   1.3480227e-03  -1.4659190e-03
  -2.0045895e-01  -9.4771463e-01   1.0430100e+00   2.1039116e-02   1.3444436e-03  -1.9305725e-03
  -1.8069166e-01  -8.7246891e-01   1.0593419e+00   2.1011911e-02   1.1975599e-03  -1.9053992e-03
  -2.0624491e-01  -9.7854105e-01   1.0731201e+00   2.0985339e-02   1.3853814e-03  -1.7757150e-03
  -2.2494936e-01  -9.3795018e-01   1.0909763e+00   2.0540813e-02   1.5700752e-03  -1.8585784e-03
  -2.2615408e-01  -9.6737824e-01   1.1028347e+00   2.0741048e-02   1.5444743e-03  -2.0290515e-03
  -2.4160101e-01  -9.8809086e-01   1.1037201e+00   2.1396208e-02   1.8103470e-03  -2.0475224e-03
  -2.3950140e-01  -9.2902430e-01   1.1011140e+00   2.1199320e-02   1.7978872e-03  -2.1275296e-03
  -2.5875370e-01  -9.4676000e-01   1.1070308e+00   2.0953052e-02   2.0071600e-03  -2.1618439e-03
  -2.4835292e-01  -1.0012033e+00   1.1126023e+00   2.1615212e-02   1.9896020e-03  -2.1570892e-03
  -2.6777776e-01  -1.0341153e+00   1.1086605e+00   2.1795531e-02   2.1975637e-03  -2.2521768e-03
  -2.4078193e-01  -1.0188180e+00   1.1211465e+00   2.1833383e-02   1.7846343e-03  -2.3234703e-03
  -2.5507471e-01  -1.0388419e+00   1.1061782e+00   2.1857554e-02   1.7111870e-03  -2.6073950e-03
  -2.5975392e-01  -9.9945869e-01   1.0956067e+00   2.2290553e-02   1.9685622e-03  -2.7131757e-03
  -2.4736518e-01  -9.3787481e-01   1.1106151e+00   2.1747279e-02   1.9980545e-03  -2.5439510e-03
  -2.6315990e-01  -1.0755302e+00   1.1159878e+00   2.2403240e-02   1.9035698e-03  -2.7848548e-03
  -2.5765645e-01  -1.1241521e+00   1.1311548e+00   2.4059856e-02   1.8643710e-03  -2.9087402e-03
  -2.6399268e-01  -1.1420140e+00   1.1291381e+00   2.4247405e-02   1.9118659e-03  -2.8502380e-03
  -2.7357471e-01  -1.0949391e+00   1.1488406e+00   2.3917838e-02   1.8398980e-03  -3.1012804e-03
  -2.8659065e-01  -1.1333033e+00   1.1673431e+00   2.4026954e-02   1.9547324e-03  -2.9920227e-03
  -2.9785914e-01  -1.1282390e+00   1.1726909e+00   2.4125956e-02   2.0713450e-03  -2.9660076e-03
  -3.0750291e-01  -1.0646456e+00   1.1684130e+00   2.4379017e-02   2.3188927e-03  -3.0257801e-03
  -2.8578597e-01  -1.0861688e+00   1.1802235e+00   2.4843591e-02   1.8975511e-03  -3.3720112e-03
  -2.9877424e-01  -1.1519869e+00   1.1907208e+00   2.4936648e-02   1.9440160e-03  -3.3189758e-03
  -3.0468987e-01  -1.1657259e+00   1.2062263e+00   2.4486046e-02   1.9584672e-03  -3.3848696e-03
  -3.0529691e-01  -1.1265439e+00   1.1654978e+00   2.4262569e-02   2.1402932e-03  -3.2801185e-03
  -3.2423598e-01  -1.1491202e+00   1.1676725e+00   2.5006025e-02   2.3434455e-03  -3.5592346e-03
  -3.0408089e-01  -1.0978917e+00   1.1893616e+00   2.5299070e-02   2.1981455e-03  -3.5517798e-03
  -3.2714776e-01  -1.1675746e+00   1.1893190e+00   2.5290326e-02   2.3163347e-03  -3.7382638e-03
  -3.3612011e-01  -1.1486913e+00   1.2024667e+00   2.5340059e-02   2.4981005e-03  -3.7992731e-03
  -3.3969012e-01  -1.1891512e+00   1.1862306e+00   2.5472932e-02   2.7583025e-03  -3.4991226e-03
  -3.3053110e-01  -1.2488031e+00   1.1851709e+00   2.6250174e-02   2.6637645e-03  -3.3371841e-03
  -3.2853892e-01  -1.2179852e+00   1.1938350e+00   2.6651011e-02   2.6693437e-03  -3.3514148e-03
  -3.3887995e-01  -1.1988799e+00   1.1839733e+00   2.6434501e-02   2.8987738e-03  -3.2798054e-03
  -3.3956014e-01  -1.2663626e+00   1.1819802e+00   2.6787351e-02   2.7605821e-03  -3.2691197e-03
  -3.3822396e-01  -1.2513744e+00   1.2054643e+00   2.6749839e-02   2.9054916e-03  -3.1881918e-03
  -3.3420361e-01  -1.0754015e+00   1.3273428e+00   2.2917441e-02   2.2164664e-03  -2.9786139e-03
  -2.8872454e-01  -1.1275164e+00   1.3944898e+00   2.3717364e-02   1.1571726e-03  -2.6059181e-03
  -2.9330045e-01  -1.1964896e+00   1.4097738e+00   2.5515295e-02   1.7226870e-03  -2.1555702e-03
  -3.0106668e-01  -1.2288492e+00   1.3510999e+00   2.6573155e-02   1.9648978e-03  -1.9349251e-03
  -3.0399509e-01  -1.2237915e+00   1.3502907e+00   2.6220685e-02   1.7161051e-03  -2.2611212e-03
  -3.2763044e-01  -1.2946749e+00   1.3097829e+00   2.6732221e-02   1.9775275e-03  -2.3929105e-03
  -3.5275364e-01  -1.3362858e+00   1.3103817e+00   2.7870977e-02   2.7732819e-03  -2.4614204e-03
  -4.0756908e-01  -1.3160495e+00   1.3292207e+00   2.7672465e-02   5.0637364e-03  -7.5041427e-04
  -4.3433641e-01  -1.3314279e+00   1.2546334e+00   2.7265873e-02   5.0388962e-03  -9.7889456e-04
  -4.3903134e-01  -1.2996047e+00   1.2988921e+00   2.7934391e-02   4.6579840e-03  -1.6282957e-03
  -4.6655575e-01  -1.3468543e+00   1.3158333e+00   2.8708694e-02   4.5996317e-03  -2.0264356e-03
  -4.8559915e-01  -1.3385767e+00   1.3330398e+00   2.8688067e-02   4.9040172e-03  -2.1974889e-03
  -6.9779950e-01  -1.3630002e+00   2.0272918e+00   2.9310259e-02   1.6029968e-02   3.2222613e-03
  -4.6200863e-01  -1.2585559e+00   1.8893406e+00   2.7979215e-02   1.1799605e-02   2.5219548e-03
  -5.2470562e-01  -1.3901756e+00   1.8054648e+00   3.0580398e-02   1.0959260e-02   1.1296488e-03
  -5.4530403e-01  -1.3454229e+00   1.7813692e+00   3.0750412e-02   1.0745501e-02   7.2461044e-04
  -5.9300544e-01  -1.3850253e+00   1.7834502e+00   3.1115231e-02   1.1316932e-02   6.7721525e-04
  -6.1335452e-01  -1.4220627e+00   1.7590886e+00   3.1129808e-02   1.1378234e-02   4.9583243e-04
  -6.1718961e-01  -1.3485772e+00   1.7450728e+00   3.2117200e-02   1.1585590e-02   3.1203651e-04
  -6.2483296e-01  -1.4440406e+00   1.7584790e+00   3.2474731e-02   1.1337592e-02   2.8121196e-04
  -6.1901293e-01  -1.4291719e+00   1.7690255e+00   3.2570250e-02   1.1165981e-02   1.4408653e-04
  -6.3745088e-01  -1.4953687e+00   1.7596102e+00   3.2883038e-02   1.1239973e-02   1.0308995e-04
  -6.1078021e-01  -1.4249346e+00   1.7363290e+00   3.2904034e-02   1.0751205e-02   2.6522439e-05
  -6.2295350e-01  -1.4419464e+00   1.7282050e+00   3.3480515e-02   1.1204944e-02   1.8525805e-04
  -6.4180876e-01  -1.4597267e+00   1.7174460e+00   3.3248165e-02   1.1523790e-02   4.4446892e-04
  -6.2426934e-01  -1.4236436e+00   1.6634740e+00   3.2642568e-02   1.0924175e-02   3.6237211e-05
  -6.4064985e-01  -1.4012329e+00   1.6828706e+00   3.2700531e-02   1.0698004e-02  -6.7792770e-04
  -6.5967698e-01  -1.4748083e+00   1.7089895e+00   3.3440338e-02   1.0684196e-02  -8.5608935e-04
  -6.6217826e-01  -1.4836470e+00   1.7207999e+00   3.3802364e-02   1.0546435e-02  -1.1098170e-03
  -6.7560664e-01  -1.4942036e+00   1.7199946e+00   3.4039577e-02   1.0842383e-02  -9.9787816e-04
  -6.7860044e-01  -1.4863007e+00   1.7116944e+00   3.4150140e-02   1.0805318e-02  -1.1026086e-03
  -7.0802799e-01  -1.5181886e+00   1.7245447e+00   3.4168643e-02   1.1286160e-02  -9.3667531e-04
  -6.9457704e-01  -1.5191672e+00   1.7388748e+00   3.4721559e-02   1.1929130e-02  -4.9621817e-04
  -7.1699262e-01  -1.5840265e+00   1.7261079e+00   3.5226420e-02   1.1902904e-02  -5.6161620e-04
  -6.8958033e-01  -1.5176683e+00   1.6913931e+00   3.5254947e-02   1.1458592e-02  -7.2419550e-04
  -6.8886154e-01  -1.5162717e+00   1.7166819e+00   3.5292674e-02   1.1448591e-02  -4.4490084e-04
  -6.9956021e-01  -1.5487975e+00   1.7260759e+00   3.5559153e-02   1.1720359e-02  -3.5467711e-04
  -7.1412976e-01  -1.5736672e+00   1.7085701e+00   3.5401298e-02   1.1803155e-02  -2.3281448e-04
  -6.9539768e-01  -1.6018419e+00   1.7177392e+00   3.5803432e-02   1.1463597e-02   2.3866593e-05
  -6.7533536e-01  -1.5285034e+00   1.7460930e+00   3.5647390e-02   1.1550469e-02   4.3683358e-04
  -6.9363879e-01  -1.5564966e+00   1.7440454e+00   3.5417692e-02   1.1586857e-02   6.0581584e-04
  -6.8687925e-01  -1.5585143e+00   1.7080131e+00   3.6021186e-02   1.1416885e-02   5.3469878e-04
  -6.8511589e-01  -1.5431869e+00   1.7199614e+00   3.5722111e-02   1.1388523e-02   6.5665114e-04
  -6.8150519e-01  -1.5165782e+00   1.7130702e+00   3.5203566e-02   1.1274654e-02   6.0657584e-04
  -6.9607109e-01  -1.4861577e+00   1.6876955e+00   3.5273799e-02   1.1608086e-02   7.7468321e-04
  -6.6912872e-01  -1.5260275e+00   1.6930422e+00   3.6025263e-02   1.1304139e-02   8.8922406e-04
  -6.6970733e-01  -1.5616361e+00   1.6891724e+00   3.5921713e-02   1.1191563e-02   8.3771210e-04
  -6.8101229e-01  -1.5720705e+00   1.6633948e+00   3.5885831e-02   1.1206794e-02   6.7158359e-04
  -6.6022063e-01  -1.4771327e+00   1.6468370e+00   3.6312567e-02   1.1355728e-02   7.7885489e-04
  -6.7585300e-01  -1.6557297e+00   1.6823119e+00   3.6476583e-02   1.1138120e-02   6.5480864e-04
  -6.6011217e-01  -1.5727371e+00   1.6819158e+00   3.6241715e-02   1.1015352e-02   6.1753896e-04
  -6.6735376e-01  -1.5707795e+00   1.6878032e+00   3.6201091e-02   1.1075095e-02   7.1391181e-04
  -6.8142362e-01  -1.6086254e+00   1.6912039e+00   3.6921025e-02   1.1266729e-02   7.1078142e-04
  -6.6473271e-01  -1.5892504e+00   1.7007271e+00   3.6631012e-02   1.0927795e-02   6.3439237e-04
  -6.8150967e-01  -1.6447351e+00   1.6745633e+00   3.6295524e-02   1.0811348e-02   4.0773493e-04
  -6.9809732e-01  -1.5571483e+00   1.6726992e+00   3.5998792e-02   1.1238344e-02   2.9393793e-04
  -6.3371238e-01  -1.6517889e+00   1.7541468e+00   3.6033691e-02   1.0673083e-02   1.1472262e-03
  -6.5114057e-01  -1.9719637e+00   1.7062563e+00   3.8499538e-02   1.0389936e-02   1.2287122e-03
  -5.4836376e-01  -1.7517986e+00   1.5346694e+00   3.8087473e-02   8.7311442e-03   9.4814040e-04
  -4.8470203e-01  -1.5467034e+00   1.5057063e+00   3.8065357e-02   7.8203785e-03   9.5898337e-04
  -5.3700880e-01  -1.6350526e+00   1.5586311e+00   3.8393980e-02   8.3714993e-03   1.0369729e-03
  -5.5863663e-01  -1.6556455e+00   1.5901286e+00   3.8405382e-02   8.5389949e-03   1.1893369e-03
  -5.7756032e-01  -1.6797681e+00   1.6444764e+00   3.8532997e-02   8.7712186e-03   1.1854525e-03
  -5.7142663e-01  -1.6826510e+00   1.6170522e+00   3.8686852e-02   8.5914806e-03   1.3044932e-03
  -4.9843586e-01  -1.4719444e+00   1.5148133e+00   3.8178199e-02   7.9781210e-03   1.4053827e-03
  -5.2421191e-01  -1.5999951e+00   1.4790879e+00   3.8577884e-02   7.9172826e-03   1.2396874e-03
  -5.2291124e-01  -1.5616793e+00   1.4506791e+00   3.8039553e-02   7.5223220e-03   8.6950494e-04
  -5.3058027e-01  -1.6063923e+00   1.4476174e+00   3.7813368e-02   7.3012157e-03   5.5987383e-04
  -5.5145391e-01  -1.6016770e+00   1.4619056e+00   3.7945399e-02   7.4596740e-03   3.5171616e-04
  -5.7216849e-01  -1.6824248e+00   1.4633572e+00   3.8214413e-02   7.5628679e-03   2.3836071e-04
  -5.7436002e-01  -1.6675668e+00   1.4845452e+00   3.7931344e-02   7.4069978e-03   2.2793611e-04
  -5.5031713e-01  -1.5961699e+00   1.4743026e+00   3.7651283e-02   7.0786392e-03   1.3765548e-04
  -5.6316546e-01  -1.6500534e+00   1.4749973e+00   3.7181749e-02   7.2775826e-03   9.4775367e-04
  -5.1756477e-01  -1.6877534e+00   1.4165726e+00   3.8756124e-02   6.5233697e-03   5.3646515e-04
  -5.1002438e-01  -1.5484104e+00   1.3961662e+00   3.7900608e-02   6.3878240e-03   5.2293254e-04
  -5.4257311e-01  -1.5497201e+00   1.3891233e+00   3.6996038e-02   6.6355162e-03   6.6625688e-04
  -5.3344822e-01  -1.6175338e+00   1.3977118e+00   3.7446871e-02   6.3960287e-03   5.8230451e-04
  -5.4383533e-01  -1.6522119e+00   1.4244397e+00   3.7655858e-02   6.6047140e-03   5.2676801e-04
  -5.0647909e-01  -1.6014425e+00   1.4380590e+00   3.7572073e-02   6.2159256e-03   6.3168960e-04
  -5.1256099e-01  -1.6248037e+00   1.4389167e+00   3.8022579e-02   6.3295087e-03   5.3972269e-04
  -5.2510597e-01  -1.5774232e+00   1.4518115e+00   3.7844908e-02   7.0452192e-03   1.0404865e-03
  -4.8266515e-01  -1.4961162e+00   1.4624243e+00   3.6296830e-02   6.6349373e-03   1.1974048e-03
  -4.8967723e-01  -1.5523537e+00   1.4568047e+00   3.6683159e-02   6.4994347e-03   1.0683812e-03
  -5.0715915e-01  -1.5745815e+00   1.4543505e+00   3.6571790e-02   6.5249318e-03   1.1156390e-03
  -5.2611923e-01  -1.5700674e+00   1.4514382e+00   3.6460400e-02   6.5666931e-03   1.0165501e-03
  -5.0699748e-01  -1.5982850e+00   1.4177755e+00   3.6635055e-02   6.1885476e-03   7.8901845e-04
  -5.0892590e-01  -1.5716797e+00   1.4015240e+00   3.6763934e-02   6.1877931e-03   7.8808155e-04
  -5.1465009e-01  -1.5924414e+00   1.4035167e+00   3.6806185e-02   6.1773910e-03   7.1467350e-04
  -4.9722948e-01  -1.5056847e+00   1.3802681e+00   3.6729899e-02   6.0422557e-03   5.5255559e-04
  -5.2513817e-01  -1.5131729e+00   1.3519552e+00   3.6796019e-02   6.4354845e-03   4.9298309e-04
  -5.0573991e-01  -1.5410935e+00   1.3518937e+00   3.7497900e-02   6.1651830e-03   3.8374866e-04
  -5.1257478e-01  -1.6205186e+00   1.3797055e+00   3.7622669e-02   6.0935678e-03   4.6003276e-04
  -5.1189551e-01  -1.6150234e+00   1.3669485e+00   3.7569440e-02   6.1645646e-03   5.8907186e-04
  -5.1273788e-01  -1.5831829e+00   1.3737819e+00   3.8039889e-02   6.3082059e-03   5.7263908e-04
  -5.0408915e-01  -1.6227194e+00   1.3860308e+00   3.8658018e-02   6.1375657e-03   5.0429243e-04
  -5.1118614e-01  -1.6115566e+00   1.4156606e+00   3.8561985e-02   6.2240581e-03   5.3767238e-04
  -5.2661824e-01  -1.6771713e+00   1.4282327e+00   3.8670811e-02   6.1572685e-03   5.1465085e-04
  -5.1675568e-01  -1.6499155e+00   1.4376629e+00   3.8490748e-02   5.9641892e-03   4.7508161e-04
  -5.3381088e-01  -1.6931769e+00   1.4396332e+00   3.9218247e-02   6.3339491e-03   5.8241636e-04
  -5.3596272e-01  -1.6660358e+00   1.4655212e+00   3.8807741e-02   6.4144176e-03   5.7170786e-04
  -5.4209630e-01  -1.7117592e+00   1.4591581e+00   3.8572759e-02   6.0584470e-03   2.9974604e-04
  -5.1958081e-01  -1.6091439e+00   1.4990213e+00   3.7621052e-02   5.7782988e-03   1.4267322e-04
  -5.3990293e-01  -1.6469770e+00   1.4919719e+00   3.8405976e-02   6.0859802e-03  -1.2585613e-04
  -5.4493237e-01  -1.6359643e+00   1.5046642e+00   3.7761275e-02   5.8985665e-03  -4.3914659e-04
  -5.5575979e-01  -1.6591574e+00   1.4866086e+00   3.7765428e-02   6.9345769e-03   3.2039824e-05
  -7.8840930e-01  -1.6211911e+00   1.6449099e+00   3.7142981e-02   1.1952729e-02  -4.1968009e-03
  -1.1571073e+00  -1.6499247e+00   1.9791685e+00   3.4469041e-02   1.8447023e-02  -8.4708888e-03
  -8.8434756e-01  -1.7389602e+00   1.8333637e+00   3.7555696e-02   1.2039103e-02  -4.8503690e-03
  -8.1782992e-01  -1.8526346e+00   1.7774659e+00   3.9403043e-02   1.0275423e-02  -3.9814377e-03
  -7.6151524e-01  -1.7013246e+00   1.7118440e+00   3.8552732e-02   9.4635427e-03  -3.6728724e-03
  -7.9664417e-01  -1.7124085e+00   1.7276579e+00   3.9095144e-02   9.9598701e-03  -3.5476487e-03
  -8.1831305e-01  -1.7857129e+00   1.7105475e+00   3.9211503e-02   9.9194890e-03  -3.6901651e-03
  -7.8051485e-01  -1.8288991e+00   1.7124021e+00   3.9442178e-02   9.4045530e-03  -3.1425488e-03
  -7.5356403e-01  -1.8272321e+00   1.6731389e+00   3.9899316e-02   9.0273695e-03  -2.5824572e-03
  -7.1855786e-01  -1.7088663e+00   1.6125787e+00   3.9136054e-02   8.0949615e-03  -2.4467687e-03
  -7.3261616e-01  -1.7463671e+00   1.6134067e+00   3.8636477e-02   8.0114200e-03  -2.4388895e-03
  -7.0635267e-01  -1.7425871e+00   1.5413244e+00   3.8111086e-02   7.7452676e-03  -2.1381029e-03
  -6.7980458e-01  -1.7828287e+00   1.5352026e+00   3.9568579e-02   7.3617740e-03  -2.3991091e-03
  -6.4620676e-01  -1.5779289e+00   1.4802717e+00   3.8795669e-02   7.0125394e-03  -1.9912571e-03
  -6.6203113e-01  -1.7290999e+00   1.4596767e+00   3.8883681e-02   6.4956558e-03  -2.0848975e-03
  -6.7518254e-01  -1.7324889e+00   1.4445080e+00   3.9062725e-02   6.6489122e-03  -2.1628423e-03
  -6.7947074e-01  -1.7585063e+00   1.4452204e+00   3.9122798e-02   6.5802048e-03  -2.2986660e-03
  -6.8819084e-01  -1.7584233e+00   1.4337271e+00   3.9237763e-02   6.6314709e-03  -2.1285816e-03
  -6.8143133e-01  -1.7739838e+00   1.4301498e+00   3.9586764e-02   6.5623166e-03  -1.8705107e-03
  -6.6778429e-01  -1.7573805e+00   1.4203634e+00   3.8971882e-02   6.1165223e-03  -1.7092834e-03
  -6.7326286e-01  -1.7344000e+00   1.4035637e+00   3.8627386e-02   6.4493098e-03  -1.5904325e-03
  -5.8022955e-01  -1.7004814e+00   1.4241080e+00   3.9293736e-02   5.2380445e-03  -1.9430681e-03
  -5.0055086e-01  -1.7945879e+00   1.3916778e+00   4.0278119e-02   3.9414696e-03  -2.7877162e-03
  -4.4430510e-01  -1.6639514e+00   1.3788642e+00   3.9636032e-02   2.9402117e-03  -2.4877692e-03
  -3.3856899e-01  -1.3182708e+00   1.4454417e+00   3.0881202e-02   4.6823881e-03   3.6884925e-03
  -3.0560285e-01  -1.4228183e+00   1.3460523e+00   3.3486091e-02   2.9428429e-03   3.2262457e-03
  -3.8068957e-01  -1.6377232e+00   1.3708240e+00   3.6181785e-02   3.1843440e-03   2.2998105e-03
  -3.8703864e-01  -1.5670357e+00   1.3198132e+00   3.6401887e-02   2.5302278e-03   9.5533835e-04
  -1.8001674e-01  -1.2823061e+00   1.4067636e+00   2.8996178e-02   2.9917896e-04   1.6975372e-03
  -2.5263157e-01  -1.5370052e+00   1.4427694e+00   3.4405006e-02   1.2268672e-03   1.7137151e-03
  -3.3283862e-01  -1.6209126e+00   1.4715617e+00   3.5991355e-02   2.1386485e-03   1.4566578e-03
  -3.7131248e-01  -1.6624005e+00   1.4710682e+00   3.6797113e-02   2.4428088e-03   1.3833519e-03
  -3.6981045e-01  -1.5818191e+00   1.4742593e+00   3.6658932e-02   2.4184510e-03   1.2964783e-03
  -4.0528628e-01  -1.6239382e+00   1.4603405e+00   3.6778749e-02   2.9211433e-03   1.3064195e-03
  -3.9080288e-01  -1.5686273e+00   1.4441781e+00   3.6483249e-02   2.7151904e-03   1.3537034e-03
  -4.1396642e-01  -1.6110440e+00   1.4803713e+00   3.5978751e-02   2.7459623e-03   8.0951304e-04
  -4.1702384e-01  -1.6239638e+00   1.4355445e+00   3.5849368e-02   3.0390929e-03   1.3843005e-03
  -3.9458570e-01  -1.5182117e+00   1.4338024e+00   3.6523394e-02   3.0133254e-03   1.2852390e-03
  -4.1849505e-01  -1.6646745e+00   1.4587698e+00   3.6846907e-02   2.9919633e-03   1.5232863e-03
  -4.3037448e-01  -1.6429293e+00   1.4564878e+00   3.6977182e-02   2.9504611e-03   1.0063985e-03
  -4.3452296e-01  -1.6477840e+00   1.4663305e+00   3.6973109e-02   2.6646919e-03   9.1810515e-04
  -4.3131860e-01  -1.6622251e+00   1.4354220e+00   3.7296569e-02   2.5807428e-03   7.7881066e-04
  -4.0784188e-01  -1.6395466e+00   1.4761637e+00   3.7110931e-02   2.2390370e-03   6.3400189e-04
  -4.3307991e-01  -1.6987833e+00   1.4665427e+00   3.6557573e-02   2.1506960e-03   5.6388647e-04
  -4.4498944e-01  -1.6990220e+00   1.4320088e+00   3.7506061e-02   3.1868751e-03   1.2794440e-03
  -4.4243618e-01  -1.8585309e+00   1.5188127e+00   3.9318345e-02   4.5352982e-03   2.2477789e-03
  -3.8856307e-01  -1.7018195e+00   1.3300893e+00   3.7401349e-02   3.2393994e-03   2.4902270e-03
  -3.4139988e-01  -1.5909878e+00   1.3574019e+00   3.7518580e-02   2.4661447e-03   2.8287131e-03
  -3.8781339e-01  -1.7638353e+00   1.3779672e+00   3.8238547e-02   2.8367819e-03   2.8374781e-03
  -3.7896102e-01  -1.7907392e+00   1.3900721e+00   3.8473263e-02   2.4639960e-03   2.7921201e-03
  -3.6352043e-01  -1.7747335e+00   1.3974994e+00   3.8637714e-02   2.1671889e-03   2.6928178e-03
  -3.5691645e-01  -1.7879436e+00   1.3894363e+00   3.8565077e-02   2.0439496e-03   2.7229447e-03
  -3.5928621e-01  -1.7330797e+00   1.3635058e+00   3.8472890e-02   2.1602156e-03   2.7349846e-03
  -3.6216411e-01  -1.6997789e+00   1.3623132e+00   3.8456641e-02   2.2337400e-03   2.5888805e-03
  -3.5724061e-01  -1.7784608e+00   1.3340230e+00   3.8762990e-02   1.9254971e-03   2.5577456e-03
  -3.4599363e-01  -1.8003627e+00   1.3546735e+00   3.9154103e-02   1.8163209e-03   2.4879807e-03
  -3.6725874e-01  -1.7988018e+00   1.3665195e+00   3.9010919e-02   2.0577033e-03   2.4450654e-03
  -4.0468715e-01  -1.8568303e+00   1.3277755e+00   3.8796093e-02   2.4361003e-03   2.5137832e-03
  -4.0112701e-01  -1.7504313e+00   1.2908699e+00   3.8864933e-02   2.7224728e-03   2.5466658e-03
  -3.6421910e-01  -1.7144114e+00   1.2817975e+00   3.8951561e-02   2.2464535e-03   2.5343433e-03
  -3.8058989e-01  -1.7414917e+00   1.2970558e+00   3.8933096e-02   2.4654323e-03   2.6812679e-03
  -3.9465902e-01  -1.7606304e+00   1.3088344e+00   3.9123605e-02   2.6871650e-03   2.7928339e-03
  -3.9115318e-01  -1.7596256e+00   1.3070549e+00   3.9107239e-02   2.5333579e-03   2.7813357e-03
  -4.0465560e-01  -1.7035539e+00   1.3085973e+00   3.8988756e-02   2.7281258e-03   2.7883543e-03
  -3.9478079e-01  -1.8617124e+00   1.4362698e+00   4.0010148e-02   3.2739776e-03   3.1058079e-03
  -4.2466134e-01  -1.9468689e+00   1.4283035e+00   4.0514692e-02   3.1602201e-03   3.1298391e-03
  -3.7507422e-01  -1.7788824e+00   1.3494871e+00   4.0701471e-02   2.6451381e-03   2.9966500e-03
  -3.5998933e-01  -1.6287494e+00   1.3144720e+00   3.9243598e-02   2.2145557e-03   2.8251729e-03
  -3.6687504e-01  -1.8210829e+00   1.3146991e+00   3.9828731e-02   1.6397234e-03   2.8348490e-03
  -3.9413000e-01  -1.7768925e+00   1.3242936e+00   4.0001282e-02   2.0302957e-03   2.6570934e-03
  -3.9388503e-01  -1.7856278e+00   1.3207786e+00   3.9812256e-02   1.9776908e-03   2.6702361e-03
  -3.8602275e-01  -1.7677207e+00   1.3123834e+00   3.9475985e-02   1.5885957e-03   2.5155326e-03
  -4.0791627e-01  -1.7449576e+00   1.2791238e+00   3.9440402e-02   1.7564495e-03   2.4101413e-03
  -3.9711121e-01  -1.7737866e+00   1.2658207e+00   3.9794441e-02   1.8427156e-03   2.4637944e-03
  -4.1120498e-01  -1.8237135e+00   1.2488726e+00   3.9449760e-02   1.8858093e-03   2.3941592e-03
  -4.1217203e-01  -1.7828810e+00   1.2479167e+00   3.9364544e-02   2.1265924e-03   2.9012864e-03
  -4.0683127e-01  -1.8373394e+00   1.2468165e+00   3.9474967e-02   1.8847215e-03   2.7869343e-03
  -4.1716025e-01  -1.7489988e+00   1.2338761e+00   3.9983303e-02   2.3618182e-03   2.6130720e-03
  -4.0137914e-01  -1.7695628e+00   1.2523770e+00   4.0244842e-02   2.1393158e-03   2.3527979e-03
  -4.0511790e-01  -1.8216787e+00   1.2598996e+00   4.0043567e-02   1.9792328e-03   2.2707405e-03
  -4.0526485e-01  -1.8307791e+00   1.2773375e+00   3.9793931e-02   2.2782650e-03   2.6858977e-03
  -3.4946283e-01  -1.5753831e+00   1.3013691e+00   3.3720792e-02   3.4379880e-03   6.8763840e-03
  -3.2597756e-01  -1.1118716e+00   1.3723391e+00   2.3734686e-02  -1.3415941e-03  -1.9937358e-03
  -2.2380650e-01  -1.3846492e+00   1.2810273e+00   2.7480377e-02  -5.9968637e-03  -5.4636076e-03
  -1.8507185e-01  -1.4170782e+00   1.2335844e+00   3.1115723e-02  -5.9825356e-03  -3.8233745e-03
  -2.3404420e-01  -1.5275690e+00   1.2337975e+00   3.2627738e-02  -5.2258828e-03  -3.5150329e-03
  -2.3638978e-01  -1.5282388e+00   1.2048095e+00   3.2756452e-02  -5.7072447e-03  -3.8258050e-03
  -2.5090677e-01  -1.4937524e+00   1.2130730e+00   3.2612446e-02  -5.3087743e-03  -3.6543012e-03
  -2.3883436e-01  -1.5122473e+00   1.2386897e+00   3.2612110e-02  -5.2099095e-03  -3.4092280e-03
  -2.4545131e-01  -1.4494671e+00   1.2408254e+00   3.3557290e-02  -4.6661312e-03  -3.0065668e-03
  -2.4788881e-01  -1.5482774e+00   1.2648876e+00   3.4055038e-02  -4.7523079e-03  -2.8245724e-03
  -2.6606275e-01  -1.6329139e+00   1.2749991e+00   3.4631306e-02  -4.7022507e-03  -2.6063370e-03
  -2.7308784e-01  -1.6441950e+00   1.2319999e+00   3.5390841e-02  -4.5026436e-03  -2.3439439e-03
  -2.7391573e-01  -1.6773318e+00   1.2306401e+00   3.6034205e-02  -4.5381299e-03  -2.2776152e-03
  -2.5778815e-01  -1.5948402e+00   1.2276022e+00   3.6252984e-02  -4.4962499e-03  -2.4054144e-03
  -2.7021404e-01  -1.6041426e+00   1.2118630e+00   3.6046096e-02  -4.1235689e-03  -2.2572162e-03
  -2.7685953e-01  -1.6847506e+00   1.1887826e+00   3.6239662e-02  -4.1481494e-03  -2.1900094e-03
  -2.9024949e-01  -1.6441767e+00   1.2223292e+00   3.6664820e-02  -3.6504521e-03  -2.5101827e-03
  -2.8145724e-01  -1.6001649e+00   1.1636265e+00   3.5972343e-02  -3.6633424e-03  -2.6042665e-03
  -2.9948762e-01  -1.6421445e+00   1.0942788e+00   3.6289777e-02  -2.0807024e-03  -1.7517139e-03
  -2.9929783e-01  -1.7555534e+00   1.1014486e+00   3.6961004e-02  -1.6486975e-03  -1.2873567e-03
  -2.5662326e-01  -1.5056324e+00   9.9520747e-01   3.6069565e-02  -2.7705140e-03  -1.6216334e-03
  -2.6463283e-01  -1.4860525e+00   9.7167227e-01   3.5120187e-02  -3.1724237e-03  -1.2842354e-03
  -2.8757560e-01  -1.6024349e+00   9.7148656e-01   3.5459223e-02  -3.3980299e-03  -1.4148204e-03
  -2.9794565e-01  -1.5726830e+00   9.5383829e-01   3.4934799e-02  -3.4114672e-03  -1.4440799e-03
  -3.0590451e-01  -1.5873465e+00   9.4596728e-01   3.4633302e-02  -3.5548549e-03  -1.3907786e-03
  -3.0581566e-01  -1.6162444e+00   9.4078956e-01   3.4669851e-02  -3.9480444e-03  -1.6374069e-03
  -3.0026047e-01  -1.6218973e+00   9.1025780e-01   3.4397046e-02  -4.4197756e-03  -1.6042993e-03
  -3.0958404e-01  -1.6016517e+00   9.0821466e-01   3.4954339e-02  -4.2906746e-03  -1.8725377e-03
  -3.0152177e-01  -1.5733393e+00   9.2137961e-01   3.4603447e-02  -4.4398807e-03  -2.0192110e-03
  -3.3136227e-01  -1.6666892e+00   9.0014077e-01   3.4539061e-02  -4.1850798e-03  -2.3212220e-03
  -3.1432127e-01  -1.5602484e+00   9.1961989e-01   3.4667787e-02  -4.1841935e-03  -2.5210469e-03
  -3.0957339e-01  -1.6888596e+00   9.3180975e-01   3.4667801e-02  -4.5325133e-03  -2.3951457e-03
  -3.0429208e-01  -1.6390488e+00   8.8595537e-01   3.4997013e-02  -4.1993879e-03  -2.1569311e-03
  -3.2184130e-01  -1.7034847e+00   9.2505936e-01   3.6362176e-02  -3.7901308e-03  -2.4794314e-03
