   0.0000000e+00   0.0000000e+00   0.0000000e+00   0.0000000e+00   0.0000000e+00   0.0000000e+00
   2.9187621e-02  -1.1202354e-01   1.8191781e-02   1.5363825e-03  -6.3531850e-04  -1.3267457e-04
   1.2721462e-02  -9.0597735e-02   4.8126784e-02   7.1384212e-04  -2.7816878e-04  -1.7084528e-04
   7.5261850e-03  -1.1230636e-01   5.3328041e-02   1.5269801e-03   2.1859386e-04  -6.4635970e-04
  -3.1289575e-03  -5.5435697e-02   2.3820499e-02   1.1755481e-03  -3.6691045e-04  -1.2923857e-03
   2.4562328e-02  -1.4903811e-01  -1.5938403e-02   2.5597653e-03  -7.2529364e-04  -1.3355615e-03
   5.2665909e-02  -1.3595026e-01   3.1116137e-02   2.4175483e-03  -1.0821890e-03  -8.3009994e-04
   4.4578063e-02  -1.3113974e-01   7.1295047e-02   1.9540347e-03  -5.8724789e-04  -7.5714344e-04
   3.8256574e-02  -1.0631016e-01   8.5964187e-02   1.7891534e-03  -3.3681517e-04  -7.3839898e-04
   3.1293866e-02  -9.7032633e-02   3.1418747e-02   8.7927693e-04  -2.0440822e-04  -5.5279806e-04
   3.2154562e-02  -1.0776472e-01   6.6486296e-02   1.7263844e-03  -3.0379769e-04  -4.3879293e-04
   3.3657616e-02  -2.0921750e-01   1.4297305e-02   1.8364206e-03  -1.0855505e-04  -5.8698816e-04
   2.7870372e-02  -1.5944939e-02   5.2283696e-02   1.6344681e-03   2.1005843e-04  -6.5895236e-04
   4.1275170e-02  -1.2259408e-01   3.5202775e-02   2.5538133e-03   1.1369835e-04  -5.0836328e-04
   5.8779067e-02  -1.7153207e-01   5.2798121e-02   2.8657340e-03  -4.8219683e-04  -4.6726459e-04
   3.7075412e-02  -7.0096230e-02   6.4042950e-02   2.5919534e-03  -1.5596845e-05  -1.0204927e-03
   4.3019904e-02   2.9172655e-02   6.3494665e-02   3.2874789e-04  -1.0963071e-03  -2.0770886e-03
   4.4526815e-02  -1.2222893e-01   1.1599895e-02   1.3221714e-03  -1.0135001e-03  -1.8415146e-03
   7.8308786e-02  -1.0211687e-01  -1.7799594e-03   2.5480593e-03  -1.5149637e-03  -1.4948193e-03
   6.6171289e-02  -1.1590554e-01   7.4020968e-02   2.2373528e-03  -1.1516262e-03  -1.4811170e-03
   5.2091494e-02  -9.9489900e-02   1.1347917e-01   8.8433801e-04  -7.7829914e-04  -6.9973335e-04
   5.6082282e-02  -8.6720811e-02   9.2785830e-02   1.1563408e-03  -1.4683970e-03  -1.2406685e-03
   4.8604004e-02  -3.5704632e-02   9.0193816e-02   2.2697158e-04  -8.3347938e-04  -1.1406803e-03
   3.9309147e-02  -2.4187853e-01   1.0353369e-01   2.2397842e-03  -7.2368818e-04  -1.4302287e-03
   5.4813576e-02  -1.3263337e-01   7.2826334e-02   2.3337937e-03  -1.7169156e-03  -2.4864140e-03
   5.7364728e-02  -1.9935832e-01   3.9998107e-02   2.3854970e-03  -1.4096242e-03  -1.6662373e-03
   4.3823320e-02  -6.9654259e-02   6.3583080e-02   1.8822471e-03  -7.2901710e-04  -1.1183066e-03
   6.9675979e-02  -1.7523632e-01   7.0588086e-02   2.5378456e-03  -1.2836631e-03  -8.8763048e-04
   4.9349197e-02   8.0937678e-04   9.1271372e-02   1.2155148e-03  -8.4635110e-04  -7.0939973e-04
   5.6266628e-02  -1.8231681e-01   4.7526807e-02   2.1595580e-03  -8.9667262e-04  -5.8206782e-04
   6.7015594e-02  -4.4398152e-02   8.6502830e-02   1.3898335e-03  -1.0752471e-03  -4.3203007e-04
   4.5790484e-02  -7.8184916e-02   7.0005708e-02   9.8971609e-04  -6.7039184e-04  -2.2017751e-04
   4.7689142e-02  -1.9714271e-01   1.2881491e-01   1.7670961e-03  -8.6696800e-04  -3.1773185e-04
   4.0136162e-02  -4.6316135e-02   1.2389516e-01   2.7776700e-03  -6.6214365e-04  -5.6107909e-04
   3.2053458e-02  -1.1786664e-02   9.4103940e-02   2.0827659e-03  -1.0765286e-03  -9.3605506e-04
   4.9790469e-02  -1.3471880e-01   5.4453959e-02   3.3193252e-03  -1.0634515e-03  -9.6093225e-04
   7.0437237e-02  -9.5853784e-02   9.8991353e-02   2.7322698e-03  -1.5573379e-03  -7.0305633e-04
   6.2190405e-02  -2.0446259e-01   1.4933203e-01   1.6186078e-03  -1.2703843e-03  -6.2878631e-04
   4.8029343e-02  -7.2523796e-02   1.7054865e-01  -1.7177068e-04  -8.0962190e-04  -6.4804502e-04
   4.2486358e-02  -1.2384011e-01   1.2464844e-01  -1.7863276e-04  -6.5466409e-04  -6.2510571e-04
   5.6434320e-02  -6.2184867e-02   1.3723083e-01   6.9722681e-04  -1.1095317e-03  -6.2646128e-04
   6.7019649e-02  -4.9326882e-02   1.6392015e-01   1.2547454e-03  -9.1753826e-04   9.0765088e-06
   4.7744637e-02  -7.3301545e-02   1.3208633e-01   2.0322901e-03  -1.4811631e-03  -9.6689527e-04
   5.1048968e-02  -1.7324410e-01   1.6073666e-01   1.2680650e-03  -1.1709213e-03  -8.9760164e-04
   5.1043894e-02  -1.6612569e-01   1.0125556e-01   9.1055928e-04  -1.1617296e-03  -7.0419762e-04
   5.3274652e-02  -2.1575585e-02   1.5297853e-01   1.5125591e-04  -7.1191653e-04  -7.8113277e-04
   4.0585659e-02  -1.1395787e-01   1.4401057e-01  -3.0072489e-04  -7.2827970e-04  -9.0819044e-04
   3.3580974e-02  -2.2297267e-01   7.5635800e-02   4.1523794e-03  -1.4270972e-03  -1.3364554e-03
   1.0180897e-02  -5.8906241e-02   8.7776060e-02   4.5591708e-03  -1.3490074e-03  -1.4593104e-03
   1.6239439e-02  -1.1921732e-01   8.9218670e-02   3.6651098e-03  -2.5935255e-03  -1.7661555e-03
   7.2324583e-03  -6.0305624e-02   5.0760419e-02   3.1950633e-03  -2.2018501e-03  -1.9472967e-03
   2.0255189e-02  -1.2330275e-01   1.2128969e-01   3.4462432e-03  -2.0254190e-03  -1.7751977e-03
   2.3804062e-02  -1.1853137e-01   1.5506771e-01   3.1293049e-03  -1.3658772e-03  -1.8179500e-03
   2.2241157e-02  -1.7894720e-01   1.1369220e-01   3.3456278e-03  -1.2898067e-03  -1.6197661e-03
   4.7842928e-02  -1.3351782e-01   1.3360934e-01   2.9935086e-03  -1.2210968e-03  -1.6740988e-03
   5.0194944e-02  -1.0147618e-01   1.0810283e-01   3.0218621e-03  -1.0627173e-03  -1.5015686e-03
   3.9321301e-02  -9.3431800e-02   1.1537769e-01   2.3780880e-03  -1.3062691e-03  -1.1216555e-03
   3.3969000e-02  -9.8988437e-02   1.0444554e-01   2.2537137e-03  -1.1339993e-03  -7.5525213e-04
   2.4617780e-02  -2.4929764e-02   7.5183183e-02   2.4328219e-03  -6.9644545e-04  -1.3691666e-03
   4.4717830e-02  -3.0276384e-02   7.0764282e-02   2.5173726e-03  -1.5529884e-03  -2.5981537e-04
   5.3026671e-02  -1.7380381e-01   5.9375891e-02   3.3133052e-03  -1.6318911e-03  -1.4706894e-04
   8.4668416e-02  -1.0106509e-01   1.5088840e-01   2.7065308e-03  -7.8473391e-04  -8.4719580e-04
   6.0876038e-02  -1.6027517e-01   1.0752840e-01   2.8113448e-03  -1.8700822e-03  -7.0827014e-04
   9.0289374e-02  -1.1572655e-01   1.7222598e-01   3.3170031e-03  -5.5169744e-04  -1.8417345e-03
   7.4138512e-02  -6.4635547e-02   1.1215472e-01   1.7432309e-03  -6.4884032e-05  -1.7488005e-03
   8.2499699e-02  -2.4253339e-01   1.6448059e-01   3.2309483e-03  -7.6161557e-04  -1.2941997e-03
   7.5129455e-02  -5.2421333e-02   1.2516716e-01   2.1374894e-03  -7.4219702e-04  -1.1069708e-03
   7.4892016e-02  -1.9099113e-01   1.3478369e-01   3.3103692e-03  -6.5910364e-04  -9.2672173e-04
   7.2716489e-02  -1.1720158e-01   1.6735654e-01   3.2362231e-03  -6.7797512e-04  -7.8093664e-04
   8.1350256e-02  -1.7504337e-01   1.6623136e-01   3.6955831e-03  -6.3591664e-04  -9.2469034e-04
   5.2873082e-02  -5.9511623e-02   1.2416672e-01   2.6228287e-03  -6.0582509e-04  -1.6471420e-03
   3.7586883e-02  -1.7251025e-01   1.0156522e-01   2.8502916e-03  -4.4003977e-04  -1.6017549e-03
   4.3324810e-02  -1.4080636e-01   9.9533819e-02   3.3188528e-03  -4.7421638e-04  -1.4387897e-03
   5.9079485e-02  -1.0525955e-01   1.7690095e-01   3.4933193e-03  -7.2730924e-04  -1.5695229e-03
   3.4129258e-02  -9.6466923e-02   1.4769379e-01   2.0098494e-03  -3.1291019e-04  -1.2490674e-03
   4.3111710e-02  -1.6354505e-01   1.4162585e-01   2.9614788e-03  -4.3866187e-04  -9.9151928e-04
   2.3944105e-02  -9.2094083e-02   1.4368759e-01   1.9242931e-03  -9.2289027e-05  -6.1781408e-04
   4.7681863e-02  -7.2634783e-02   1.2999857e-01   2.5742768e-03  -2.2992110e-04  -7.9744607e-04
   4.9572163e-02  -1.5506563e-01   1.2729141e-01   3.5269396e-03  -6.0577959e-04  -7.2783562e-04
   6.3054859e-02  -1.1550953e-01   1.6416208e-01   2.7920609e-03  -2.5307126e-04  -9.7104044e-04
   5.2934884e-02  -1.3687976e-01   1.3477862e-01   2.9253575e-03   7.8223547e-05  -1.2686577e-03
   8.8495766e-02  -1.2109279e-01   1.3072077e-01   4.8300073e-03  -4.7645845e-04  -1.7120500e-03
   6.4668609e-02  -1.1815911e-02   8.1829304e-02   4.8306137e-03  -8.9921387e-04  -1.6093571e-03
   6.5899966e-02  -9.6027641e-02   1.4247731e-01   4.1546982e-03  -1.2930729e-03  -1.4147822e-03
   7.6770174e-02  -1.3240103e-01   1.3757764e-01   4.4440138e-03  -1.8414888e-03  -1.4645578e-03
   5.6431799e-02  -1.2184295e-01   1.4651280e-01   4.4405614e-03  -1.5798955e-03  -1.8610253e-03
   7.3890956e-02  -6.7577606e-02   1.9510624e-01   4.1222804e-03  -1.3668936e-03  -1.6745590e-03
   6.6428070e-02  -1.8117930e-01   1.4774081e-01   3.3557937e-03  -1.2108677e-03  -1.3165082e-03
   6.2746842e-02  -1.2688555e-01   1.9944797e-01   3.4575273e-03  -9.8031032e-04  -1.4227980e-03
   8.3561585e-02  -1.3081250e-01   1.5726600e-01   3.4281027e-03  -1.4094099e-03  -1.2750326e-03
   6.2719379e-02  -1.2971707e-01   1.6062097e-01   3.7482907e-03  -8.5141681e-04  -1.4446040e-03
   7.2390912e-02  -4.7162215e-02   1.0301723e-01   3.4832197e-03  -1.1002496e-03  -1.8530329e-03
   5.1030345e-02  -1.5349363e-01   1.0577878e-01   4.8865832e-03  -9.3284845e-04  -1.9103814e-03
   5.2632048e-02  -1.0598311e-01   9.8065583e-02   3.2680392e-03  -5.9858355e-04  -1.4280426e-03
   6.5898001e-02  -1.6901606e-01   1.7830155e-01   3.9712887e-03  -1.1478957e-03  -1.1842245e-03
   3.6230509e-02  -1.3634028e-01   1.9685823e-01   2.9569892e-03  -9.6989689e-04  -1.2526575e-03
   5.6338858e-02  -1.3073206e-01   1.1256086e-01   3.1490181e-03  -1.4904728e-03  -1.4256372e-03
   5.5489129e-02  -1.3921672e-01   1.7219769e-01   4.2290322e-03  -1.5546153e-03  -1.6090753e-03
   4.2759995e-02  -6.0122679e-02   1.1337849e-01   3.4171437e-03  -1.2793290e-03  -1.3666116e-03
   4.2545429e-02  -1.1214448e-01   1.5165263e-01   4.2537968e-03  -1.1459166e-03  -1.2580323e-03
   2.5781997e-02  -6.2837846e-02   1.4354190e-01   5.9918008e-03  -1.0297338e-03  -2.3926370e-03
   5.3932933e-02  -1.7100066e-01   1.1751001e-01   5.1177400e-03  -1.3193167e-03  -1.7505076e-03
   7.4825547e-02  -1.7259960e-01   9.8741681e-02   5.5713622e-03  -1.5319114e-03  -2.5844213e-03
   8.7016586e-02  -1.7672360e-01   1.4344549e-01   5.7594678e-03  -1.8739917e-03  -2.5503059e-03
   6.0855771e-02  -1.2004087e-01   2.1070362e-01   4.8795250e-03  -1.4393763e-03  -2.6358450e-03
   6.3194122e-02  -8.8624166e-02   1.6471661e-01   3.5175439e-03  -1.5412165e-03  -2.3467810e-03
   6.0118197e-02  -7.2282647e-02   2.0234068e-01   4.1115994e-03  -1.0216031e-03  -2.3120886e-03
   6.5387199e-02  -1.2468159e-01   1.2375178e-01   4.7287621e-03  -1.0244129e-03  -3.3747406e-03
   7.0671142e-02  -1.4921266e-01   1.0024822e-01   4.9538440e-03  -1.3404576e-03  -2.7024617e-03
   6.5046522e-02  -1.7459424e-01   7.5571747e-02   5.2059164e-03  -1.6341690e-03  -2.5753379e-03
   5.3910867e-02  -1.3290577e-01   1.5578243e-01   4.8754414e-03  -1.7631336e-03  -2.5046979e-03
   5.8420395e-02  -2.1879114e-01   1.4810070e-01   4.2383610e-03  -1.8389795e-03  -2.4773729e-03
   5.5328743e-02  -8.2136134e-02   1.4862300e-01   4.9029951e-03  -1.5875220e-03  -2.5186383e-03
   4.1039891e-02  -2.1667749e-01   7.0464897e-02   4.6478702e-03  -2.0298844e-03  -2.0002123e-03
   3.3067596e-03  -1.4551048e-01   6.1156090e-02   4.3229432e-03  -1.7743714e-03  -1.0871593e-03
   3.2830200e-03  -2.9305236e-02   8.2033744e-02   4.7471411e-03  -1.7273108e-03  -7.5976917e-04
   4.9741610e-02  -1.9108448e-01   1.1297795e-01   5.7092079e-03  -1.9085938e-03  -1.3520404e-03
   6.7193953e-02  -3.3008542e-01   6.7060897e-02   1.0522657e-02  -3.0010907e-03  -2.0664550e-03
   2.7465086e-02  -1.1133469e-01   8.7118077e-02   8.7245400e-03  -2.6615270e-03  -2.1618249e-03
   3.2919813e-02  -1.7246210e-01   1.0320549e-01   7.6656205e-03  -2.8276879e-03  -1.8617000e-03
   1.7277885e-02  -1.2762414e-01   1.5711960e-01   4.8587208e-03  -2.1807187e-03  -1.7244282e-03
   2.4261305e-02  -1.2455740e-01   2.9176746e-01   3.2286610e-03  -1.7441734e-03  -1.3267352e-03
  -2.6942305e-04   1.1556614e-01   2.7138818e-01   6.4097615e-04  -2.3442726e-03  -1.9930919e-03
   2.5845320e-02  -7.8153724e-02   1.0850341e-01   4.2706544e-03  -2.7513341e-03  -2.5449948e-03
   2.2706500e-02  -8.9715834e-02   2.3915992e-02   5.2093042e-03  -2.8306609e-03  -2.2467583e-03
   3.6847045e-02  -2.5940676e-01   1.6525855e-01   5.7207942e-03  -3.3158743e-03  -2.2742385e-03
   4.5272719e-02  -4.0949717e-03   1.0378311e-01   4.5132886e-03  -3.6093951e-03  -2.1462468e-03
   5.1826392e-02  -1.4689447e-01   9.6611645e-02   1.0068762e-02  -4.4739496e-03  -2.3570053e-03
   4.8146278e-02  -1.2384142e-01   9.2652720e-02   7.8173062e-03  -4.2926513e-03  -1.8721145e-03
   4.5408317e-02  -1.3880441e-01   1.2074891e-01   9.0384485e-03  -3.7925894e-03  -2.2216410e-03
   3.9793142e-02   3.5420953e-02   1.0739645e-01   7.6911185e-03  -3.6418375e-03  -2.3627856e-03
   5.0153415e-02  -2.1375538e-01   1.4261650e-01   8.1719574e-03  -3.7585634e-03  -1.7134394e-03
   7.1434750e-02  -1.5215741e-01   1.5526973e-01   7.8010374e-03  -5.4861147e-03  -2.9349851e-03
   5.5944746e-02  -1.9510472e-01   1.8368275e-01   7.2960232e-03  -4.9887157e-03  -2.9953137e-03
   4.0811310e-02  -9.4295587e-02   1.8319235e-01   6.2989442e-03  -4.5296485e-03  -2.8056870e-03
   2.6562280e-02  -1.2142409e-01   1.6966349e-01   5.3029058e-03  -4.6785494e-03  -2.5481784e-03
   4.1650639e-02  -8.9657101e-02   1.8639453e-01   5.9233172e-03  -4.3350302e-03  -2.4657458e-03
   4.0643729e-02  -1.0551136e-01   1.1568245e-01   7.2697511e-03  -4.4410771e-03  -3.5933114e-03
   3.6152444e-02  -1.4063114e-01   6.8566103e-02   6.8253428e-03  -4.7560932e-03  -3.0488884e-03
   7.1416464e-02  -1.9006166e-01   8.5172407e-02   8.4858909e-03  -5.1025551e-03  -3.1365931e-03
   6.3932178e-02  -7.6989967e-02   1.3378042e-01   7.2516559e-03  -4.6331686e-03  -3.0430346e-03
   7.7377203e-02  -1.7730944e-01   1.0943896e-01   7.2457221e-03  -4.5971719e-03  -3.0320825e-03
   9.5409626e-02  -8.6732360e-02   1.3397051e-01   7.2652218e-03  -4.7642397e-03  -3.1059009e-03
   7.8891066e-02  -8.8949377e-02   1.3657836e-01   7.1693941e-03  -4.5644213e-03  -2.7594683e-03
   7.6617509e-02  -2.8763974e-01   5.8776297e-02   1.0686493e-02  -4.5142237e-03  -3.2830162e-03
   9.7937833e-02  -1.2144978e-01   6.7696217e-02   8.8082811e-03  -5.5333582e-03  -2.7855651e-03
   8.4659448e-02  -1.8979107e-01   1.0991400e-01   9.6646303e-03  -5.4777355e-03  -2.7778459e-03
   9.4825731e-02  -6.3020824e-02   1.4572495e-01   8.2379456e-03  -5.7654668e-03  -2.7695117e-03
   8.3722405e-02  -2.2067554e-01   1.4886124e-01   8.3925855e-03  -5.2618437e-03  -2.6784224e-03
   7.3439851e-02  -8.2077480e-02   1.2769466e-01   7.3236544e-03  -4.9252818e-03  -2.7062907e-03
   9.0986482e-02  -1.4892115e-01   1.0624806e-01   7.7427877e-03  -5.1843675e-03  -2.2754125e-03
   1.0550503e-01  -2.3918039e-01   1.8924327e-01   1.0558266e-02  -5.0819854e-03  -2.7924841e-03
   8.9266230e-02  -1.2355636e-01   9.5789556e-02   7.2026787e-03  -5.2585927e-03  -3.5163765e-03
   1.0058980e-01  -4.9975957e-02   9.9933842e-02   7.4260745e-03  -4.9087120e-03  -3.0691905e-03
   1.1677060e-01  -1.1528419e-01   9.6230344e-02   7.7956208e-03  -5.2350624e-03  -2.3996734e-03
   1.0565412e-01  -1.6489036e-01   1.7916725e-01   7.8864442e-03  -4.8594860e-03  -2.6534563e-03
   1.1455295e-01  -2.9618294e-02   1.5994271e-01   7.0745242e-03  -5.2448655e-03  -1.9950781e-03
   1.2779329e-01  -1.4798573e-01   1.8174546e-01   6.6134521e-03  -5.3267866e-03  -1.6853722e-03
   1.1139223e-01  -8.2856357e-02   1.6300162e-01   6.5024904e-03  -4.9356687e-03  -2.0089831e-03
   1.2662036e-01  -1.5091529e-01   1.4827882e-01   6.4442705e-03  -5.6213565e-03  -2.1163346e-03
   1.0199042e-01  -4.6499132e-02   1.6164161e-01   6.1840548e-03  -5.0469716e-03  -2.2381144e-03
   1.0535489e-01  -1.8065808e-01   1.0921359e-01   7.7171774e-03  -5.4822193e-03  -3.0111439e-03
   8.8776120e-02  -7.4324907e-03   9.5535073e-02   6.8009302e-03  -5.4188979e-03  -2.8094632e-03
   7.5597410e-02  -9.9806533e-02   1.1546779e-01   6.8416798e-03  -5.6249647e-03  -2.6925910e-03
   1.0295918e-01  -6.8744239e-02   1.9654993e-01   5.5713496e-03  -5.7185244e-03  -2.9626958e-03
   9.8253121e-02  -4.2322975e-01   2.6148700e-01   5.9582315e-03  -6.2063173e-03  -3.1775739e-03
   9.7701200e-02  -3.7945603e-02   5.5860213e-02   5.3070337e-03  -6.3491380e-03  -2.9116112e-03
   8.2463233e-02   2.1674328e-01   9.0751797e-02   5.4073930e-03  -5.9215743e-03  -2.7465419e-03
   9.5514617e-02   2.0764292e-02   1.0195590e-01   5.7837852e-03  -6.0244445e-03  -2.5267918e-03
   8.4317954e-02  -3.5876246e-02   1.3260264e-01   6.0372172e-03  -5.8159614e-03  -2.9309134e-03
   1.0022944e-01  -8.8786699e-02   1.7753174e-01   5.4322936e-03  -5.7465917e-03  -2.7978451e-03
   1.1446022e-01  -1.2425504e-01   1.9528610e-01   5.6162832e-03  -6.2192200e-03  -2.4636354e-03
   9.8587239e-02  -1.1152951e-01   1.6438529e-01   4.9798175e-03  -5.6550517e-03  -2.5507805e-03
   9.4498353e-02  -1.1184435e-01   1.3943617e-01   5.1292558e-03  -5.7211197e-03  -2.5583055e-03
   1.0266921e-01  -3.6000566e-02   1.3563024e-01   5.0550891e-03  -5.7820841e-03  -2.5362195e-03
   8.6915586e-02  -1.6295928e-01   9.0675874e-02   6.2945070e-03  -5.3173171e-03  -3.7291152e-03
   9.0617678e-02   2.6354423e-02   9.3126433e-02   5.2797050e-03  -5.7749040e-03  -3.1788756e-03
   1.1746723e-01  -8.7691921e-02   1.1072276e-01   5.2760377e-03  -6.2525707e-03  -3.0860732e-03
   1.0006158e-01  -6.7589347e-02   1.0943479e-01   5.8022977e-03  -6.6062598e-03  -3.2952673e-03
   9.6309706e-02  -7.2111642e-02   8.0885107e-02   5.4650189e-03  -6.5136960e-03  -3.5363827e-03
   8.9946561e-02  -1.1867447e-01   6.2641390e-02   5.5577334e-03  -6.4384818e-03  -3.3417537e-03
   1.0066800e-01  -3.4321041e-02   9.2345751e-02   6.6328813e-03  -6.9839002e-03  -3.5509597e-03
   9.2999749e-02  -4.9933766e-02   7.1534979e-02   5.9336602e-03  -7.1967713e-03  -3.6825299e-03
   8.2158400e-02  -1.2065360e-02   5.6338749e-02   6.0419377e-03  -6.7741225e-03  -3.9174538e-03
   8.4858325e-02   1.0484685e-02   1.0329449e-01   6.5857896e-03  -6.5283123e-03  -3.8447483e-03
   8.5941789e-02  -1.0766682e-01   3.4053668e-02   7.7854924e-03  -6.6518699e-03  -4.4632280e-03
   9.6748774e-02  -7.0844894e-02   4.2972792e-02   6.7559114e-03  -6.8250101e-03  -4.1771319e-03
   1.0324939e-01  -1.6577488e-01   4.7645971e-02   7.2791371e-03  -6.6993862e-03  -3.9471753e-03
   1.0053896e-01  -8.8441212e-02   8.2847337e-02   7.0367550e-03  -6.6781477e-03  -3.9605136e-03
   1.0399082e-01  -5.5142641e-02   8.7893795e-02   5.5257987e-03  -6.4712300e-03  -3.7846795e-03
   9.0783743e-02  -1.0117240e-01   8.4998532e-02   5.7210374e-03  -6.0976410e-03  -3.8140348e-03
   9.6351405e-02  -5.7223135e-02   7.0448557e-02   5.2660501e-03  -6.0337070e-03  -3.8346464e-03
   1.1747561e-01  -9.6844159e-02  -4.5311063e-02   6.5253098e-03  -6.4786164e-03  -4.0292088e-03
   9.9618575e-02  -2.5358111e-02   1.7328507e-01   5.2651453e-03  -6.0572818e-03  -3.9223628e-03
   1.0535061e-01  -5.8329838e-02   2.0697816e-01   5.3372003e-03  -6.3255600e-03  -3.5797215e-03
   9.2230358e-02  -8.1766446e-02   1.8637398e-01   5.3028828e-03  -6.0287957e-03  -3.7825681e-03
   9.6328823e-02  -1.0592828e-01   1.6597505e-01   5.7329672e-03  -6.0659154e-03  -3.7707696e-03
   9.1692624e-02  -9.3873377e-02   1.5391739e-01   6.1821028e-03  -6.3907746e-03  -3.2094177e-03
   1.1302560e-01  -3.7971940e-03   2.0466960e-01   6.0411092e-03  -6.4435759e-03  -3.2025219e-03
   1.1930804e-01  -2.3470679e-02   1.8701049e-01   5.7192966e-03  -6.3340316e-03  -3.2386736e-03
   1.1557696e-01  -6.3998636e-02   2.1917074e-01   5.5837836e-03  -6.2083056e-03  -3.2641669e-03
   1.2034709e-01  -1.2569150e-01   2.0433662e-01   6.9472211e-03  -6.4194086e-03  -3.1205410e-03
   9.1425168e-02   2.3724009e-02   1.7919337e-01   5.4590954e-03  -6.0986023e-03  -3.7974316e-03
   7.5803970e-02  -1.5901174e-01   1.3893600e-01   5.8363479e-03  -6.2102065e-03  -3.1967288e-03
   9.8755146e-02  -8.5650799e-02   1.7457160e-01   6.2020847e-03  -6.8740175e-03  -3.1858657e-03
   8.9080319e-02  -4.5406828e-02   1.7281037e-01   5.4717226e-03  -6.4008714e-03  -2.9954780e-03
   8.9743972e-02  -1.0669819e-01   2.2523867e-01   5.9134086e-03  -6.1706120e-03  -2.9460501e-03
   1.0524297e-01   2.6403804e-02   2.2237593e-01   4.9444426e-03  -6.4672388e-03  -3.0466559e-03
   9.5443727e-02  -7.1354237e-02   1.7698937e-01   5.5792157e-03  -6.3998996e-03  -2.8424687e-03
   9.6081922e-02   5.6560392e-03   2.2992906e-01   5.9728896e-03  -6.2048048e-03  -3.0012570e-03
   1.1109398e-01  -7.6901114e-02   2.0349623e-01   5.0909426e-03  -6.2024480e-03  -3.0632833e-03
   1.0674412e-01  -7.6405622e-02   1.9373118e-01   6.5008838e-03  -6.3773336e-03  -2.9554938e-03
   1.2395446e-01  -1.9807352e-03   2.6889639e-01   6.6734746e-03  -6.2736569e-03  -3.0740473e-03
   1.4164630e-01  -9.9406517e-02   3.1556830e-01   6.7334064e-03  -6.7332194e-03  -3.3328435e-03
   1.4511787e-01  -6.9937983e-02   2.7645860e-01   6.3138701e-03  -7.0029549e-03  -3.0700090e-03
   1.5997360e-01  -4.6044919e-02   2.7788325e-01   5.6620394e-03  -6.6770478e-03  -3.4614697e-03
   1.3663309e-01  -4.0665052e-02   2.4691571e-01   5.4543556e-03  -6.6253973e-03  -3.2076520e-03
   1.2681701e-01  -1.1674315e-01   1.7122338e-01   6.6594850e-03  -6.4915494e-03  -3.9946792e-03
   1.1804290e-01  -5.7062905e-02   1.3070766e-01   7.2569731e-03  -7.0250730e-03  -4.1615714e-03
   1.0906728e-01  -1.0957346e-01   1.4149001e-01   7.7407954e-03  -7.3831237e-03  -3.5583746e-03
   9.0887071e-02   4.6154396e-02   2.2587398e-01   7.0233829e-03  -7.0063030e-03  -3.2758983e-03
   1.0500579e-01  -9.6279840e-02   2.4320979e-01   7.3927057e-03  -7.1331617e-03  -3.2478289e-03
   1.0552938e-01  -9.9401907e-02   2.4886324e-01   6.9076418e-03  -7.2778827e-03  -3.2284747e-03
   9.2479691e-02  -4.5269000e-02   2.4752424e-01   6.1001486e-03  -6.9266332e-03  -3.0686601e-03
   9.5138525e-02  -9.4741988e-02   2.4222773e-01   7.1117768e-03  -7.0900567e-03  -3.1844594e-03
   8.4262308e-02  -4.0000580e-02   2.4826722e-01   6.1145046e-03  -6.9589829e-03  -3.0576636e-03
   9.6478405e-02  -1.3859505e-01   1.9352394e-01   6.6238724e-03  -7.2213229e-03  -3.0770560e-03
   8.5939888e-02   2.1566909e-03   2.4398800e-01   6.7134752e-03  -7.1650460e-03  -3.0325540e-03
   9.5012638e-02  -6.2697687e-02   1.7445096e-01   6.4793653e-03  -6.9818378e-03  -3.1158986e-03
   1.0303993e-01  -9.4153596e-02   1.4192626e-01   1.0923402e-02  -6.5925146e-03  -4.1393479e-03
   1.1043503e-01  -9.5624742e-02   1.5940118e-01   7.7855398e-03  -7.0530411e-03  -3.8957851e-03
   8.6281020e-02  -1.7831799e-01   1.0027287e-01   8.5046219e-03  -7.1563726e-03  -3.7563787e-03
   1.2190538e-01  -1.6019389e-01   1.9914821e-01   1.0079214e-02  -7.4021444e-03  -3.4862314e-03
   1.1064563e-01  -1.4394549e-01   1.3859879e-01   8.9687048e-03  -7.6186600e-03  -4.2504204e-03
   9.8548429e-02  -2.1974704e-01   1.1125888e-01   1.0043058e-02  -7.8906383e-03  -4.3334319e-03
   1.0555067e-01  -1.5331223e-01   1.4036154e-01   1.0452656e-02  -7.8442827e-03  -4.0596983e-03
   1.3759039e-01  -5.0186774e-01   1.9368112e-01   1.1324889e-02  -8.8443542e-03  -4.4784806e-03
   1.0865966e-01  -8.2361035e-02   5.4919308e-02   9.8560507e-03  -8.3739405e-03  -4.4199432e-03
   1.1815955e-01   1.6601637e-01   1.0007973e-01   1.0168394e-02  -7.7463522e-03  -5.0060483e-03
   1.2085201e-01  -8.2620445e-02   7.9932495e-02   9.7606179e-03  -8.0537439e-03  -4.8678708e-03
   1.3694373e-01  -7.8133707e-02   1.2856653e-01   9.1091952e-03  -8.1717175e-03  -5.0173778e-03
   1.5700694e-01  -1.0218791e-01   2.2417897e-01   1.0160298e-02  -8.6363721e-03  -5.1078678e-03
   1.5083234e-01  -1.3044650e-01   2.9237896e-01   9.3403529e-03  -8.3750019e-03  -4.5188660e-03
   1.4350724e-01  -8.3468079e-02   3.0822135e-01   8.3650215e-03  -7.9001748e-03  -4.3748427e-03
   1.3930659e-01  -1.1722692e-01   2.8012922e-01   9.1657892e-03  -8.3149315e-03  -4.5084324e-03
   1.5207552e-01  -1.7004147e-01   1.7328103e-01   9.7198380e-03  -8.8112634e-03  -4.7389203e-03
   1.4920357e-01  -2.1652021e-01   1.2918252e-01   1.0969653e-02  -8.9182435e-03  -4.5481588e-03
   1.4812275e-01  -1.3094252e-01   2.0714789e-01   1.1201266e-02  -8.7484215e-03  -4.7684186e-03
   1.5046440e-01  -1.8583593e-01   1.8298796e-01   1.0400273e-02  -8.9177373e-03  -4.6675049e-03
   1.4656946e-01  -2.2924930e-01   1.8030448e-01   9.9046154e-03  -8.5650312e-03  -4.9316445e-03
   1.3322477e-01  -1.3230867e-01   1.4402629e-01   1.1290224e-02  -8.3406655e-03  -5.3553107e-03
   1.4060723e-01  -2.1842811e-01   1.3577138e-01   9.9424480e-03  -8.6489094e-03  -5.1712889e-03
   1.3632342e-01  -1.4397450e-01   9.0434022e-02   1.0539550e-02  -8.5976910e-03  -5.3838092e-03
   1.5327892e-01  -2.3100578e-01   1.9770534e-01   1.0889844e-02  -9.0338649e-03  -5.2286944e-03
   1.4447694e-01  -9.4474289e-02   2.2608489e-01   9.5841464e-03  -9.1547902e-03  -5.0192948e-03
   1.3214682e-01  -1.3207360e-01   1.8868252e-01   9.7320325e-03  -8.8039477e-03  -5.0935637e-03
   1.2855305e-01  -1.4374158e-01   1.4798662e-01   1.1085261e-02  -8.4357525e-03  -5.0453911e-03
   1.2132288e-01  -2.1831320e-01   9.0619361e-02   1.1783549e-02  -8.3459615e-03  -6.0099521e-03
   1.2991386e-01  -1.8045155e-01   9.7617939e-02   1.0813466e-02  -8.7245452e-03  -5.7586031e-03
   1.0261765e-01  -1.4992331e-01   9.2019033e-02   1.0711636e-02  -8.4533773e-03  -5.4088904e-03
   1.2816396e-01  -2.3621862e-01   1.6934194e-01   1.0959290e-02  -8.5977713e-03  -5.3856324e-03
   1.3520855e-01  -8.0613542e-02   1.6938669e-01   1.0027363e-02  -8.7703112e-03  -5.0612945e-03
   1.2491696e-01  -1.4618478e-01   2.1213711e-01   9.5918992e-03  -8.3496338e-03  -5.0471821e-03
   1.2597918e-01  -1.6334929e-01   1.8502258e-01   1.0145330e-02  -8.4406396e-03  -5.1552674e-03
   1.2503333e-01  -6.1460238e-02   2.0014193e-01   8.6202296e-03  -8.0398997e-03  -5.2525014e-03
   1.2989273e-01  -2.0801627e-01   1.1983554e-01   1.0267500e-02  -8.3616725e-03  -5.2662651e-03
   1.2813148e-01  -8.3205197e-02   1.4909510e-01   1.0182886e-02  -8.5453339e-03  -5.3161109e-03
   1.0694401e-01  -6.3171753e-02   9.4778951e-02   1.0130562e-02  -8.1712098e-03  -5.3155986e-03
   1.0730292e-01  -1.3789510e-01   1.7886977e-01   1.0841434e-02  -8.2965682e-03  -5.0288097e-03
   1.2737128e-01  -1.2069151e-01   1.3172237e-01   1.1308932e-02  -8.7451703e-03  -5.7000980e-03
   1.1126572e-01  -1.3063658e-01   1.4999686e-01   1.0780613e-02  -8.3612483e-03  -5.7507271e-03
   1.2821260e-01  -1.8243806e-01   1.4442814e-01   1.1422807e-02  -8.5361991e-03  -5.2792157e-03
   1.3059838e-01  -1.2344839e-01   2.2370645e-01   1.0985167e-02  -8.7237733e-03  -5.3035518e-03
   1.2414845e-01  -1.9185663e-01   2.2276678e-01   1.0769454e-02  -8.7628076e-03  -5.2142505e-03
   1.3745899e-01  -2.1071443e-01   1.9910792e-01   1.1152394e-02  -9.2201950e-03  -5.2665798e-03
   1.2675764e-01  -8.5575165e-02   2.3208177e-01   1.0840914e-02  -8.7920551e-03  -5.4613860e-03
   1.2789715e-01  -1.5308780e-01   1.6951677e-01   1.1019966e-02  -8.8200846e-03  -5.3814175e-03
   1.2909814e-01  -5.0945818e-02   1.7571375e-01   1.0734914e-02  -8.7117033e-03  -5.2222814e-03
   1.2704603e-01  -1.3385949e-01   1.7358841e-01   1.1339019e-02  -8.6609166e-03  -5.4612468e-03
   1.4021658e-01  -1.8257521e-01   2.0122203e-01   1.2081660e-02  -9.0766092e-03  -5.7584803e-03
   1.4904820e-01  -1.0528402e-01   2.1105698e-01   1.0924322e-02  -8.9248543e-03  -5.7438718e-03
   1.3949097e-01  -2.4716028e-01   1.5737791e-01   1.1619216e-02  -8.7875240e-03  -5.6391568e-03
   1.4670227e-01  -1.3593618e-01   1.9603572e-01   1.1568288e-02  -8.8081015e-03  -5.8211435e-03
   1.4546352e-01  -4.2332827e-02   1.3338225e-01   1.0651231e-02  -8.5442448e-03  -5.6380820e-03
   1.5512059e-01  -1.7554883e-01   1.7252298e-01   1.1890378e-02  -8.7622676e-03  -5.4128517e-03
   1.5276547e-01  -1.2448812e-01   1.9810893e-01   1.1406159e-02  -8.7398964e-03  -5.5233146e-03
   1.5619363e-01  -2.2958707e-01   1.8594890e-01   1.1568902e-02  -8.7989461e-03  -5.5587384e-03
   1.5593829e-01  -2.4557185e-01   2.0209828e-01   1.2928319e-02  -8.7071778e-03  -6.1785048e-03
   1.2435174e-01  -1.5678655e-01   1.1852264e-01   1.1468550e-02  -8.1833930e-03  -6.6192079e-03
   9.9189659e-02  -2.1029679e-01   1.2495139e-01   1.1411400e-02  -8.2783092e-03  -6.0193426e-03
   8.1303156e-02  -2.0536515e-01   1.1517122e-01   1.2012193e-02  -8.5579517e-03  -6.0615625e-03
   9.7159362e-02  -1.9256033e-01   1.5950396e-01   1.1962365e-02  -8.8475688e-03  -6.0240574e-03
   8.5065697e-02  -1.2075494e-01   1.9617136e-01   1.1228822e-02  -8.6409208e-03  -6.2862165e-03
   8.5070663e-02  -1.7644961e-01   1.1014661e-01   1.1056574e-02  -8.6330296e-03  -6.2905311e-03
   9.1119329e-02  -1.2677463e-01   1.4656459e-01   1.1091306e-02  -8.4945687e-03  -6.0663083e-03
   8.8794087e-02  -1.3400270e-01   1.1289993e-01   1.1320512e-02  -8.3818041e-03  -5.9019073e-03
   9.4925790e-02  -7.9028103e-02   1.8927606e-01   1.1643050e-02  -8.6260475e-03  -5.8069296e-03
   1.1416442e-01  -1.1657549e-01   2.0036686e-01   1.1013213e-02  -8.7658401e-03  -5.7397478e-03
   1.2758780e-01  -2.2682675e-01   1.4410451e-01   1.0864694e-02  -8.5979697e-03  -5.7305284e-03
   1.1612703e-01   3.3526140e-02   1.0249171e-01   1.0192897e-02  -8.6360350e-03  -6.2514066e-03
   1.2094077e-01  -2.5673838e-01   1.0744699e-01   1.2253711e-02  -8.7783626e-03  -6.1888337e-03
   1.0759073e-01  -2.0187583e-01   8.7864621e-02   1.2933117e-02  -8.9970897e-03  -6.1431569e-03
   9.9463592e-02  -2.3237793e-01   1.0452987e-01   1.3177521e-02  -8.6952249e-03  -6.3259829e-03
   1.1516933e-01  -1.5541701e-01   1.3821254e-01   1.2214516e-02  -8.8388931e-03  -6.2002297e-03
   1.0301661e-01  -1.4956665e-01   1.1488126e-01   1.1727874e-02  -8.4270214e-03  -6.1639233e-03
   1.2025844e-01  -2.0339612e-01   1.2596456e-01   1.2010848e-02  -8.6544768e-03  -6.0763049e-03
   1.0642425e-01  -6.4704059e-02   1.5004031e-01   1.1832725e-02  -8.3923583e-03  -5.6844729e-03
   1.0174578e-01  -4.8809145e-02   1.2055686e-01   1.1247973e-02  -8.5442642e-03  -5.9935876e-03
   1.0756908e-01  -1.3935537e-01   1.4972509e-01   1.2002614e-02  -8.3554310e-03  -6.3972150e-03
   1.2375236e-01  -1.6010808e-01   1.6461766e-01   1.1646086e-02  -8.6699599e-03  -6.1991616e-03
   1.0187103e-01  -2.1222413e-01   1.2523501e-01   1.1305987e-02  -8.3473849e-03  -6.3806890e-03
   1.0730137e-01  -1.2892729e-01   9.2782749e-02   1.1957965e-02  -8.8455078e-03  -6.1765821e-03
   1.0680999e-01  -1.7246566e-01   1.4707290e-01   1.2169788e-02  -8.5603609e-03  -6.0738936e-03
   1.0166454e-01  -1.6573520e-01   1.5777556e-01   1.1639747e-02  -8.4471738e-03  -6.2971646e-03
   9.7569381e-02  -1.6160803e-01   1.2936925e-01   1.1618707e-02  -8.5430182e-03  -6.3680639e-03
   9.1699550e-02  -7.5690945e-02   1.0259472e-01   1.1259984e-02  -8.5240677e-03  -6.0299632e-03
   9.3884057e-02  -1.4499092e-01   1.1172460e-01   1.2131301e-02  -8.6904824e-03  -5.9198745e-03
   9.6938553e-02  -1.4509957e-01   1.5952610e-01   1.2270873e-02  -8.8023192e-03  -6.2354601e-03
   9.4194785e-02  -1.0677396e-01   1.4566118e-01   1.1546275e-02  -8.4348923e-03  -6.1827973e-03
   9.6366725e-02  -1.6157873e-01   1.5859296e-01   1.2234978e-02  -8.4684914e-03  -6.0152057e-03
   1.1323612e-01  -1.6340832e-01   1.6470113e-01   1.2029151e-02  -8.5156725e-03  -6.2677582e-03
   1.1154968e-01  -1.6508295e-01   1.6334922e-01   1.1753416e-02  -8.3331420e-03  -6.4821359e-03
   1.0896865e-01  -9.7792693e-02   1.2903192e-01   1.2023656e-02  -8.1273289e-03  -6.2500145e-03
   1.1818951e-01  -1.5172558e-01   1.7721011e-01   1.1886733e-02  -8.3410612e-03  -6.1785607e-03
   1.2363452e-01  -1.7372798e-01   1.8190312e-01   1.2173534e-02  -8.3970675e-03  -6.3946763e-03
   1.2657738e-01  -1.6368204e-01   1.4479159e-01   1.2184932e-02  -8.6340175e-03  -6.4426269e-03
   1.0796954e-01  -1.6221944e-01   1.2326874e-01   1.1142335e-02  -8.1625729e-03  -6.6839948e-03
   1.0020284e-01  -1.8457797e-01   4.4569230e-02   1.3090852e-02  -7.9085528e-03  -7.0314376e-03
   9.1625308e-02  -5.8535810e-02   8.1370218e-02   1.2842871e-02  -8.1508562e-03  -6.5809535e-03
   1.1443259e-01  -1.6251443e-01   9.6124317e-02   1.3269980e-02  -8.8195259e-03  -6.7840150e-03
   1.2386879e-01  -2.5215116e-01   1.4473318e-01   1.3271331e-02  -8.7795538e-03  -6.8127062e-03
   1.1027732e-01  -1.9454269e-01   1.1131524e-01   1.2407982e-02  -8.1833377e-03  -6.7389410e-03
   1.0084727e-01  -1.9038525e-01   1.2037456e-01   1.3234605e-02  -7.9704230e-03  -6.7073890e-03
   1.0474732e-01  -7.6869213e-02   1.4872828e-01   1.2102833e-02  -8.0079751e-03  -6.4266762e-03
   1.2062642e-01  -2.3941639e-01   8.6263355e-02   1.2886880e-02  -8.3541562e-03  -6.4947095e-03
   1.1324312e-01  -8.8118215e-02   1.1970622e-01   1.2562546e-02  -8.0375202e-03  -6.5891433e-03
   1.1830989e-01  -2.1978314e-01   6.4004755e-02   1.3196376e-02  -8.2088638e-03  -6.4486967e-03
   1.2011370e-01  -2.1716366e-01   1.2394768e-01   1.3623813e-02  -7.9792247e-03  -6.5906576e-03
   9.9866595e-02  -1.6597932e-01   1.4540961e-01   1.2349555e-02  -7.8468559e-03  -6.4799310e-03
   1.2524485e-01  -1.3768233e-01   1.0980669e-01   1.3000651e-02  -8.3721999e-03  -6.4593808e-03
   1.1246834e-01  -8.9137888e-02   1.5607004e-01   1.2080862e-02  -7.9838407e-03  -6.6075971e-03
