   0.0000000e+00   0.0000000e+00   0.0000000e+00   0.0000000e+00   0.0000000e+00   0.0000000e+00
   2.3553405e-02  -4.6708739e-02  -3.3913395e-02   5.6924075e-04  -2.0127029e-04   1.7938567e-04
   1.6384972e-02  -3.7824858e-02  -5.5086709e-02  -4.7048466e-04  -1.5030733e-04   2.0564973e-04
   1.3428603e-02  -6.1561663e-02  -6.5241341e-02  -7.6260545e-05  -9.9130094e-05   1.8450738e-04
  -8.2772001e-03  -7.6102325e-02  -1.0491155e-01   8.8981293e-04  -6.7760731e-04  -1.7892285e-04
   6.4237956e-04  -2.5590641e-02  -4.0858810e-02  -7.1786305e-04  -8.7382754e-05   3.0636986e-05
   4.7676329e-03  -1.8060086e-03  -6.1356857e-02  -8.4635983e-04   1.2961780e-04   2.0506672e-04
   2.3919312e-03  -4.8606021e-02  -7.4211464e-02  -3.3683989e-04   4.4009223e-04   4.7662088e-04
  -1.8214591e-02  -5.3653582e-02  -4.0273303e-02  -5.8149434e-04   9.9616407e-04   5.4361507e-06
  -3.3329859e-03  -8.5453121e-02  -7.7629164e-02  -3.4416325e-05   1.0238771e-03   3.7523750e-04
   2.3205710e-02  -1.5537892e-01  -1.2943678e-01   8.8229467e-04   1.5909575e-04   6.2189602e-04
   2.3420734e-02  -8.1011300e-02  -1.0603917e-01   7.6824778e-04   1.7158591e-04   7.5309985e-04
   1.3543376e-02  -2.9346051e-02  -5.2102684e-02  -6.4019693e-04   4.2786561e-05   5.3439158e-04
   1.8075080e-02  -2.7348319e-02  -7.1862904e-02  -6.3252458e-05   2.1677368e-04   5.7004782e-04
   1.2823907e-02  -3.6456097e-02  -4.8966958e-02   3.0767631e-04   3.6182910e-04   4.5434903e-04
   3.0028676e-02  -2.6257261e-02  -6.8410648e-02   1.7220422e-04   3.5220834e-05   7.3978907e-04
   2.7137661e-02  -1.1038255e-01  -8.9743535e-02   3.8814657e-04  -4.1452652e-05   4.8657161e-04
   3.4181433e-02  -8.4918694e-02  -1.1215138e-01  -1.4415328e-04  -2.9997219e-04   4.4314012e-04
   4.3952698e-02  -1.8505333e-02  -5.3020388e-02  -6.5827064e-04  -2.3611800e-04   7.5402371e-04
   4.2901867e-02  -9.5769036e-03  -8.1035573e-02  -1.2013100e-04  -1.2251166e-04   8.7027698e-04
   3.5773952e-02  -6.8974385e-03  -1.1563243e-01   7.7001316e-05  -2.2210922e-04   5.8338820e-04
   3.0321895e-02   2.3855722e-02  -1.0256530e-01  -4.1295538e-05  -1.4722969e-04   5.7195788e-04
   9.5736575e-03  -5.1655901e-02  -6.9378707e-02  -9.6384637e-04   3.5492654e-04   2.6046417e-04
   1.2802466e-02  -1.9981918e-03  -9.0607687e-02  -1.0545276e-03   5.5449309e-04   3.9183513e-04
   2.0840155e-02  -2.8944030e-02  -1.2877823e-01   2.2786458e-04   2.3809989e-04   4.2864104e-05
   2.8145027e-02  -1.6400112e-02  -1.1628907e-01  -4.2112989e-04   2.9007507e-04   7.2866951e-04
   2.7768325e-02  -2.3751269e-02  -1.4838668e-01  -1.5168337e-04   3.5197791e-04   7.8256370e-04
   2.2477846e-02   1.2774951e-02  -1.2363760e-01  -1.0763602e-03   7.2981381e-04   8.3219147e-04
   1.5957748e-02  -2.5061551e-02  -1.5385578e-01  -5.7578719e-04   7.8698281e-04   5.3966625e-04
   1.3918071e-02  -5.0569709e-03  -1.5715786e-01  -3.0916390e-04   5.7836835e-04   2.5502016e-04
   1.8094884e-02  -6.1155982e-02  -1.6375956e-01  -6.7723441e-04   7.1269682e-04   6.4547000e-04
   3.0028675e-02  -1.1706216e-01  -1.8363987e-01  -1.4556309e-04   3.5633503e-04   9.2356474e-04
   2.5756450e-02  -5.8907147e-02  -1.4492286e-01  -1.5082956e-03   4.1605714e-04   8.4101289e-04
   1.4705563e-02  -7.7929163e-02  -1.8470267e-01  -6.2409456e-04   4.6337627e-04   4.5803444e-04
   1.5818812e-02  -2.6352155e-02  -1.0923291e-01  -1.1788565e-03   9.3544909e-04   7.1159414e-04
   1.8599970e-02  -8.8746641e-02  -1.5221349e-01  -6.5631903e-04   6.4427817e-04   8.1595340e-04
   3.1623907e-02  -5.8673875e-02  -1.0452076e-01  -1.6199478e-03   4.5946211e-04   1.2670435e-03
   2.1476087e-02  -4.7088755e-02  -8.9110616e-02  -3.0689297e-03   7.6139680e-04   9.1896263e-04
   1.3734554e-02  -5.4989552e-03  -1.1119147e-01  -3.5451053e-03   6.8172853e-04   8.0643516e-04
   2.6218379e-03   1.8244904e-02  -9.0928087e-02  -3.8545309e-03   7.0755976e-04   6.0976530e-04
  -2.9339804e-03   2.7706348e-02  -7.3719593e-02  -3.9108886e-03   7.2491127e-04   4.5789578e-04
  -2.3891637e-03   1.1909762e-02  -9.9054877e-02  -3.8122317e-03   3.7536292e-04   5.7103278e-04
  -1.3685998e-02   3.6468001e-02  -2.7719233e-02  -5.0923512e-03   2.1698136e-04   4.1243006e-04
  -1.3140028e-02   6.9265236e-02   1.4131594e-02  -5.2978618e-03  -2.9565198e-04   2.8048848e-04
  -9.1503042e-03   6.3314311e-02   8.0083026e-03  -6.2686672e-03  -9.8935896e-04   2.0870855e-04
  -2.2078877e-02   8.8549044e-02   5.0075642e-02  -7.5482897e-03  -1.2660851e-03  -6.4814688e-06
  -2.7757130e-02   6.5465495e-02   6.5920178e-02  -8.3348779e-03  -1.1822769e-03  -3.2050916e-04
  -2.6349371e-02  -6.2824055e-03   7.0090335e-03  -5.9671233e-03  -9.8699125e-04  -3.5483893e-04
  -2.7550665e-02  -1.2416098e-02   3.0442694e-04  -5.4271809e-03  -2.2849835e-04  -2.1679206e-04
  -3.0685256e-02   5.3226228e-02   1.2811790e-02  -7.3246786e-03  -5.9133936e-04  -7.0905785e-05
  -3.0674869e-02   6.2216716e-02   5.4559065e-02  -7.4780399e-03  -5.5337654e-04  -3.9505352e-04
  -1.6238330e-02  -1.8465561e-02   2.7300371e-02  -7.1489806e-03  -6.7313182e-04  -1.4972173e-04
  -2.4425581e-02  -1.1780080e-02   2.8536065e-02  -7.7316258e-03  -6.5063622e-04  -3.5184820e-04
  -2.4672243e-02   2.4811071e-02   2.0144875e-02  -7.9402254e-03  -8.0434532e-04  -5.9490539e-04
  -3.6030904e-02   3.5356761e-02   2.4206246e-04  -8.0500953e-03  -4.5476616e-04  -7.1711689e-04
  -3.2923077e-02   7.6507137e-02   1.9510580e-02  -8.0557765e-03  -2.1568959e-04  -4.8343331e-04
  -3.3691137e-02   7.7858225e-02   5.0388912e-03  -8.0431780e-03  -5.0030601e-04  -5.6547204e-04
  -3.3970398e-02   7.4903511e-02   4.3236213e-02  -8.4612208e-03  -6.7085487e-04  -7.6346514e-04
  -2.9813817e-02   7.1485536e-02   5.4397771e-02  -8.4937060e-03  -6.9975040e-04  -6.6983865e-04
  -3.5640720e-02   8.2922750e-02   5.2519188e-02  -9.1118290e-03  -6.7435567e-04  -9.0959852e-04
  -4.1283991e-02   3.2142300e-02   7.6486295e-02  -1.0083345e-02  -6.8201751e-04  -1.0770230e-03
  -4.2867728e-02   8.9721016e-02   1.3360714e-01  -1.1427401e-02  -1.1819356e-03  -9.3225751e-04
  -4.3138117e-02   1.6625955e-01   1.7591615e-01  -1.2313163e-02  -1.3024428e-03  -9.9612748e-04
  -3.8822685e-02   1.0890381e-01   1.0333398e-01  -1.1682850e-02  -1.2242096e-03  -1.0034325e-03
  -4.3913562e-02   1.5361437e-01   1.2500242e-01  -1.1365234e-02  -7.1568923e-04  -9.2157972e-04
  -4.2352457e-02   2.1687446e-01   1.8872148e-01  -1.3284885e-02  -1.0388175e-03  -8.6581076e-04
  -3.0687187e-02   1.1986437e-01   2.0232893e-01  -1.3317997e-02  -1.1874925e-03  -6.0937018e-04
  -3.1114253e-02   1.9825812e-01   2.0492235e-01  -1.3977651e-02  -1.2108064e-03  -4.9983999e-04
  -3.7286532e-02   1.6283897e-01   1.8836166e-01  -1.4557614e-02  -1.5003191e-03  -6.2354266e-04
  -3.8984057e-02   1.6725151e-01   1.7756309e-01  -1.4896411e-02  -1.7387698e-03  -5.6185505e-04
  -4.4908422e-02   2.0666349e-01   2.1401117e-01  -1.5060824e-02  -1.9184608e-03  -6.3096727e-04
  -5.5838937e-02   2.0270066e-01   1.8698990e-01  -1.4278782e-02  -7.0136904e-04  -6.3857429e-04
  -5.8344905e-02   1.4239677e-01   1.4624085e-01  -1.5069123e-02  -3.1676551e-04  -4.3394841e-04
  -5.8122629e-02   1.5841783e-01   1.6550830e-01  -1.5391790e-02  -8.0549630e-05  -4.2540453e-04
  -5.9322641e-02   1.4701126e-01   1.4093763e-01  -1.5337095e-02   8.3937061e-05  -3.0496479e-04
  -7.8757453e-02   2.1954083e-01   2.1530526e-01  -1.5357650e-02   3.5991013e-05  -6.2636662e-04
  -6.8794334e-02   1.7028514e-01   1.9348708e-01  -1.5322179e-02  -5.5761933e-04  -6.1609107e-04
  -5.5907088e-02   1.4831552e-01   2.0106333e-01  -1.4767623e-02  -9.6676972e-04  -5.9032519e-04
  -6.4033197e-02   1.3677692e-01   1.7587261e-01  -1.4892248e-02  -9.5036608e-04  -6.2173519e-04
  -6.5569327e-02   1.5957112e-01   2.1633390e-01  -1.5819384e-02  -8.2246813e-04  -9.1024739e-04
  -7.5951624e-02   1.1368834e-01   2.1695915e-01  -1.6375260e-02  -1.1444241e-03  -1.0230176e-03
  -7.4782062e-02   1.6541014e-01   1.8415967e-01  -1.5949319e-02  -9.4925600e-04  -8.2649575e-04
  -8.2570796e-02   1.4330816e-01   1.9511078e-01  -1.5997111e-02  -1.0805702e-03  -1.1354473e-03
  -8.0797252e-02   1.3687223e-01   2.0735040e-01  -1.6713220e-02  -1.3412844e-03  -1.1162343e-03
  -8.9045970e-02   1.8086915e-01   2.5351273e-01  -1.6716906e-02  -1.4282794e-03  -1.0905745e-03
  -8.4619573e-02   2.0853262e-01   2.4619012e-01  -1.7020858e-02  -1.8865001e-03  -1.0605097e-03
  -7.8392673e-02   1.6852164e-01   2.4554186e-01  -1.7095412e-02  -1.8838136e-03  -1.0103977e-03
  -8.2879018e-02   1.6469001e-01   2.3129635e-01  -1.7928736e-02  -1.9544650e-03  -9.5678177e-04
  -8.8579662e-02   2.0345180e-01   2.6238375e-01  -1.8640729e-02  -1.9526149e-03  -1.2003175e-03
  -8.7621288e-02   1.9722834e-01   2.4238475e-01  -1.7881474e-02  -2.0358760e-03  -1.2511539e-03
  -9.0988268e-02   2.1376228e-01   2.0683197e-01  -1.7818480e-02  -1.5853867e-03  -9.1804899e-04
  -6.9418461e-02   1.6101569e-01   1.7520629e-01  -1.7256016e-02  -1.8547195e-03  -8.9217755e-04
  -6.9766451e-02   1.6871760e-01   1.9333439e-01  -1.7236078e-02  -1.5363015e-03  -7.8593684e-04
  -6.4892963e-02   1.5307601e-01   1.6188439e-01  -1.7788741e-02  -2.1791820e-03  -8.6504314e-04
  -6.7268141e-02   1.2737851e-01   7.7382230e-02  -1.8288479e-02  -2.7390404e-03  -9.1685292e-04
  -6.1799465e-02   1.7057752e-01   1.1112842e-01  -1.8509026e-02  -2.7705669e-03  -8.2498661e-04
  -5.1857169e-02   1.6811138e-01   7.9125057e-02  -1.8750039e-02  -3.1848501e-03  -9.0031018e-04
  -4.7779973e-02   2.4033157e-01   1.2170692e-01  -1.9129964e-02  -2.7065184e-03  -8.3382536e-04
  -6.3213527e-02   1.3848691e-01   9.8989678e-02  -1.9123142e-02  -2.6706499e-03  -9.3283132e-04
  -6.9692430e-02   2.1936948e-01   1.7676095e-01  -1.9648072e-02  -2.6629760e-03  -1.0984464e-03
  -8.7570182e-02   1.7257711e-01   1.2122247e-01  -1.8797370e-02  -2.2723949e-03  -1.1895024e-03
  -7.4657749e-02   1.7588721e-01   1.5126216e-01  -1.8425046e-02  -2.6055371e-03  -1.1556985e-03
  -7.2546143e-02   1.2326704e-01   1.8547333e-01  -1.7890398e-02  -2.5415374e-03  -1.1041701e-03
  -7.9973719e-02   1.1558101e-01   2.2401103e-01  -1.9558884e-02  -2.4936103e-03  -1.3817901e-03
  -8.6966827e-02   1.6011107e-01   1.3289982e-01  -1.8058409e-02  -2.3873783e-03  -1.4565767e-03
  -8.0759239e-02   2.3025456e-01   1.5918296e-01  -1.8019709e-02  -2.7853354e-03  -1.2305821e-03
  -7.8497036e-02   2.8995944e-01   1.6089088e-01  -1.8249723e-02  -2.9580195e-03  -1.0998933e-03
  -8.2024965e-02   1.6376868e-01   1.4084138e-01  -1.8948424e-02  -3.2013457e-03  -1.3502101e-03
  -8.2046061e-02   1.8094365e-01   1.7289971e-01  -1.8823176e-02  -2.9844685e-03  -1.2273839e-03
  -8.6526585e-02   2.2483886e-01   1.7568511e-01  -1.9492893e-02  -2.8737942e-03  -1.1074566e-03
  -9.3150552e-02   1.9721246e-01   1.7498011e-01  -1.9592030e-02  -2.8736654e-03  -1.3711360e-03
  -9.7040681e-02   2.2615612e-01   2.4587291e-01  -2.0438126e-02  -2.9106424e-03  -1.6467529e-03
  -1.0438320e-01   2.3788260e-01   1.8208088e-01  -2.0005928e-02  -2.8447864e-03  -1.8596625e-03
  -1.1559687e-01   2.5194612e-01   2.0790939e-01  -2.0016218e-02  -2.2178990e-03  -1.8183881e-03
  -1.1514657e-01   1.9777275e-01   1.8844435e-01  -1.9298977e-02  -2.7255042e-03  -1.8838855e-03
  -1.0095157e-01   2.0074257e-01   1.9409919e-01  -1.9796351e-02  -3.0367230e-03  -1.8320733e-03
  -1.0335626e-01   2.1218393e-01   2.0515356e-01  -2.0210786e-02  -3.4128338e-03  -1.7608943e-03
  -8.7729609e-02   2.7566429e-01   1.9752595e-01  -1.9493658e-02  -3.6647673e-03  -1.6445058e-03
  -8.6387548e-02   2.6700621e-01   1.8412191e-01  -1.9675753e-02  -3.1521743e-03  -1.2384972e-03
  -9.4010414e-02   2.3879852e-01   1.5581339e-01  -1.9342669e-02  -3.2993296e-03  -1.3362957e-03
  -8.5853027e-02   1.9919269e-01   1.5714731e-01  -1.9200446e-02  -3.4835374e-03  -1.2974639e-03
  -1.0332056e-01   1.3101184e-01   1.0098681e-01  -1.9369384e-02  -3.1319836e-03  -1.3759192e-03
  -8.9524129e-02   1.9411999e-01   7.6959722e-02  -1.9317319e-02  -3.4481539e-03  -1.5813414e-03
  -8.5912920e-02   2.2258867e-01   1.2001154e-01  -1.9534687e-02  -3.2889849e-03  -1.3668584e-03
  -1.0198655e-01   1.7459351e-01   1.0637863e-01  -1.9932193e-02  -2.8945042e-03  -1.1302345e-03
  -1.0448019e-01   1.7589408e-01   8.0976619e-02  -2.0882213e-02  -3.0196024e-03  -1.1881804e-03
  -1.0621080e-01   2.2578402e-01   8.6635777e-02  -2.1074358e-02  -3.1923403e-03  -1.0174432e-03
  -1.0196373e-01   2.2452261e-01   2.6937725e-02  -2.0064726e-02  -3.4898858e-03  -1.1105305e-03
  -1.0023944e-01   2.3553054e-01   6.4783568e-02  -2.0562650e-02  -3.2014013e-03  -9.6980723e-04
  -9.6603595e-02   2.0282503e-01   6.8465162e-02  -2.0040383e-02  -3.3033007e-03  -1.1542735e-03
  -8.9264728e-02   2.0650362e-01   5.8050621e-02  -2.0091024e-02  -3.4274163e-03  -9.6480907e-04
  -9.6650381e-02   2.1004207e-01   9.4002512e-02  -2.0119400e-02  -3.1026495e-03  -9.7671603e-04
  -9.3653677e-02   1.0205521e-01   6.5766787e-02  -2.0457485e-02  -3.6598398e-03  -1.1347716e-03
  -8.2426820e-02   2.1890225e-01   8.2411631e-02  -2.0426231e-02  -3.8998735e-03  -1.1897899e-03
  -9.1085369e-02   2.1390875e-01   7.7826565e-02  -2.0251610e-02  -3.5677948e-03  -1.2063623e-03
  -8.4991943e-02   1.5947223e-01   9.5431159e-02  -1.9458481e-02  -3.3556970e-03  -1.0375460e-03
  -9.2143586e-02   1.7234982e-01   7.2098654e-02  -2.0093815e-02  -2.8920217e-03  -1.2064495e-03
  -1.0418784e-01   1.7063250e-01   7.8283905e-02  -2.1034373e-02  -2.9491051e-03  -1.1293508e-03
  -8.2416398e-02   1.7490088e-01   8.2775670e-02  -2.1363368e-02  -3.2701864e-03  -7.8710007e-04
  -9.2425646e-02   1.7831108e-01   6.9843288e-02  -2.1099598e-02  -3.1093503e-03  -1.0398153e-03
  -9.9322072e-02   1.9895935e-01   7.4812766e-02  -2.1120986e-02  -2.8730126e-03  -6.9720733e-04
  -9.2250499e-02   1.9324258e-01   7.2196221e-02  -2.0839573e-02  -3.0458967e-03  -8.7741260e-04
  -9.5576083e-02   2.3651893e-01   1.1975628e-02  -2.1493794e-02  -2.9755714e-03  -9.5256889e-04
  -8.0778958e-02   2.8143776e-01   4.7447478e-02  -2.2009722e-02  -3.2676838e-03  -7.6452289e-04
  -7.7441222e-02   2.1172378e-01   2.9928393e-02  -2.1570804e-02  -3.4081692e-03  -8.7591913e-04
  -8.7799620e-02   1.8207872e-01   3.2414665e-02  -2.1772964e-02  -3.1448353e-03  -1.1144711e-03
  -9.7120756e-02   2.0759508e-01   4.5328122e-02  -2.1278331e-02  -3.1495715e-03  -1.2498631e-03
  -1.0871439e-01   2.0924166e-01   6.0563277e-02  -2.1574107e-02  -2.6605573e-03  -1.1095767e-03
  -9.3733223e-02   2.2560358e-01   4.9881988e-02  -2.1060954e-02  -3.1399059e-03  -7.0449916e-04
  -1.0909326e-01   1.9655442e-01   7.6196129e-02  -2.1643067e-02  -3.1335623e-03  -9.9851941e-04
  -1.1143787e-01   2.1843681e-01   1.0787672e-01  -2.2603831e-02  -3.3987298e-03  -1.1042915e-03
  -1.1231793e-01   1.8391478e-01   5.3855051e-02  -2.1771773e-02  -3.2809534e-03  -1.2368208e-03
  -1.0795238e-01   2.2518868e-01   9.0951104e-02  -2.1800593e-02  -3.2784378e-03  -1.3014991e-03
  -9.8985688e-02   1.7437340e-01   6.9945559e-02  -2.1804385e-02  -3.3447972e-03  -1.1003218e-03
  -1.0501897e-01   2.0323355e-01   9.8847258e-02  -2.2153949e-02  -3.3649134e-03  -1.3468119e-03
  -1.0346226e-01   1.8416171e-01   9.6081378e-02  -2.1796672e-02  -3.5490016e-03  -1.2970734e-03
  -1.0711008e-01   1.9742195e-01   9.4261444e-02  -2.1889972e-02  -3.1282421e-03  -1.0904906e-03
  -1.1372432e-01   1.4616197e-01   8.3999178e-02  -2.2293050e-02  -3.0415742e-03  -1.1742026e-03
  -1.1686864e-01   2.1380980e-01   9.4600436e-02  -2.2570629e-02  -2.9881902e-03  -9.9950473e-04
  -1.1544215e-01   2.2668108e-01   1.0772930e-01  -2.3222968e-02  -3.3485934e-03  -1.1934254e-03
  -1.1701049e-01   2.3938843e-01   1.1666482e-01  -2.2913143e-02  -2.9723875e-03  -1.0126089e-03
  -1.2247052e-01   1.9234253e-01   1.0888479e-01  -2.3452965e-02  -2.5143703e-03  -6.8659574e-04
  -1.0696743e-01   2.4064495e-01   1.9937292e-01  -2.2764785e-02  -2.1805642e-03  -3.3336598e-04
  -5.1735817e-02  -3.8742491e-02  -6.0254301e-03  -2.1535100e-02  -3.4627524e-03  -6.9172752e-04
  -6.7533049e-02   4.3142504e-01   1.3293618e-01  -2.4388099e-02  -2.6978225e-03   1.1739684e-04
  -7.3523157e-02   3.8516333e-01   9.5495005e-02  -2.3793510e-02  -3.3326905e-03   1.4880029e-04
  -8.9092087e-02   3.1491617e-01   7.1591263e-02  -2.3853848e-02  -3.0392635e-03   4.6653347e-05
  -9.9054144e-02   2.8867325e-01   1.0995952e-01  -2.4405701e-02  -2.6867973e-03   2.9012225e-04
  -9.1392179e-02   2.7858444e-01   1.3542583e-01  -2.5239267e-02  -3.1199904e-03   1.9423868e-04
  -9.3910512e-02   2.6036413e-01   1.0516613e-01  -2.4709681e-02  -3.3701294e-03   3.9878650e-04
  -9.0255501e-02   2.9553253e-01   1.1013035e-01  -2.5206242e-02  -3.6267382e-03   4.9947036e-04
  -8.3056764e-02   2.8511265e-01   1.0417004e-01  -2.5304232e-02  -3.6607495e-03   2.7466201e-04
  -9.0704328e-02   2.5178737e-01   1.2792211e-01  -2.5673481e-02  -3.3671201e-03   3.5839034e-04
  -8.8709287e-02   3.1267573e-01   1.2533884e-01  -2.6115365e-02  -3.2909731e-03   2.9281099e-04
  -8.9514655e-02   3.0309405e-01   4.6808307e-02  -2.4509744e-02  -2.9003012e-03   4.3062414e-04
  -9.0432595e-02   3.4478343e-01   9.4172534e-02  -2.4172459e-02  -3.0687276e-03   1.7330624e-04
  -9.9405215e-02   3.0701891e-01   7.3391389e-02  -2.3781317e-02  -3.0770380e-03   2.4662576e-04
  -1.1371210e-01   3.8401661e-01   1.8198800e-02  -2.3638802e-02  -3.5907801e-03  -2.1569269e-04
  -7.9432437e-02   3.2602809e-01   2.6835030e-02  -2.3054983e-02  -3.4399187e-03   6.6814198e-04
  -1.1325065e-01   2.1914467e-01  -4.2124902e-02  -2.3431282e-02  -3.0710202e-03   6.2881361e-04
  -9.9862541e-02   2.7406341e-01  -1.0246654e-02  -2.3906724e-02  -3.2052207e-03   5.1681789e-04
  -3.8183164e-02   2.7915190e-01   1.8437756e-03  -2.3715834e-02  -3.6372965e-03   1.3882085e-03
  -5.2238665e-02   2.7810534e-01  -4.0490796e-02  -2.1998455e-02  -3.5243031e-03   1.1121444e-03
  -6.6951602e-02   3.3853635e-01  -6.7969971e-04  -2.3223628e-02  -3.8733853e-03   9.5035742e-04
  -7.0568223e-02   3.7032979e-01   8.1495724e-03  -2.3617966e-02  -3.4587017e-03   1.2181312e-03
  -8.3210767e-02   3.1792686e-01  -4.3086128e-03  -2.3034164e-02  -3.0275307e-03   1.0353118e-03
  -8.5920879e-02   2.8911290e-01   7.0157036e-02  -2.4334910e-02  -3.3209626e-03   7.8636374e-04
  -8.0304847e-02   3.2267969e-01   8.5757110e-02  -2.4624784e-02  -3.8307627e-03   7.0927894e-04
  -7.5376620e-02   2.7832203e-01   3.8846167e-02  -2.4415088e-02  -4.2348878e-03   5.2777058e-04
  -9.2695622e-02   3.7552953e-01   9.0941669e-02  -2.5441338e-02  -3.6252681e-03   5.3674790e-04
  -9.6160265e-02   3.1442002e-01   5.9640570e-02  -2.4963277e-02  -4.2219587e-03   2.2549123e-04
  -9.7855237e-02   3.7513546e-01   8.9905210e-02  -2.4716583e-02  -4.3342123e-03  -7.7310826e-05
  -1.1717032e-01   3.7654890e-01   9.6933588e-02  -2.3925932e-02  -3.6707347e-03  -2.1361185e-05
  -9.8818828e-02   2.7100191e-01   9.9308278e-02  -2.4534956e-02  -4.5991635e-03  -3.4028591e-04
  -1.0457779e-01   2.5583316e-01   5.1968755e-02  -2.4182292e-02  -4.4497423e-03  -4.4735417e-04
  -9.6251252e-02   2.6056626e-01   6.0751094e-02  -2.4144390e-02  -4.3960370e-03  -1.2878850e-04
  -8.1677321e-02   2.6451143e-01   5.4348316e-02  -2.3640680e-02  -4.9599077e-03  -1.8482232e-05
  -9.1186169e-02   3.1962506e-01   7.8048372e-02  -2.3693948e-02  -4.9956403e-03  -3.2636793e-04
  -9.4623508e-02   2.8764210e-01   6.4568454e-02  -2.3415738e-02  -4.8779348e-03  -3.7993602e-04
  -1.0514214e-01   2.4457821e-01   6.6546745e-02  -2.3589483e-02  -4.3971034e-03  -2.6099448e-04
  -9.6736157e-02   2.7183012e-01   8.4188728e-02  -2.3668079e-02  -4.5074586e-03  -2.8022932e-04
  -9.9542778e-02   2.3205017e-01   7.9403641e-02  -2.3744011e-02  -4.1991274e-03  -1.8922742e-04
  -1.0160361e-01   2.5609035e-01   8.0644261e-02  -2.3919246e-02  -4.5794800e-03  -5.1901578e-04
  -9.4249742e-02   2.1764325e-01   2.2197725e-02  -2.1877992e-02  -4.2935184e-03  -2.4458132e-04
  -8.8587046e-02   2.9264657e-01   1.3516957e-01  -2.3390213e-02  -4.6302330e-03  -3.7776178e-04
  -9.7296955e-02   2.0199575e-01   9.4306423e-02  -2.4297367e-02  -4.7085518e-03  -3.7149929e-04
  -8.8446528e-02   2.9143331e-01   1.5877285e-01  -2.4120679e-02  -4.6395071e-03  -3.9234442e-04
  -9.9294975e-02   2.4940276e-01   1.3366944e-01  -2.3395112e-02  -3.9762721e-03  -4.6670172e-04
  -1.0862409e-01   2.0392034e-01   1.1213428e-01  -2.3682085e-02  -4.0223952e-03  -7.0974490e-04
  -1.0185660e-01   2.3984808e-01   1.2248770e-01  -2.3710403e-02  -3.7483118e-03  -4.2634569e-04
  -9.9213429e-02   2.3818298e-01   1.1291394e-01  -2.3312309e-02  -3.3161154e-03  -3.8267464e-04
  -8.9137840e-02   2.9325023e-01   1.0258291e-01  -2.3916400e-02  -4.2394880e-03  -4.1667784e-04
  -8.7187991e-02   2.8503909e-01   1.3797316e-01  -2.3827163e-02  -4.3349029e-03  -6.3895644e-04
  -9.5148184e-02   2.8288356e-01   1.4561248e-01  -2.4504619e-02  -3.8717066e-03  -5.8514994e-04
  -9.0408807e-02   2.5116995e-01   9.9650491e-02  -2.4583150e-02  -4.0295524e-03  -3.8245704e-04
  -1.0853638e-01   2.6383698e-01   9.4618528e-02  -2.4527135e-02  -4.4716036e-03  -9.1341656e-04
  -1.0698130e-01   2.6139736e-01   9.9337419e-02  -2.3900328e-02  -4.0523061e-03  -9.2373404e-04
  -1.1628374e-01   2.3092503e-01   1.0914385e-01  -2.4130474e-02  -4.2273309e-03  -8.8025023e-04
  -1.3276947e-01   3.2377652e-01   1.5296654e-01  -2.4612700e-02  -4.1286254e-03  -1.2109732e-03
  -1.4429255e-01   3.1214686e-01   1.6759965e-01  -2.4873511e-02  -4.0593557e-03  -1.4483190e-03
  -1.4667340e-01   2.8043193e-01   1.7081480e-01  -2.4210739e-02  -4.1779755e-03  -1.4146029e-03
  -1.4114252e-01   2.9605612e-01   1.8554347e-01  -2.4051278e-02  -4.0457768e-03  -1.5960068e-03
  -1.4126353e-01   2.6559392e-01   2.0101314e-01  -2.5619203e-02  -4.2960585e-03  -1.5532016e-03
  -1.4435044e-01   2.8250963e-01   2.4740722e-01  -2.5541571e-02  -4.4044933e-03  -1.5777622e-03
  -1.4613916e-01   3.5271112e-01   2.5279327e-01  -2.5676722e-02  -4.8461080e-03  -1.9153807e-03
  -1.4050424e-01   3.0689502e-01   2.4866159e-01  -2.5713834e-02  -4.8447279e-03  -1.8880877e-03
  -1.3958543e-01   2.9082408e-01   2.3775546e-01  -2.6429427e-02  -5.0614641e-03  -1.9158546e-03
  -1.4139747e-01   2.5277338e-01   2.5956734e-01  -2.5894108e-02  -5.2864112e-03  -1.9528912e-03
  -1.4168776e-01   1.9876939e-01   2.1560882e-01  -2.5661805e-02  -5.3976985e-03  -2.2126849e-03
  -1.3936720e-01   2.7492386e-01   2.2425634e-01  -2.5787091e-02  -4.8441636e-03  -1.7797880e-03
  -1.4045955e-01   1.7412163e-01   1.9912248e-01  -2.2999728e-02  -3.4793875e-03  -1.4233923e-03
  -1.2262455e-01   2.0439717e-01   1.5626215e-01  -2.1560868e-02  -3.8550276e-03  -1.4853229e-03
  -1.3007829e-01   2.6015531e-01   1.7610919e-01  -2.2108576e-02  -4.0786053e-03  -1.8253111e-03
  -1.3608205e-01   2.6226562e-01   1.6223788e-01  -2.0942572e-02  -4.1488629e-03  -1.9471736e-03
  -1.3740814e-01   3.0058842e-01   1.4331711e-01  -2.1738247e-02  -4.0404827e-03  -1.8738696e-03
  -1.3652597e-01   2.9276870e-01   1.1311118e-01  -2.1774699e-02  -3.9269916e-03  -1.5451565e-03
  -1.3837867e-01   2.3818296e-01   9.2189082e-02  -2.1959315e-02  -4.1755157e-03  -1.8361426e-03
  -1.2523620e-01   1.8362585e-01   1.0027995e-01  -2.1948916e-02  -4.0030864e-03  -1.5189152e-03
  -1.1510540e-01   2.7855371e-01   7.8764731e-02  -2.1178544e-02  -5.1332916e-03  -1.3691520e-03
  -1.1294144e-01   2.0865734e-01   1.2446831e-01  -2.0909877e-02  -4.6240045e-03  -1.1401613e-03
  -1.1317186e-01   2.3454792e-01   1.2560211e-01  -2.0563824e-02  -3.8377184e-03  -9.1096335e-04
  -1.1058280e-01   2.8425051e-01   1.9633539e-01  -2.1232782e-02  -3.7714354e-03  -1.0709374e-03
  -1.1495799e-01   2.8717642e-01   1.7324792e-01  -2.1595363e-02  -4.0629926e-03  -1.1033752e-03
  -1.0984129e-01   3.2412485e-01   1.5211427e-01  -2.1147815e-02  -3.9871896e-03  -1.2665801e-03
  -1.1229425e-01   3.1410506e-01   1.7242571e-01  -2.2229619e-02  -4.4593279e-03  -1.5695301e-03
  -1.0606418e-01   2.2364465e-01   1.4922007e-01  -2.1166932e-02  -4.7527644e-03  -1.3831905e-03
  -1.1335139e-01   2.2177239e-01   1.6956712e-01  -2.1590210e-02  -4.4348405e-03  -1.8077691e-03
  -1.0829198e-01   2.0337509e-01   1.9579640e-01  -2.1370594e-02  -4.0150872e-03  -1.4472633e-03
  -1.2942050e-01   2.2737392e-01   1.9984229e-01  -2.2052423e-02  -3.6978116e-03  -1.7196318e-03
  -1.1909990e-01   2.2571947e-01   2.2289187e-01  -2.1705120e-02  -4.1258537e-03  -1.5680103e-03
  -1.1551901e-01   2.2740262e-01   1.9243805e-01  -2.1329556e-02  -4.6367601e-03  -1.6874280e-03
  -1.0772091e-01   3.1224721e-01   2.1145424e-01  -2.1429228e-02  -4.7666783e-03  -1.8348825e-03
  -1.1298705e-01   3.3795580e-01   2.3070978e-01  -2.1956878e-02  -4.3388504e-03  -1.5370407e-03
  -1.1205139e-01   2.3174941e-01   2.0042570e-01  -2.2083226e-02  -3.8924920e-03  -1.3803814e-03
  -1.0913189e-01   2.3780688e-01   2.0240414e-01  -2.2196646e-02  -3.8111515e-03  -1.4097281e-03
  -1.0935957e-01   1.8537198e-01   1.8705576e-01  -2.1584220e-02  -3.7968201e-03  -1.2426009e-03
  -1.0149333e-01   2.3944306e-01   2.4966943e-01  -2.2342765e-02  -4.8893030e-03  -1.4170108e-03
  -1.1016128e-01   1.8273680e-01   2.9682316e-01  -2.1831909e-02  -4.7665995e-03  -1.4854257e-03
  -9.1212874e-02   2.2244980e-01   2.5304016e-01  -2.1241169e-02  -5.0344568e-03  -1.4434449e-03
  -8.9819700e-02   2.7170006e-01   3.1785483e-01  -2.1865788e-02  -4.8947605e-03  -1.2425781e-03
  -1.1162866e-01   2.7944123e-01   3.3053698e-01  -2.2880785e-02  -4.8643691e-03  -1.4586787e-03
  -1.0884993e-01   2.6774032e-01   3.5330492e-01  -2.3364241e-02  -5.1394803e-03  -1.5140747e-03
  -1.1266838e-01   3.0617056e-01   3.1972892e-01  -2.3126014e-02  -5.0059555e-03  -1.5578292e-03
  -1.2478773e-01   3.2153399e-01   4.0067453e-01  -2.4796766e-02  -4.6202340e-03  -1.6533715e-03
  -1.3277372e-01   3.3287349e-01   4.0893884e-01  -2.5894910e-02  -4.7012257e-03  -1.5329619e-03
  -1.3595524e-01   3.5422694e-01   4.2728153e-01  -2.6977445e-02  -4.8621965e-03  -1.5036660e-03
  -1.4252828e-01   3.3376344e-01   4.6954461e-01  -2.7452772e-02  -4.9658345e-03  -1.3060256e-03
  -1.4973150e-01   3.2698124e-01   4.6131640e-01  -2.8288049e-02  -5.0157834e-03  -1.3970716e-03
  -1.5815879e-01   3.8432754e-01   4.8784003e-01  -2.9179214e-02  -4.5489113e-03  -1.5167297e-03
  -1.5404905e-01   3.8933923e-01   4.9702291e-01  -2.8789582e-02  -4.6740530e-03  -1.3504548e-03
  -1.4769227e-01   3.3496628e-01   4.5721208e-01  -2.8259833e-02  -4.6721340e-03  -1.5265666e-03
  -1.4387475e-01   3.2947169e-01   4.7376197e-01  -2.8026774e-02  -4.7705168e-03  -1.2531693e-03
  -1.4575756e-01   3.4125791e-01   4.5581465e-01  -2.8544625e-02  -4.5154928e-03  -1.2808789e-03
  -1.4679667e-01   2.9260558e-01   4.3331396e-01  -2.7309119e-02  -4.6437372e-03  -1.3426188e-03
  -1.5080953e-01   2.9248976e-01   4.4091706e-01  -2.6966457e-02  -4.3739285e-03  -1.2719388e-03
  -1.5947965e-01   3.3134675e-01   4.5105739e-01  -2.7409199e-02  -4.6041529e-03  -1.6115670e-03
  -1.6392693e-01   3.2852527e-01   4.9482044e-01  -2.8025090e-02  -4.5084218e-03  -1.9377829e-03
  -1.5822795e-01   2.8433883e-01   4.8899702e-01  -2.7694537e-02  -4.4257228e-03  -1.6787755e-03
  -1.6017831e-01   2.3062412e-01   4.7908112e-01  -2.7708425e-02  -4.4963499e-03  -1.4434750e-03
  -1.6189138e-01   2.8288556e-01   4.6743928e-01  -2.7849346e-02  -4.5919842e-03  -1.5585169e-03
  -1.5767234e-01   2.6988546e-01   4.9205187e-01  -2.7572084e-02  -4.7464272e-03  -1.3824671e-03
  -1.5911876e-01   2.4934810e-01   4.6153517e-01  -2.7663344e-02  -4.5012140e-03  -1.3066074e-03
  -1.5418356e-01   3.4246685e-01   4.9656121e-01  -2.7583364e-02  -5.1232255e-03  -1.2647459e-03
  -1.5842547e-01   2.9540401e-01   4.8762263e-01  -2.8289220e-02  -5.3221740e-03  -1.4153424e-03
  -1.4868314e-01   3.0527729e-01   4.9128455e-01  -2.7943411e-02  -5.2096549e-03  -1.3957821e-03
  -1.4187577e-01   2.4315442e-01   4.6241108e-01  -2.7868455e-02  -5.4980533e-03  -1.1736536e-03
  -1.2758993e-01   2.1195959e-01   4.7243832e-01  -2.6953842e-02  -4.2090123e-03  -7.2846145e-04
  -1.4940244e-01   3.1188903e-01   4.4349554e-01  -2.8501987e-02  -4.0896643e-03  -1.4165540e-03
  -1.3594466e-01   3.2213928e-01   3.7022947e-01  -2.5198293e-02  -4.0067162e-03  -9.7933183e-04
  -1.3104084e-01   3.6910792e-01   4.6571802e-01  -2.8876704e-02  -4.6128942e-03  -8.2689798e-04
  -1.4406277e-01   2.4986675e-01   4.0347648e-01  -2.7891779e-02  -4.6040582e-03  -9.8368950e-04
  -1.3099119e-01   2.6544060e-01   4.3570382e-01  -2.7656508e-02  -5.4436742e-03  -1.0649705e-03
  -1.1729587e-01   2.7532946e-01   4.3822886e-01  -2.6989671e-02  -5.6894462e-03  -1.0026075e-03
  -1.5085072e-01   2.9295039e-01   4.4868240e-01  -2.7111357e-02  -4.6510811e-03  -1.0923035e-03
  -1.2929229e-01   3.5940518e-01   4.4787153e-01  -2.8610489e-02  -5.4431437e-03  -1.1279651e-03
  -1.3079388e-01   3.3116682e-01   4.6505594e-01  -2.7417023e-02  -4.6327876e-03  -6.2044485e-04
  -1.1139053e-01   1.9627801e-01   3.6438929e-01  -2.6542266e-02  -5.5135644e-03  -9.3465581e-04
  -8.3137110e-02   2.7351842e-01   3.2394472e-01  -2.8558499e-02  -5.7817755e-03  -7.2973683e-04
  -1.0806874e-01   2.9840938e-01   1.9665358e-01  -2.7661746e-02  -6.0157686e-03  -9.6628054e-04
  -9.8849173e-02   3.1303903e-01   3.7341357e-01  -2.9384301e-02  -6.0778317e-03  -2.0486791e-04
  -1.0208659e-01   2.5523157e-01   3.2726573e-01  -2.7521484e-02  -5.7372264e-03  -6.8202915e-04
  -9.3182747e-02   2.7041627e-01   3.4481347e-01  -2.5992574e-02  -5.7209960e-03  -4.9443745e-04
  -1.2326146e-01   2.6315325e-01   3.2557378e-01  -2.8137663e-02  -5.5334707e-03  -1.2506443e-03
  -1.2865402e-01   2.7466552e-01   3.1077345e-01  -2.7770580e-02  -4.9906204e-03  -1.0595532e-03
  -1.4125878e-01   3.3847715e-01   3.8299240e-01  -2.8589008e-02  -4.6138248e-03  -9.2052983e-04
  -1.4142004e-01   3.2736297e-01   3.8073931e-01  -2.8317876e-02  -5.0166376e-03  -1.1261005e-03
  -1.4981945e-01   3.6265351e-01   4.2355324e-01  -2.9417595e-02  -5.6758947e-03  -1.1529399e-03
  -1.4520850e-01   3.9985793e-01   4.5628182e-01  -2.9772602e-02  -5.8567089e-03  -1.2997409e-03
  -1.4538932e-01   3.0889939e-01   4.2374377e-01  -2.9524138e-02  -5.4996644e-03  -1.0312405e-03
  -1.5056523e-01   3.2357746e-01   4.4412794e-01  -3.0076036e-02  -5.8428094e-03  -1.3658588e-03
  -1.5475897e-01   3.0005854e-01   4.6563750e-01  -3.0071370e-02  -6.1682343e-03  -1.3879352e-03
  -1.4952995e-01   3.7324481e-01   4.7298248e-01  -2.8939449e-02  -5.9877961e-03  -1.3293500e-03
  -1.3764486e-01   3.3351147e-01   4.7096684e-01  -2.8877860e-02  -6.2441391e-03  -1.1556202e-03
  -1.4667794e-01   3.3666296e-01   4.6631028e-01  -2.9389492e-02  -5.9220979e-03  -1.1120370e-03
  -1.4898706e-01   3.1933410e-01   4.4108264e-01  -2.8239408e-02  -5.0525522e-03  -1.0832929e-03
  -1.3418349e-01   3.2798357e-01   4.4587444e-01  -2.9135116e-02  -6.2060342e-03  -1.1598598e-03
  -1.4943306e-01   3.4905407e-01   4.7089122e-01  -2.9465642e-02  -6.1336447e-03  -1.4052024e-03
  -1.4407201e-01   3.6765625e-01   4.3261390e-01  -2.8808554e-02  -6.1283446e-03  -1.4215432e-03
  -1.4912088e-01   3.2659904e-01   4.1705706e-01  -2.6725008e-02  -5.7259300e-03  -1.7834651e-03
  -1.3107167e-01   3.7557303e-01   4.4515695e-01  -2.8438333e-02  -6.2108029e-03  -1.3917371e-03
  -1.1785284e-01   3.0359811e-01   4.7156896e-01  -2.7312120e-02  -5.6062768e-03  -1.0386806e-03
  -9.5458343e-02   3.0440305e-01   4.3359234e-01  -2.6858494e-02  -6.0757209e-03  -8.8807721e-04
  -1.0085998e-01   3.3827973e-01   4.4889149e-01  -2.7804508e-02  -6.1634475e-03  -7.7134550e-04
  -1.1737920e-01   2.5985503e-01   3.8042800e-01  -2.6279246e-02  -5.9309600e-03  -8.8801179e-04
  -9.5649528e-02   3.2210804e-01   4.4893549e-01  -2.6585526e-02  -6.1789530e-03  -5.2639751e-04
  -1.1106556e-01   3.5696015e-01   4.4861735e-01  -2.7316106e-02  -6.0371079e-03  -7.9959399e-04
  -1.0548611e-01   2.7522855e-01   5.2292231e-01  -2.5577597e-02  -6.4746656e-03  -1.1543679e-03
  -1.0581796e-01   3.3949892e-01   4.8654828e-01  -2.6321632e-02  -6.4785890e-03  -7.0575847e-04
  -1.0753247e-01   2.7017524e-01   4.1605900e-01  -2.6937509e-02  -6.9129111e-03  -9.0069118e-04
  -9.6726526e-02   2.7564396e-01   3.8082571e-01  -2.4255175e-02  -5.7310414e-03  -1.4323245e-04
  -8.4676121e-02   2.9909247e-01   4.3401405e-01  -2.5668397e-02  -6.8775066e-03  -4.1655776e-04
  -7.5443050e-02   1.4799571e-01   4.0072579e-01  -2.4004194e-02  -7.3016214e-03  -7.8043197e-04
  -9.5720135e-02   3.0080055e-01   4.2919413e-01  -2.5158369e-02  -7.6099056e-03  -9.5990665e-04
  -8.6867535e-02   3.7573197e-01   4.8805098e-01  -2.5568499e-02  -7.2679458e-03  -8.5259085e-04
  -9.3006410e-02   3.2375275e-01   4.7232255e-01  -2.6007740e-02  -7.7507070e-03  -1.2900983e-03
  -8.8640140e-02   2.6734892e-01   4.6862258e-01  -2.6568612e-02  -8.0188311e-03  -1.2791296e-03
  -9.9016216e-02   3.1877366e-01   4.5301862e-01  -2.6594224e-02  -7.8136464e-03  -1.5581070e-03
  -1.0391643e-01   2.9789458e-01   4.4721850e-01  -2.6565838e-02  -7.7020908e-03  -1.8253119e-03
  -9.6341894e-02   3.3531106e-01   4.1384534e-01  -2.7406576e-02  -7.5539067e-03  -1.4890350e-03
  -9.5575097e-02   3.3150365e-01   4.1566308e-01  -2.7514662e-02  -7.0616905e-03  -1.2785312e-03
  -1.0307246e-01   3.5979688e-01   4.3720710e-01  -2.7413010e-02  -6.6889822e-03  -1.3658458e-03
