   0.0000000e+00   0.0000000e+00   0.0000000e+00   0.0000000e+00   0.0000000e+00   0.0000000e+00
  -3.4960664e-02  -7.5466926e-02   5.5267042e-02   3.5349257e-04  -6.0858865e-04  -2.1762234e-04
  -2.3562931e-02   1.2300721e-01   1.3107284e-01  -3.4460231e-03  -4.4646670e-04  -3.9126389e-04
  -5.5756857e-02   1.1280006e-01   1.0685550e-01  -3.5824748e-03   5.2699976e-04   4.4463641e-04
  -3.5293840e-02   2.5168970e-01   6.7729400e-02  -7.1853694e-03   1.2070095e-03   3.3578877e-03
   1.2225514e-02   2.9604072e-01  -7.7802590e-03  -7.9257984e-03  -8.1228571e-04   2.1471036e-03
  -6.4336696e-02   5.7641555e-02   5.8142673e-02  -4.4885690e-03  -2.4121098e-04   4.6630935e-04
  -7.9858365e-02   1.3100049e-01  -7.5727409e-03  -4.0725347e-03  -9.4398106e-05   1.8732490e-04
  -6.0401614e-02   3.9883040e-02  -1.4250182e-02  -3.1760602e-03  -6.2052857e-04   2.9953089e-04
  -4.1031862e-02   1.8573399e-01  -2.3216511e-02  -4.3028188e-03  -1.0270648e-03   7.0788953e-05
  -4.9297396e-02   1.1766241e-01   4.1362943e-03  -3.8656517e-03  -8.6254921e-04   4.5248496e-05
  -7.8565531e-02   2.4666398e-02   2.0104270e-03  -3.7197629e-03  -5.6461052e-04  -4.4978438e-04
  -7.9390989e-02   1.2254150e-01  -2.1996304e-02  -3.6817496e-03  -6.0026166e-04  -6.6277375e-04
  -5.7072771e-02   2.4022423e-02   2.1134468e-02  -2.9723195e-03  -1.0592257e-03  -3.3268928e-04
  -4.4672303e-02   1.3116227e-01   5.7481445e-02  -3.9709040e-03  -1.6951592e-03  -9.2591139e-04
  -3.2315701e-02   4.8454151e-02   1.0625944e-01  -3.5269183e-03  -2.2580339e-03  -1.5271834e-03
  -9.0402695e-02   3.1101230e-02   3.8229967e-02  -2.7375654e-03  -1.6826140e-03  -1.7971875e-03
  -7.9229567e-02   9.6441421e-02   1.1694639e-02  -3.0683441e-03  -1.9376533e-03  -1.8797342e-03
  -9.1616501e-02   5.0483203e-02  -1.3099891e-02  -2.7866908e-03  -1.6744271e-03  -1.7829846e-03
  -1.0796235e-01   1.5249947e-02  -3.2187703e-02  -2.1399140e-03  -1.2344417e-03  -1.6331294e-03
  -9.0111172e-02   8.7596059e-02   1.2748681e-02  -2.1051083e-03  -1.2667866e-03  -1.5648914e-03
  -9.5242488e-02   3.9915110e-02   2.0178031e-02  -1.7630481e-03  -1.2717672e-03  -1.3639219e-03
  -1.0563771e-01   6.2030414e-02  -8.0971507e-03  -2.1251496e-03  -1.1227768e-03  -1.2692079e-03
  -1.1520937e-01   5.4282007e-03  -3.2108222e-02  -2.3660366e-03  -1.3021855e-03  -1.3221287e-03
  -1.1806759e-01   3.0283258e-02  -4.9147498e-02  -2.6649008e-03  -1.3469388e-03  -1.4777273e-03
  -1.1110956e-01  -7.0048563e-02  -2.6119243e-02  -1.3734361e-03  -1.5328291e-03  -1.4946551e-03
  -1.1158591e-01  -2.6622209e-02  -2.7745824e-02  -1.5740680e-03  -1.3995776e-03  -1.5935895e-03
  -1.1425151e-01   3.5151751e-02  -3.9886402e-02  -1.2308695e-03  -1.3717400e-03  -1.6946269e-03
  -1.0302595e-01   7.4273869e-02  -5.1347300e-02  -3.1018314e-03  -1.3432831e-03  -1.2130826e-03
  -1.0745636e-01   5.4639499e-02  -2.8798167e-02  -3.2372598e-03  -1.0498779e-03  -1.3560300e-03
  -1.1354908e-01  -2.0843381e-02  -2.9153125e-02  -2.3312717e-03  -1.1339602e-03  -1.3701774e-03
  -1.2623330e-01   6.9983039e-02  -1.7224357e-02  -1.7908525e-03  -9.6668017e-04  -1.6597860e-03
  -8.8958146e-02   9.0543665e-03  -7.0582403e-02  -1.9962155e-03  -1.7561094e-03  -1.3401412e-03
  -1.1172327e-01   1.9707482e-02  -4.2055185e-02  -1.9379451e-03  -1.4946906e-03  -1.9710098e-03
  -1.1286972e-01  -6.9951737e-03  -6.0865586e-02  -1.3241842e-03  -1.5128898e-03  -1.9557946e-03
  -1.1497799e-01  -1.1969224e-02  -5.8825431e-02  -7.7608599e-04  -1.4801540e-03  -1.9518359e-03
  -8.8068932e-02   9.6535464e-03  -7.5473108e-02  -1.7687362e-03  -1.7599709e-03  -1.4443618e-03
  -1.0195127e-01  -8.9155113e-02  -4.5717046e-02  -1.4766979e-03  -1.6006894e-03  -2.1192226e-03
  -1.0379641e-01  -4.7202472e-03  -2.3220986e-02  -1.1337323e-03  -1.6546684e-03  -2.2002098e-03
  -1.0468128e-01  -3.4909393e-02  -3.1775395e-02  -1.5141021e-03  -1.6794889e-03  -2.1442708e-03
  -1.1405970e-01  -4.3495221e-03  -3.8079106e-02  -2.1855063e-03  -1.4383895e-03  -2.0014871e-03
  -1.3655305e-01   1.3156858e-01  -4.8841857e-02  -3.8902755e-03  -1.1755348e-03  -1.9741716e-03
  -1.2321926e-01   4.6377667e-02  -2.8359494e-02  -2.7183763e-03  -1.6906381e-03  -2.6449610e-03
  -1.2973198e-01  -3.8365913e-02  -3.3419882e-02  -2.4970176e-03  -1.6866194e-03  -2.3678126e-03
  -1.0894011e-01  -3.9083642e-02  -5.2524100e-02  -2.4533334e-03  -1.9136991e-03  -2.5396878e-03
  -1.1804067e-01  -1.4070528e-02  -3.3176858e-03  -2.7061049e-03  -1.8708787e-03  -3.0505854e-03
  -1.6892765e-01   3.3266221e-02  -2.2085815e-02  -3.8551930e-03  -9.9586094e-04  -2.9899053e-03
  -1.5575530e-01   7.3019434e-02  -4.6019813e-02  -2.8672174e-03  -1.4151464e-03  -3.2911765e-03
  -1.7364756e-01   8.8787900e-02   1.7718247e-04  -3.1131956e-03  -1.0217548e-03  -3.2426899e-03
  -1.8093925e-01  -1.3997803e-01  -7.7162560e-03  -2.0054099e-03  -1.3417706e-03  -3.8358085e-03
  -1.8621421e-01  -1.1555694e-01  -2.4098063e-02  -1.5173705e-03  -1.3800764e-03  -3.9727518e-03
  -1.7140772e-01  -6.8421654e-02  -5.7093008e-02  -1.9779041e-03  -1.6743687e-03  -3.8607779e-03
  -2.0860474e-01  -9.6203521e-02  -2.9002385e-02  -1.3748818e-03  -1.2042588e-03  -4.2877779e-03
  -2.1086994e-01  -1.7689719e-01  -3.3194848e-02  -1.0622325e-04  -8.9899981e-04  -4.0605412e-03
  -2.3181708e-01  -1.4602470e-01  -7.4060319e-02   6.3050751e-04  -5.8673749e-04  -4.1462823e-03
  -2.1291697e-01  -1.1432384e-01  -4.6103162e-02  -2.7801442e-04  -8.9384959e-04  -4.2507806e-03
  -2.0062100e-01  -1.4051769e-01   1.0851637e-02   2.9069160e-04  -8.3279717e-04  -4.3789233e-03
  -2.6592220e-01  -1.1086925e-01  -1.1720645e-02   2.7787571e-04  -4.9626758e-05  -4.6211583e-03
  -1.9903456e-01  -1.2419707e-01  -3.7885619e-02   6.0898379e-04  -9.6146261e-04  -4.2610141e-03
  -2.1352988e-01  -1.0460249e-01  -2.5485902e-02   2.4013670e-04  -7.5951018e-04  -4.1558636e-03
  -1.8480752e-01  -1.0395423e-01   2.2551357e-02   5.2861800e-04  -6.6879056e-04  -4.5628068e-03
  -2.3571508e-01  -5.7267842e-02   5.3692106e-02  -5.5861493e-04  -2.7612499e-05  -5.0286856e-03
  -2.4767458e-01  -1.1317515e-01   3.9100950e-02  -3.5109276e-04  -6.1968095e-05  -4.8293521e-03
  -2.4731119e-01  -1.4397093e-01   9.4534786e-02  -1.5463403e-04  -2.0808465e-04  -5.2337421e-03
  -2.3385875e-01  -1.1236756e-01   4.8141250e-02  -6.8902470e-04  -4.1744997e-04  -4.5718089e-03
  -2.7829762e-01  -4.1018943e-02   3.4012632e-02  -4.4912192e-04   2.9337732e-04  -4.7322706e-03
  -2.6543750e-01  -1.1591155e-01   5.5918134e-02   2.6938147e-04   1.3136277e-04  -5.4125668e-03
  -2.8063350e-01  -1.3142423e-02   7.0782765e-02  -8.2540343e-05   3.7832413e-04  -5.0370695e-03
  -2.7384119e-01  -8.8538895e-02   6.8508208e-02  -4.1253891e-04   4.3527792e-05  -5.1388130e-03
  -2.7247768e-01   9.6447043e-04   3.0269162e-02  -1.5141805e-03  -2.5714495e-04  -5.0329693e-03
  -2.6051411e-01  -4.0988169e-02   4.3233684e-02  -5.7207555e-04  -1.0382320e-04  -5.1311128e-03
  -2.6484285e-01  -4.0183591e-02   5.7915570e-02  -1.3325106e-03   8.7706589e-05  -5.1044182e-03
  -2.8518396e-01  -2.0625541e-02   6.9881264e-02  -1.6067920e-03   4.5710353e-04  -4.5905619e-03
  -3.1159523e-01  -4.9354097e-02   2.8435915e-02  -1.1941506e-03   7.8129757e-04  -4.5824831e-03
  -2.9424805e-01   6.5606995e-03   6.5393862e-03  -8.7840488e-04   4.7828812e-04  -4.6259453e-03
  -3.4609938e-01  -5.1756426e-02  -4.3998410e-03   2.6889088e-04   1.4218428e-03  -4.7398013e-03
  -4.1514643e-01  -1.6425547e-01   1.4982651e-02   1.9516088e-03   2.6747971e-03  -4.1474229e-03
  -3.7675876e-01  -1.4415437e-01  -3.1092141e-02   6.4099059e-04   1.9573845e-03  -3.9152428e-03
  -3.5145368e-01  -2.0316872e-01  -3.3123858e-02   1.4461056e-03   1.5819341e-03  -4.2185810e-03
  -3.8074393e-01  -1.8151589e-01  -4.6851632e-02   2.0489926e-03   1.8682140e-03  -4.2269673e-03
  -3.7055552e-01  -1.1750740e-01  -7.4880808e-02   1.2824090e-03   1.8241866e-03  -3.7994672e-03
  -3.9533006e-01  -2.7395736e-01  -2.2521040e-02   2.4991836e-03   2.4185430e-03  -4.2538656e-03
  -3.5622674e-01  -1.0524025e-01   1.4625528e-02   2.5398735e-04   1.7593816e-03  -3.7952195e-03
  -3.6440734e-01  -2.0214356e-01   5.3316938e-02   1.7310296e-03   1.8397934e-03  -3.8237397e-03
  -3.7200381e-01  -2.7896782e-01   4.4746656e-02   2.6105711e-03   2.0327737e-03  -4.1035203e-03
  -3.4880978e-01  -3.5463927e-01   7.0903409e-02   4.0581796e-03   1.7259377e-03  -4.0684602e-03
  -3.7052571e-01  -3.0267434e-01   3.6935181e-02   3.6350788e-03   1.9293609e-03  -4.2610465e-03
  -3.8221021e-01  -3.3229304e-01   4.5801104e-02   3.6767275e-03   2.3134154e-03  -4.1098391e-03
  -3.6557546e-01  -2.1847224e-01   2.6698783e-02   2.9371777e-03   1.9946500e-03  -4.2954310e-03
  -3.6468651e-01  -3.1392678e-01   4.9473361e-02   3.8323325e-03   1.9866749e-03  -4.1056631e-03
  -3.3266300e-01  -2.8442473e-01   6.7489852e-02   4.0100815e-03   1.5080207e-03  -4.0715508e-03
  -3.3168835e-01  -3.0955262e-01   4.0250764e-02   4.1948288e-03   1.4711630e-03  -3.9515997e-03
  -3.5333408e-01  -3.5399932e-01   4.8774282e-02   4.8286029e-03   1.7636562e-03  -3.8024779e-03
  -3.5636294e-01  -3.7445172e-01   3.8702880e-02   4.8567506e-03   1.4972772e-03  -4.0067879e-03
  -3.4247412e-01  -3.0961900e-01   3.3066813e-02   4.2723100e-03   1.1194853e-03  -4.0383717e-03
  -3.2283642e-01  -2.9790919e-01   5.9480935e-02   4.7413046e-03   1.0912856e-03  -4.2849798e-03
  -3.8072170e-01  -3.8130924e-01   5.6564766e-02   5.2241930e-03   2.2677130e-03  -4.7121291e-03
  -3.4783236e-01  -3.3372100e-01   1.8845618e-02   4.9549692e-03   2.0911686e-03  -4.0741827e-03
  -3.3280465e-01  -4.4693021e-01   1.7015269e-02   6.9164597e-03   1.8039034e-03  -4.2685479e-03
  -3.2101209e-01  -4.3892244e-01   2.0320856e-02   7.0100616e-03   1.5214495e-03  -4.4313749e-03
  -3.3232068e-01  -3.9831729e-01   2.4436612e-02   6.0350807e-03   1.3317419e-03  -4.5839347e-03
  -3.1795647e-01  -4.5441928e-01   5.6609677e-02   6.5902613e-03   1.2517389e-03  -4.6611059e-03
  -3.0969061e-01  -5.0915805e-01   4.1728824e-02   7.5681469e-03   9.8881872e-04  -4.5848512e-03
  -3.4391555e-01  -4.3910514e-01  -2.3906913e-03   7.2114809e-03   1.8144908e-03  -3.9815446e-03
  -3.6767086e-01  -5.8866765e-01   6.2613550e-02   8.3523525e-03   2.2238438e-03  -4.3405450e-03
  -3.4975871e-01  -4.0900121e-01   3.7558791e-02   6.5289647e-03   1.7311745e-03  -4.5679669e-03
  -3.3425656e-01  -4.5018966e-01   2.9628930e-02   5.9485421e-03   1.4270650e-03  -5.2838869e-03
  -3.3784852e-01  -4.3755731e-01  -2.6471806e-02   6.0547632e-03   1.7752030e-03  -4.9338009e-03
  -3.2474097e-01  -4.8293018e-01  -1.4833202e-03   7.1469610e-03   1.5658659e-03  -5.1920757e-03
  -3.4062101e-01  -4.3207586e-01   5.4227729e-02   7.1819557e-03   1.8280420e-03  -5.5628125e-03
  -3.6445760e-01  -5.2661198e-01   7.1159508e-02   7.2665229e-03   1.9944162e-03  -5.9345707e-03
  -3.6635070e-01  -4.7734394e-01   6.9216012e-02   7.0915136e-03   1.8744190e-03  -6.2754988e-03
  -3.9832394e-01  -5.2548190e-01   5.5548496e-02   8.5036099e-03   2.4518516e-03  -6.3549023e-03
  -4.2960332e-01  -5.3725314e-01  -1.3175090e-02   8.5846215e-03   3.0847261e-03  -6.1593306e-03
  -4.4155751e-01  -5.6331982e-01   7.8083140e-03   9.1018379e-03   3.1934255e-03  -6.2259462e-03
  -4.4407244e-01  -5.9487221e-01  -2.1272561e-02   9.4093115e-03   3.4275224e-03  -5.7771776e-03
  -4.3629445e-01  -5.8909554e-01  -7.7099734e-03   9.3480038e-03   3.3474347e-03  -5.8910934e-03
  -4.5237436e-01  -4.7348223e-01   1.2565904e-02   7.8607040e-03   3.7043491e-03  -6.2593332e-03
  -4.5850402e-01  -4.8548867e-01  -3.2454370e-02   8.0601202e-03   3.6699500e-03  -5.9490848e-03
  -4.5184645e-01  -4.9740611e-01   1.5098344e-03   9.0399836e-03   3.5594690e-03  -6.2470335e-03
  -4.4166312e-01  -4.9468497e-01   7.5372721e-02   7.8422540e-03   3.5488757e-03  -6.3668655e-03
  -4.2453812e-01  -4.5462793e-01   2.8626315e-02   7.7576572e-03   3.5635232e-03  -6.0091564e-03
  -4.7960512e-01  -4.9215126e-01  -9.0644033e-02   8.8718428e-03   4.4063033e-03  -6.5354781e-03
  -4.6343918e-01  -4.1348045e-01  -9.7398679e-02   8.2917379e-03   3.8528440e-03  -6.7839294e-03
  -4.5372489e-01  -5.2978489e-01  -5.5642410e-02   9.6441810e-03   3.6926372e-03  -7.3771675e-03
  -4.6741976e-01  -5.0414228e-01   2.3229802e-02   9.1325349e-03   3.7365339e-03  -7.7260828e-03
  -4.4561368e-01  -5.0904825e-01   5.4385782e-02   9.4560483e-03   3.3702775e-03  -7.4113658e-03
  -4.7984449e-01  -5.6507720e-01   1.9020645e-02   8.9702023e-03   3.8245569e-03  -7.5471315e-03
  -4.5605562e-01  -5.4806897e-01   4.7028766e-02   9.8988535e-03   3.6226146e-03  -7.6461077e-03
  -4.8158505e-01  -5.4353669e-01   9.2393398e-02   9.3177147e-03   4.0463472e-03  -8.0273904e-03
  -4.8326459e-01  -4.9825897e-01  -4.6301316e-02   9.1859196e-03   4.2244701e-03  -7.8704686e-03
  -4.6369060e-01  -4.7720726e-01   3.6062156e-03   7.8883153e-03   3.6600352e-03  -8.4477828e-03
  -5.2076986e-01  -4.7530798e-01   2.5297689e-02   8.4199102e-03   4.6798726e-03  -8.9746052e-03
  -5.3746654e-01  -5.9381508e-01   3.0868469e-02   1.0311967e-02   5.1366144e-03  -8.5697099e-03
  -4.9558399e-01  -4.3989009e-01   6.0237964e-02   8.4639713e-03   3.9236796e-03  -8.7100975e-03
  -5.3113907e-01  -5.3673722e-01   7.6286570e-02   8.8950784e-03   4.7444693e-03  -8.0002264e-03
  -5.6702609e-01  -5.4858839e-01   2.7161836e-02   9.7466056e-03   5.5438499e-03  -7.6327369e-03
  -5.3050477e-01  -5.3563160e-01  -1.9887775e-02   9.7105428e-03   5.3619692e-03  -7.0034222e-03
  -4.7605086e-01  -5.3525845e-01   7.5270488e-02   9.4971508e-03   4.6933466e-03  -7.0405559e-03
  -4.7053656e-01  -5.1858267e-01   9.2851320e-02   8.5960122e-03   3.7071464e-03  -8.0522415e-03
  -5.2262308e-01  -4.2377446e-01   1.2319622e-02   6.2973425e-03   3.9318525e-03  -7.5195552e-03
  -5.0047951e-01  -5.6746568e-01   6.5722446e-02   8.0781925e-03   3.6261576e-03  -7.4062609e-03
  -5.0171633e-01  -5.7671741e-01   5.9423114e-02   8.4422719e-03   3.6757247e-03  -7.9306620e-03
  -5.0668510e-01  -5.4249402e-01   5.6061428e-02   8.7469008e-03   3.6051976e-03  -8.0719171e-03
  -5.0726214e-01  -5.5236139e-01   5.6073562e-02   8.3695598e-03   3.8024889e-03  -7.5269812e-03
  -5.4687764e-01  -5.1562811e-01   1.6064785e-01   8.7153727e-03   4.0234550e-03  -7.9505660e-03
  -4.9584455e-01  -6.3106022e-01   2.4800680e-01   9.2620746e-03   3.6989718e-03  -8.0211104e-03
  -5.4547324e-01  -6.5314889e-01   5.9030817e-02   9.8117791e-03   4.1343268e-03  -8.4646337e-03
  -5.3747528e-01  -5.5384711e-01   3.9107527e-02   9.5117967e-03   4.2298089e-03  -8.4121211e-03
  -5.2540273e-01  -5.5141545e-01   2.5585233e-02   1.0029197e-02   3.7185345e-03  -8.6127233e-03
  -4.8396734e-01  -5.9971670e-01   9.3904554e-02   9.7438669e-03   3.0477601e-03  -8.4320146e-03
  -4.7807227e-01  -6.4981901e-01   1.1436443e-01   9.7938183e-03   2.9493040e-03  -8.4746253e-03
  -5.0337209e-01  -6.4578826e-01   7.8914167e-02   9.9935652e-03   3.2751907e-03  -8.4028145e-03
  -4.9634799e-01  -6.9973638e-01   9.5546878e-02   1.1127973e-02   3.0739722e-03  -8.6052360e-03
  -4.9141586e-01  -7.2797104e-01   1.6565671e-01   1.2032179e-02   3.0256064e-03  -8.5424927e-03
  -4.7192392e-01  -7.5459460e-01   1.1010290e-01   1.1837504e-02   2.9372143e-03  -8.2121871e-03
  -4.8385536e-01  -8.3110185e-01   1.1624509e-01   1.2428375e-02   3.0696272e-03  -8.2213793e-03
  -4.9537666e-01  -7.7714777e-01   7.0706871e-02   1.2791785e-02   3.0126584e-03  -8.6184736e-03
  -4.6821888e-01  -7.1704457e-01   7.4193853e-02   1.1473606e-02   2.5296446e-03  -8.0000613e-03
  -5.1376449e-01  -7.2981318e-01   1.4566686e-01   1.1778360e-02   3.2852104e-03  -8.9382908e-03
  -5.5984844e-01  -7.0369720e-01   1.1531278e-01   1.1478811e-02   4.2202511e-03  -8.5176019e-03
  -5.6231289e-01  -7.7721791e-01   7.1272917e-02   1.2330003e-02   4.0107018e-03  -8.5198070e-03
  -5.6147936e-01  -8.2429647e-01   6.6127291e-02   1.3743018e-02   3.9655177e-03  -8.6685570e-03
  -5.4152960e-01  -7.5633358e-01   9.0821908e-02   1.3240979e-02   3.5703060e-03  -8.3726464e-03
  -6.2722840e-01  -7.8073328e-01   5.0560937e-02   1.3506974e-02   5.3969859e-03  -8.0835713e-03
  -6.9421852e-01  -8.3566368e-01  -1.4637697e-02   1.4973115e-02   6.9823041e-03  -7.3128420e-03
  -6.6405885e-01  -8.0584776e-01  -4.7056278e-02   1.5579323e-02   6.2681990e-03  -7.3502798e-03
  -6.3308861e-01  -8.4521548e-01  -9.2645386e-02   1.6038959e-02   5.5140685e-03  -7.2120353e-03
  -6.1314515e-01  -1.0255616e+00   2.3801380e-01   1.8218041e-02   5.0722850e-03  -8.6449765e-03
  -6.1681606e-01  -8.8874791e-01   8.6013575e-02   1.7134131e-02   5.2138470e-03  -8.0524168e-03
  -6.0328590e-01  -1.0648198e+00   4.7601390e-02   1.8335823e-02   5.1182459e-03  -7.9653528e-03
  -5.8872131e-01  -9.3286150e-01  -1.3814450e-01   1.9729739e-02   4.3611474e-03  -8.9366292e-03
  -5.8774311e-01  -1.0768216e+00  -4.8276426e-02   1.9144466e-02   4.7393716e-03  -8.6051777e-03
  -5.6627566e-01  -1.1128211e+00   3.6925501e-02   1.9390185e-02   4.6031141e-03  -8.6184806e-03
  -5.4607480e-01  -9.7534364e-01   1.4085319e-02   1.8617183e-02   4.1419059e-03  -8.2861025e-03
  -5.9213002e-01  -1.0979996e+00   2.2249463e-02   1.9052296e-02   4.9761749e-03  -7.9519280e-03
  -5.5680707e-01  -9.8744135e-01  -1.9990070e-02   1.8103799e-02   4.8117065e-03  -7.1570405e-03
  -5.8616255e-01  -1.0288122e+00  -4.7927098e-03   1.8804338e-02   4.9427079e-03  -7.6373429e-03
  -6.3664479e-01  -9.6326543e-01  -1.7401236e-02   1.9367794e-02   5.6457677e-03  -8.1239019e-03
  -6.0822651e-01  -9.6686985e-01  -4.1462505e-02   1.8925499e-02   5.0441298e-03  -7.6037097e-03
  -6.3116862e-01  -1.0095120e+00   4.1178468e-03   1.9071829e-02   5.6189940e-03  -7.7793985e-03
  -6.1368743e-01  -9.9172804e-01   3.6093370e-02   1.8708589e-02   5.6339496e-03  -7.0040016e-03
  -6.4741957e-01  -1.0200907e+00  -3.3812801e-02   1.8850139e-02   5.3887488e-03  -8.0797186e-03
  -6.3402682e-01  -9.1950458e-01  -2.6416920e-02   1.8440415e-02   5.4456004e-03  -7.6911674e-03
  -5.9133555e-01  -9.6170838e-01  -1.3888898e-02   1.8932668e-02   4.9910685e-03  -6.8652108e-03
  -5.6488289e-01  -9.6247003e-01   2.7230978e-02   1.9419045e-02   4.7026460e-03  -6.6623727e-03
  -5.6131142e-01  -9.5503508e-01  -2.6188498e-02   1.9295103e-02   4.7447142e-03  -6.1762368e-03
  -5.6998703e-01  -9.8700393e-01   9.8500686e-03   1.9573694e-02   5.3148442e-03  -5.5364580e-03
  -5.9721352e-01  -1.1363008e+00  -2.2053116e-02   2.0559815e-02   5.9846132e-03  -5.0361427e-03
  -5.5574608e-01  -1.0744396e+00  -3.0227840e-02   2.0560811e-02   5.4780029e-03  -4.6276627e-03
  -5.3996851e-01  -1.1943456e+00  -2.0421532e-02   2.1390299e-02   5.5270769e-03  -4.2677927e-03
  -5.1715482e-01  -1.1257609e+00  -1.4316675e-01   2.0430339e-02   5.1540847e-03  -3.5676494e-03
  -4.9150372e-01  -1.1472989e+00   2.0855842e-02   2.1181344e-02   5.3723982e-03  -3.4477748e-03
  -4.7249084e-01  -1.1216454e+00  -2.0186539e-02   2.1657025e-02   5.1515925e-03  -2.2809313e-03
  -4.9497150e-01  -1.1087799e+00  -5.5595287e-02   2.0902550e-02   5.2997977e-03  -2.8120623e-03
  -4.9070245e-01  -1.1453294e+00  -3.7383679e-02   2.2187634e-02   5.4239507e-03  -2.8414319e-03
  -4.8935581e-01  -1.0725200e+00  -9.0903092e-02   2.2219718e-02   5.3200782e-03  -2.5401119e-03
  -5.1525969e-01  -1.0555871e+00  -1.8267152e-02   2.1454348e-02   5.7140425e-03  -2.6247230e-03
  -5.3578621e-01  -1.1732696e+00  -3.9113960e-02   2.2430241e-02   7.7422017e-03  -8.7346161e-04
  -4.7767021e-01  -1.0871318e+00  -8.2792003e-02   2.1348877e-02   7.9911059e-03   1.7876818e-03
  -4.2717875e-01  -1.2733814e+00  -5.7831098e-02   2.4361410e-02   6.9409127e-03   1.1542883e-03
  -3.9344394e-01  -1.2410743e+00   1.0209667e-01   2.5270040e-02   6.6224043e-03   1.5406737e-03
  -3.7160732e-01  -1.2298911e+00  -3.3903121e-02   2.4311683e-02   5.8611608e-03   2.1819452e-03
  -4.2663770e-01  -1.2741396e+00  -6.3448909e-02   2.4800880e-02   7.5334597e-03   1.7577238e-03
  -4.7375272e-01  -1.1976364e+00  -4.3685465e-02   2.4104794e-02   8.0258977e-03   1.6119974e-03
  -4.2739712e-01  -1.2181889e+00  -3.4236815e-02   2.4124256e-02   7.3254526e-03   1.7034764e-03
  -4.0197954e-01  -1.2000573e+00  -8.4825422e-02   2.3933896e-02   6.6471536e-03   2.0227080e-03
  -3.8856450e-01  -1.3175064e+00  -7.6369963e-02   2.4653022e-02   6.4466787e-03   2.0858807e-03
  -3.6496155e-01  -1.2612580e+00  -7.7951357e-02   2.5108111e-02   5.9570776e-03   2.1484940e-03
  -3.4579284e-01  -1.2992138e+00  -5.8885986e-02   2.5961601e-02   5.5537922e-03   2.2398685e-03
  -3.5595502e-01  -1.4411861e+00   2.9859965e-01   2.8335511e-02   5.7367067e-03   1.6474929e-03
  -3.3457762e-01  -1.4527129e+00   2.2832140e-01   2.9211879e-02   5.0329399e-03   2.0408768e-03
  -3.2855091e-01  -1.3617910e+00   8.7291752e-02   2.8929810e-02   4.9462015e-03   2.6219210e-03
  -3.4205162e-01  -1.4139140e+00   6.5693377e-02   2.9014663e-02   5.1505184e-03   2.7416166e-03
  -3.6741251e-01  -1.4273610e+00   7.0527713e-02   2.8902668e-02   5.5347572e-03   2.2935062e-03
  -3.4763391e-01  -1.4695171e+00   6.3559882e-02   2.9147428e-02   5.2169296e-03   2.9379796e-03
  -3.4397779e-01  -1.4292263e+00   9.5006729e-02   2.8670350e-02   5.3025394e-03   2.5060459e-03
  -3.2457638e-01  -1.3724144e+00   7.5122386e-02   2.8278373e-02   5.0403976e-03   3.1112096e-03
  -3.2381533e-01  -1.3401604e+00   8.0986630e-02   2.7554888e-02   5.2454463e-03   3.0037373e-03
  -3.6205114e-01  -1.3142760e+00   4.5195698e-02   2.6607385e-02   6.7237974e-03   5.0517604e-03
  -3.0796107e-01  -1.4045559e+00   7.7001931e-02   2.8244226e-02   6.0480744e-03   5.6086236e-03
  -3.0489284e-01  -1.4401692e+00   1.2083665e-01   2.8532575e-02   5.8547423e-03   5.6963205e-03
  -2.8229757e-01  -1.4823818e+00   9.2909790e-02   2.8888800e-02   5.4490255e-03   5.8178434e-03
  -2.5698456e-01  -1.3865042e+00   9.2507461e-02   2.8025840e-02   5.1110420e-03   6.1528393e-03
  -2.2815660e-01  -1.4909504e+00   1.0547617e-01   2.8765980e-02   4.9368081e-03   6.5207531e-03
  -2.1208820e-01  -1.4261324e+00   4.7903400e-02   2.8922353e-02   4.6429862e-03   6.6958687e-03
  -2.0703966e-01  -1.3953380e+00   1.7251122e-02   2.8261710e-02   4.4733335e-03   6.6329358e-03
  -2.0111041e-01  -1.4192439e+00  -1.0244703e-03   2.8988129e-02   4.4357155e-03   7.2507459e-03
  -2.1865515e-01  -1.5023290e+00   3.3413342e-02   2.9376883e-02   4.6814901e-03   6.7673109e-03
  -2.3973089e-01  -1.5167001e+00   4.9651681e-02   3.0694820e-02   5.1109437e-03   6.0793813e-03
  -2.2285656e-01  -1.4681585e+00   6.2205052e-02   2.9220067e-02   4.9840385e-03   6.6261181e-03
  -2.1175645e-01  -1.4338487e+00   6.6094847e-02   2.9109924e-02   4.9699184e-03   7.8295279e-03
  -1.7061668e-01  -1.5655940e+00   7.2289107e-02   3.0313967e-02   4.4382306e-03   7.9808704e-03
  -1.7386360e-01  -1.5208733e+00   1.1386513e-01   3.0856134e-02   4.3620413e-03   7.4568991e-03
  -1.9878460e-01  -1.5005673e+00   1.0111358e-01   3.0903161e-02   4.7430541e-03   7.5493725e-03
  -1.5494235e-01  -1.6564930e+00   9.8479585e-02   3.1350022e-02   4.1602164e-03   7.8195808e-03
  -1.5612074e-01  -1.5748861e+00   6.1423734e-02   3.1147463e-02   4.0910495e-03   7.8949556e-03
  -1.5699940e-01  -1.6389907e+00   1.3242797e-01   3.1822097e-02   4.2414994e-03   8.0528992e-03
  -1.3787378e-01  -1.6346982e+00   1.2787227e-01   3.1227977e-02   4.2238713e-03   8.0236794e-03
  -1.2391455e-01  -1.5761476e+00   1.1032972e-01   3.1325160e-02   3.8222073e-03   8.0520594e-03
  -1.2035879e-01  -1.6295673e+00   1.2397586e-01   3.1902407e-02   3.9662225e-03   8.0305294e-03
  -1.0057041e-01  -1.6175071e+00   1.4324062e-01   3.2396797e-02   3.7085316e-03   8.2831392e-03
  -1.1021958e-01  -1.6479678e+00   1.4869072e-01   3.2770798e-02   3.8710241e-03   8.1394980e-03
  -1.2672094e-01  -1.6235843e+00   1.3323757e-01   3.2445303e-02   3.8614015e-03   7.9565158e-03
  -1.0871728e-01  -1.6458283e+00   1.1902009e-01   3.2603854e-02   3.7884193e-03   8.2897242e-03
  -1.2302968e-01  -1.6229298e+00   1.2947058e-01   3.2264780e-02   4.2584754e-03   8.6014452e-03
  -5.7532188e-02  -1.5793389e+00   1.5018465e-01   3.1882328e-02   3.4257632e-03   8.7419896e-03
  -4.6684004e-02  -1.6405963e+00   1.7048125e-01   3.2418819e-02   3.3784453e-03   8.2449858e-03
  -2.0765147e-02  -1.6821744e+00   2.0214627e-01   3.3019638e-02   2.9938864e-03   8.3262905e-03
  -4.7592668e-02  -1.6645954e+00   7.7219864e-02   3.2632171e-02   3.0495257e-03   8.3405307e-03
  -6.4626402e-02  -1.7187824e+00   1.0156506e-01   3.3534381e-02   3.3978989e-03   8.2817000e-03
  -7.2444184e-02  -1.6946255e+00   9.3849688e-02   3.3678652e-02   3.6836230e-03   7.9892880e-03
  -8.8447298e-03  -1.6828994e+00   1.0142825e-01   3.2615771e-02   3.0605862e-03   8.9795000e-03
  -4.9618389e-02  -1.7280057e+00   1.0621822e-01   3.3286557e-02   3.3355212e-03   8.5967660e-03
  -6.8787395e-02  -1.6855714e+00   1.0717392e-01   3.3968499e-02   3.4838896e-03   8.1419753e-03
  -7.6690746e-02  -1.6794921e+00   1.4167920e-01   3.3487027e-02   3.5225386e-03   8.0826529e-03
  -3.3134854e-02  -1.6851078e+00   1.3360452e-01   3.3631545e-02   2.9171886e-03   8.0797429e-03
  -5.4083662e-02  -1.7101084e+00   9.8158220e-02   3.3348200e-02   3.1329983e-03   8.0843934e-03
  -6.5288795e-02  -1.6900803e+00   8.1479645e-02   3.3171532e-02   3.1734257e-03   8.1232166e-03
  -6.0872492e-02  -1.7592413e+00   9.7258994e-02   3.4131286e-02   3.1113957e-03   7.8834015e-03
  -3.4010314e-02  -1.6823539e+00   6.7375048e-02   3.3685253e-02   2.8656435e-03   8.2156978e-03
  -4.3710651e-02  -1.7981418e+00   9.5488451e-02   3.4429494e-02   2.6390328e-03   7.5850989e-03
  -3.3720209e-02  -1.7435800e+00   6.2087545e-02   3.3863214e-02   2.7235763e-03   8.1713628e-03
  -5.5389778e-02  -1.7987050e+00   7.3158517e-02   3.4748691e-02   3.1531722e-03   7.5866826e-03
  -3.0001926e-02  -1.7594503e+00   1.0075536e-01   3.4966867e-02   2.6756596e-03   8.1360030e-03
  -5.0068778e-02  -1.8374178e+00   1.2044529e-01   3.5376210e-02   2.7692539e-03   8.1653152e-03
  -1.4450508e-02  -1.7371368e+00   1.4418700e-01   3.5432013e-02   2.3291811e-03   8.3040889e-03
  -1.5321863e-02  -1.7730025e+00   1.5756429e-01   3.5810923e-02   2.5578272e-03   8.4970045e-03
  -2.9164700e-02  -1.8398544e+00   1.5653644e-01   3.5860723e-02   2.9054248e-03   9.1333684e-03
  -8.6235758e-02  -1.9025245e+00   9.6617583e-02   3.6579381e-02   3.4131105e-03   8.5441430e-03
  -5.3831468e-02  -1.7293831e+00   8.1803494e-02   3.6032500e-02   2.9635285e-03   8.1615032e-03
  -2.7545623e-02  -1.8203941e+00   1.2351574e-01   3.5991637e-02   2.8472949e-03   8.4103184e-03
  -1.7797564e-02  -1.8911242e+00   1.1008383e-01   3.5357947e-02   2.7265214e-03   8.4933139e-03
  -5.1902620e-03  -1.8605756e+00   1.0735709e-01   3.5712820e-02   2.9747291e-03   8.9744839e-03
  -8.2741043e-04  -1.9331036e+00   1.1209652e-01   3.7386554e-02   3.4670978e-03   9.5707854e-03
   4.0435123e-02  -1.8330843e+00   1.3062356e-01   3.7595282e-02   2.7448260e-03   9.6653501e-03
   9.3035788e-02  -1.8648220e+00   9.8749741e-02   3.6751770e-02   2.1466086e-03   1.0244536e-02
   9.8724853e-02  -1.9632631e+00   1.4501381e-02   3.8234698e-02   2.7020643e-03   1.0929489e-02
   1.1576173e-01  -1.9237520e+00   2.7323321e-02   3.7990323e-02   2.2791229e-03   1.1374532e-02
   9.2667401e-02  -2.0026469e+00   4.7489207e-02   3.9146771e-02   2.4383926e-03   1.0747406e-02
   9.9251154e-02  -1.9353919e+00   8.4077487e-02   3.9197693e-02   2.2064879e-03   1.1587057e-02
   1.3113564e-01  -2.0034927e+00   1.9502283e-01   3.8574647e-02   1.9088234e-03   1.1697506e-02
   1.6050069e-01  -1.9669008e+00   1.1506568e-01   3.8279535e-02   1.4108798e-03   1.1410567e-02
   1.5858070e-01  -1.9001883e+00   6.1483682e-02   3.6792391e-02   1.3363715e-03   1.1964430e-02
   1.4834242e-01  -1.9034119e+00   9.0628510e-02   3.7938157e-02   1.5464342e-03   1.1807156e-02
   1.5427646e-01  -2.0256531e+00   1.5433319e-01   3.8489981e-02   1.4298916e-03   1.1598994e-02
   1.7515289e-01  -1.9411497e+00   1.8483425e-01   3.8059189e-02   1.1268456e-03   1.1886899e-02
   2.3144965e-01  -2.0903049e+00   1.7900791e-01   3.9395147e-02   3.4183803e-04   1.2125225e-02
   2.1833433e-01  -2.0958474e+00   2.6020630e-01   4.0030058e-02   2.8386424e-04   1.1592206e-02
   1.8233058e-01  -1.8311757e+00   1.0805189e-01   3.8626149e-02   7.9435348e-04   1.2270984e-02
   1.7329517e-01  -1.9878345e+00   1.7579122e-01   3.9529105e-02   1.0514792e-03   1.2183742e-02
   1.6388840e-01  -1.9698713e+00   1.8601011e-01   3.9603743e-02   1.1589758e-03   1.2436744e-02
   1.7258470e-01  -1.9196977e+00   1.9362723e-01   3.9057335e-02   1.0922884e-03   1.2479755e-02
   2.0468655e-01  -1.9592286e+00   2.4912315e-01   3.9283776e-02   8.5813611e-04   1.2739244e-02
   2.1141612e-01  -2.0376974e+00   2.7965893e-01   3.9248346e-02   6.9388054e-04   1.2574600e-02
   1.9446325e-01  -1.9548873e+00   2.7330112e-01   3.8873688e-02   8.8626622e-04   1.2662108e-02
   2.1942626e-01  -2.0157357e+00   2.3441847e-01   3.8645476e-02   8.8029150e-04   1.3077668e-02
   2.4352945e-01  -2.1301057e+00   2.6877624e-01   4.0328046e-02   4.9913024e-04   1.2730360e-02
   2.2741319e-01  -1.9610018e+00   2.2945189e-01   3.8816571e-02   7.0365433e-04   1.2598054e-02
   2.0906085e-01  -1.9727498e+00   2.4878254e-01   3.8520602e-02   7.4132100e-04   1.2492363e-02
   1.9837459e-01  -2.0597911e+00   3.3418699e-01   3.9018187e-02   1.1237961e-03   1.2893074e-02
   2.1313454e-01  -1.9483135e+00   3.1633174e-01   3.8969816e-02   9.1047212e-04   1.2838695e-02
   1.6359210e-01  -1.9790624e+00   2.8525384e-01   3.8395333e-02   1.6338029e-03   1.2476673e-02
   1.5450314e-01  -1.9369579e+00   1.9397638e-01   3.8847865e-02   1.6299630e-03   1.2470775e-02
   1.7332631e-01  -1.9667585e+00   2.5567410e-01   3.8073256e-02   1.2407774e-03   1.2245901e-02
   2.1883643e-01  -1.8961897e+00   3.1072912e-01   3.7489620e-02   1.3292939e-04   1.2081143e-02
   2.2753310e-01  -1.9388889e+00   2.8596742e-01   3.7431130e-02  -2.2831840e-04   1.1843039e-02
   2.5397636e-01  -1.8128591e+00   1.4977849e-01   3.3739575e-02  -1.7357510e-03   1.4318074e-02
   2.6878031e-01  -1.8258923e+00   3.2052615e-01   3.3596125e-02  -3.4594931e-03   1.0111220e-02
   2.3620922e-01  -1.8355791e+00   2.8994155e-01   3.2012884e-02  -3.4916411e-03   8.5353598e-03
   3.3097423e-01  -1.7799246e+00   3.1551746e-01   3.1767562e-02  -5.2076425e-03   8.5603277e-03
   3.1858983e-01  -1.8007175e+00   3.2423043e-01   3.1613034e-02  -5.0129258e-03   8.2970460e-03
   3.7303699e-01  -1.8452961e+00   3.8990002e-01   3.2429518e-02  -6.2603445e-03   8.2665039e-03
   3.8790963e-01  -1.7121787e+00   3.6094046e-01   3.2126712e-02  -6.3664201e-03   7.8738134e-03
   4.0027878e-01  -1.7486058e+00   3.7911663e-01   3.1960509e-02  -6.6003115e-03   7.9209664e-03
   3.6067895e-01  -1.9032941e+00   4.5585196e-01   3.4345639e-02  -6.2899769e-03   7.2931807e-03
   2.8650822e-01  -1.8957676e+00   4.4574418e-01   3.3780130e-02  -5.5844177e-03   6.3740110e-03
   2.5541702e-01  -1.8995901e+00   4.1628367e-01   3.6554203e-02  -4.7058377e-03   5.9264907e-03
   3.1577716e-01  -1.9605409e+00   4.8520046e-01   3.7188577e-02  -5.6207508e-03   6.5112186e-03
   3.5918609e-01  -1.9929719e+00   5.4438771e-01   3.6758146e-02  -6.4211703e-03   6.5978607e-03
   3.1274063e-01  -2.0306031e+00   5.3284440e-01   3.7331463e-02  -5.8925464e-03   5.9993205e-03
   3.4679047e-01  -1.8636303e+00   5.3637193e-01   3.6471245e-02  -6.6771096e-03   6.3628852e-03
   3.5644778e-01  -1.9765851e+00   6.6856892e-01   3.7577459e-02  -6.4555828e-03   6.3970064e-03
   3.1825932e-01  -1.9405607e+00   5.8539088e-01   3.7475568e-02  -5.7519112e-03   6.0211037e-03
   3.2268053e-01  -1.8807898e+00   5.1710222e-01   3.6657814e-02  -5.4815742e-03   6.5438456e-03
   3.0886716e-01  -1.9585873e+00   4.3937589e-01   3.7524591e-02  -5.4927638e-03   5.4558210e-03
   3.1152589e-01  -1.8877414e+00   4.1005107e-01   3.7690262e-02  -5.6078662e-03   5.3574553e-03
   2.8576542e-01  -2.1282142e+00   4.0469987e-01   3.9554397e-02  -5.3369834e-03   5.0512150e-03
   3.2739938e-01  -2.1030246e+00   4.9380930e-01   4.0132975e-02  -5.4475994e-03   5.1239260e-03
   4.5339507e-01  -2.2021865e+00   5.7134180e-01   4.0506543e-02  -5.8306059e-03   7.5578245e-03
   4.5426100e-01  -2.1560527e+00   5.7378175e-01   4.0958614e-02  -6.6617512e-03   5.8119862e-03
   3.3804503e-01  -2.2884303e+00   6.0342638e-01   4.1573195e-02  -5.6679529e-03   4.5154985e-03
   3.7774337e-01  -2.1665106e+00   5.7656345e-01   4.0979683e-02  -6.6221810e-03   5.3454942e-03
   3.9018677e-01  -2.1988714e+00   5.4202449e-01   4.1447235e-02  -6.8467623e-03   5.3721933e-03
   3.3965774e-01  -2.2046891e+00   5.1415424e-01   4.1489357e-02  -5.8475069e-03   5.1764217e-03
   3.5886653e-01  -2.0754933e+00   5.2159160e-01   4.0488876e-02  -6.4608890e-03   4.5963732e-03
   3.1322922e-01  -2.1205247e+00   4.4772863e-01   4.0399805e-02  -5.6908268e-03   4.2906918e-03
   3.1512141e-01  -2.1690516e+00   5.3832335e-01   4.0951441e-02  -5.4102642e-03   4.3526247e-03
   2.1793222e-01  -2.3617766e+00   6.8620821e-01   4.1629900e-02  -4.7726501e-03   3.3746511e-03
   1.8533650e-01  -2.1360773e+00   4.3318590e-01   4.1805368e-02  -4.1380383e-03   3.6903950e-03
   1.7498885e-01  -2.1316874e+00   3.9261678e-01   4.2272966e-02  -3.8430582e-03   3.6646886e-03
