   0.0000000e+00   0.0000000e+00   0.0000000e+00   0.0000000e+00   0.0000000e+00   0.0000000e+00
  -2.0777676e-02  -1.7209016e-01   6.3079790e-02   1.2656096e-03   2.8440747e-04  -3.9887802e-04
  -1.6771978e-02  -8.0814775e-02   5.1130187e-02   2.6021443e-04   4.8010683e-04  -2.9646675e-04
  -9.3054884e-03  -1.3420046e-01  -4.1496850e-02   1.8533173e-03   1.8005628e-04  -2.6165730e-04
  -4.4029641e-02  -8.3936773e-02   1.4581601e-02  -2.6166807e-04   7.4330116e-04  -4.4036279e-04
   4.6050827e-03  -1.4973785e-01  -2.8011850e-02   2.8665871e-04   1.1422495e-04  -1.9496145e-04
   7.8433244e-03  -1.9958162e-01  -5.5245243e-02   1.4282748e-03  -6.6991669e-05  -1.1420717e-04
  -3.5103151e-02  -4.3957557e-02   6.8156092e-02   1.5154674e-04   5.2010884e-04  -4.1918379e-04
   2.4836098e-02  -1.8365642e-01   1.5287797e-02   1.8081710e-03  -3.9139974e-04   5.3840789e-06
  -2.7763810e-02  -9.5236602e-02   8.1465210e-02   2.2040595e-04   5.8613423e-04  -4.5633812e-04
   1.6928389e-02  -1.2973388e-01   7.6265434e-03   6.3893161e-04  -2.7756976e-04  -5.7306398e-05
   5.8892266e-04  -2.2349572e-01   2.9148807e-02   1.5705088e-03  -1.0411065e-05  -2.6299847e-04
  -1.7498410e-02  -1.1909420e-01   4.9805737e-02   4.2252373e-04   3.2650112e-04  -4.8399146e-04
   4.7252150e-03  -2.3518008e-01  -4.4303338e-02   1.9582096e-03  -3.4654986e-05  -1.2596082e-04
  -5.0306513e-02   8.1358258e-02   8.9270188e-02  -5.6974242e-04   6.3952373e-04  -5.4080321e-04
  -8.0354908e-03  -1.6464233e-01   1.8481305e-02   1.2306665e-03  -1.7879457e-05  -2.6571901e-04
  -3.1829921e-02  -1.1600021e-01   5.6136997e-02   9.5917944e-04   2.6709852e-04  -4.1754546e-04
   3.6310432e-03  -6.9403895e-02   2.9349617e-03   1.1934249e-04  -7.7614646e-05  -1.5942868e-04
   6.8736401e-04  -1.6445970e-01  -6.6565113e-02   1.2967291e-03   1.3499168e-04  -1.2480466e-04
  -3.7879308e-02  -2.5619189e-02   1.3321212e-02   6.2593846e-05   5.4345843e-04  -3.4735534e-04
  -7.6243157e-03  -7.7078797e-02  -1.3551715e-01   5.3655331e-04  -5.4536799e-07  -9.6913467e-05
  -4.0705976e-02  -9.4381427e-02   1.0794265e-02   7.4714597e-04   5.2379225e-04  -3.3213719e-04
  -1.6501661e-02  -5.7467122e-02  -6.3886768e-02   1.1949262e-04   2.6716098e-04  -1.8855079e-04
  -2.0794044e-02  -1.6754908e-01  -3.9906165e-02   1.2756026e-03   2.6686409e-04  -3.6821454e-04
  -2.1281584e-02  -1.2587123e-01  -2.8657564e-02   4.3706694e-04   4.3262815e-04  -4.2080967e-04
  -8.1573801e-03  -2.1457735e-01  -9.8702952e-02   2.0650331e-03   1.6472884e-04  -2.0232352e-04
  -4.5860955e-02   4.3082108e-03  -2.5350286e-02  -4.6014160e-04   7.6908415e-04  -4.8779437e-04
  -5.5663292e-03  -2.1058163e-01  -8.1848453e-02   9.8510952e-04   1.3097926e-04  -1.4911985e-04
  -2.5980142e-02  -1.3776322e-01  -4.3559649e-02   1.3676227e-03   2.3769774e-04  -3.3091204e-04
  -2.9216815e-02  -4.2747466e-02  -3.9263892e-02   1.9862790e-04   3.4320146e-04  -2.5918585e-04
  -8.3642029e-03  -1.6581891e-01  -1.0530553e-01   1.3519638e-03   7.8193165e-07  -1.2844174e-04
  -4.1799745e-02  -2.4155699e-02   2.9024517e-03   4.6333757e-04   5.5020470e-04  -4.0887872e-04
  -1.9211701e-02  -1.6161499e-01  -9.5059975e-02   1.2894464e-03   1.6619803e-04  -2.3802416e-04
  -5.3138461e-02  -1.5138701e-01  -7.3579481e-04   9.4156419e-04   8.4802972e-04  -4.2064610e-04
  -3.1088083e-02  -5.9302676e-02  -2.1020377e-02   3.1958219e-04   5.4139492e-04  -4.0970724e-04
  -1.1019898e-02  -1.4298471e-01  -6.2695147e-02   1.4174850e-03   3.5513805e-05  -2.9227824e-04
  -3.5334876e-02  -1.2045199e-01  -4.9080435e-03   2.8451092e-04   5.3887906e-04  -4.4645715e-04
  -2.0263800e-02  -1.3280703e-01  -1.1517899e-01   1.0702797e-03   1.6431435e-04  -1.6533519e-04
  -6.6801601e-02  -9.6105275e-02  -7.8020991e-03   8.1837420e-04   8.0880455e-04  -4.9488386e-04
  -2.4640247e-02  -1.6783841e-01  -8.0134303e-02   8.5002470e-04   1.3226865e-04  -3.7374426e-04
  -5.6125629e-02  -1.5156284e-01  -4.3508917e-02   7.2222833e-04   5.7025529e-04  -4.9912899e-04
  -6.0125294e-02  -5.6973618e-02  -1.7914737e-02   1.5365368e-04   7.2170295e-04  -6.6164183e-04
  -3.7449943e-02  -1.4325020e-01  -1.0169235e-01   9.1023563e-04   3.5783283e-04  -3.6467364e-04
  -5.0846435e-02  -5.7941323e-02  -4.5490263e-02   5.6729486e-04   4.8973293e-04  -3.5131440e-04
  -2.9084144e-02  -9.4749566e-02  -6.1226556e-02  -6.2430611e-05   5.1659267e-04  -3.7636376e-04
  -5.8112539e-03  -1.2293667e-01  -1.1985159e-01   1.2017795e-03   7.9801165e-05  -1.1786886e-04
  -3.2108487e-02  -7.8047034e-02  -5.8911093e-02   3.1830245e-04   4.6996038e-04  -1.7158859e-04
  -2.6396192e-03  -1.6075404e-01  -1.4903917e-01   1.6239967e-04   2.7144058e-04   5.2490601e-05
  -1.9200995e-02  -1.4536394e-01  -7.1496265e-02   1.0834937e-03   4.8384536e-04  -1.1328059e-04
  -2.9834304e-02   2.2386192e-02  -1.4534782e-01  -5.2901486e-05   8.2320481e-04   1.6111455e-04
  -1.0172192e-02  -1.7222258e-01  -1.6002202e-01   9.9789088e-04   4.9504976e-04   1.3814363e-04
  -3.2438350e-02  -7.1600004e-02  -7.3660344e-02   4.2500022e-04   8.3855294e-04   6.0623612e-06
  -5.6556336e-03  -1.4345564e-01  -1.9847635e-01   8.0681333e-04   2.8566900e-04   1.8178964e-04
  -6.9167127e-02  -9.2827510e-02  -7.6017096e-02   1.4111030e-04   1.3426794e-03  -2.8814502e-04
  -9.2977174e-03  -1.2993555e-01  -1.5181125e-01   7.3894585e-04   3.4634340e-04   6.6973036e-05
  -4.8630739e-02  -9.1236258e-02  -1.1446740e-01   5.4236682e-04   8.9479964e-04  -9.1134355e-05
  -5.2101672e-02  -3.7640465e-02  -9.7298285e-02   8.3713691e-05   1.0836058e-03  -1.6451022e-04
  -2.5158040e-02  -1.9051377e-01  -1.4715961e-01   1.6936809e-03   5.5122630e-04   8.4928242e-05
  -4.6055336e-02   3.5709483e-02  -7.4125485e-02  -3.1429928e-04   8.5693697e-04   3.4418501e-06
   5.6348181e-03  -1.3478122e-01  -1.9564474e-01   5.9868294e-04   1.5744695e-04   3.2280851e-04
  -3.3418094e-02  -2.0441159e-01  -8.6441369e-02   9.7605134e-04   8.0971661e-04   2.6704704e-04
  -2.1783184e-02  -1.4745834e-01  -7.8253907e-02   2.3703061e-04   8.2563320e-04   1.0158538e-04
  -1.4510449e-02  -1.2760215e-01  -1.0401435e-01   1.1344854e-03   6.6208071e-04   2.7749365e-04
  -4.0871640e-02   3.5803861e-02  -8.0005659e-02  -3.7367252e-06   9.7823687e-04   1.3379224e-04
  -2.6723155e-02  -8.7566180e-02  -7.8457470e-02   9.6656512e-05   9.2569504e-04   7.4984359e-05
  -8.1171402e-03  -3.8026996e-02  -1.6906215e-01  -1.4167387e-04   6.5650010e-04   3.5915528e-04
  -4.3145976e-02  -1.1459221e-01  -4.9777602e-02   1.4267127e-03   1.0632823e-03   8.9766644e-06
  -3.1229835e-02   1.2135931e-03  -8.6028500e-02  -2.6547347e-05   9.5770446e-04   1.8936677e-04
  -2.1707495e-02  -1.9707513e-01  -1.0348081e-01   1.4453917e-03   8.7789055e-04   2.2119684e-04
  -4.8547308e-02   1.2219508e-02  -6.9298449e-02  -4.5008190e-04   1.1784353e-03  -5.1910985e-05
  -8.8978676e-03  -1.3178415e-01  -1.5968785e-01   2.1985528e-04   7.1788717e-04   2.7793000e-04
  -4.0104542e-02  -8.1603072e-02  -7.9760534e-02   7.5719769e-04   9.0862426e-04   1.1853973e-05
  -1.3327955e-02  -2.0879022e-02  -1.0922279e-01  -4.1701765e-04   6.8892507e-04   4.2254719e-04
  -1.2911222e-02  -1.3367913e-01  -1.4281684e-01   1.0255239e-03   6.9944249e-04   4.7155762e-04
  -4.8463079e-02  -1.9777815e-02  -5.3613204e-02  -1.0372698e-04   1.3718991e-03   1.8261520e-04
   4.0851534e-03  -9.7964472e-02  -1.6543674e-01  -2.1424442e-04   7.2213106e-04   6.3628409e-04
  -3.8862112e-02  -1.1839952e-01  -9.0622038e-02   9.7247902e-04   1.3777293e-03   3.7559565e-04
  -2.1740302e-02  -3.4926421e-02  -1.5157383e-01  -2.1170866e-04   1.3564739e-03   7.5579438e-04
  -6.6697210e-03  -1.3650325e-01  -1.6937087e-01   1.0013255e-03   1.1267224e-03   9.9113561e-04
  -3.4138859e-02  -3.9624172e-02  -8.2922904e-02   4.2296725e-04   1.5637989e-03   7.7724043e-04
  -3.7790817e-03  -1.2340175e-01  -1.8063540e-01   7.4319928e-04   1.2447261e-03   9.2830502e-04
  -4.5059903e-02  -8.4059082e-02  -1.1286144e-01   7.1435122e-05   1.8077884e-03   7.9423432e-04
  -1.5219185e-02  -9.2842927e-02  -1.1241076e-01   4.4992645e-05   1.4596282e-03   1.0242664e-03
  -4.7556161e-03  -2.0214044e-01  -1.3806744e-01   1.4272892e-03   1.3244429e-03   9.6123208e-04
  -2.9565328e-02   2.8039890e-02  -8.7544514e-02  -4.7460271e-04   1.6978617e-03   9.7684742e-04
   5.5998671e-03  -9.2416556e-02  -1.7318863e-01   2.0145307e-04   1.1750353e-03   1.1922730e-03
  -1.4789397e-02  -1.1442739e-01  -1.3825112e-01   1.1930975e-03   1.4400425e-03   9.7500333e-04
  -1.6241888e-02  -3.6275414e-02  -1.2789638e-01   3.8945704e-04   1.5349681e-03   1.1290396e-03
  -1.1665081e-02  -1.2956705e-01  -1.5562723e-01   9.5909853e-04   1.4469324e-03   1.1055420e-03
  -3.5234018e-02   7.2846677e-03  -9.3821586e-02  -7.2105242e-04   1.8318451e-03   9.3897589e-04
   3.5795113e-03  -1.0165937e-01  -1.8493695e-01   2.6967146e-04   1.2440790e-03   1.3473776e-03
  -1.1319988e-02  -8.7792830e-02  -1.1257822e-01   4.9933514e-04   1.4903843e-03   1.0837686e-03
   1.2511795e-02  -3.4953612e-02  -2.0087245e-01  -1.7467158e-04   1.1919456e-03   1.2497885e-03
  -3.3386644e-02  -1.0604507e-01  -1.1433593e-01   1.0182848e-03   1.8548300e-03   1.1729929e-03
  -1.9962863e-02  -4.0118668e-02  -1.4121259e-01   1.9804019e-04   1.5687514e-03   1.0284478e-03
  -2.0623609e-02  -1.4223317e-01  -1.6320483e-01   1.0672255e-03   1.4933353e-03   1.1098302e-03
  -3.3408551e-02   3.0674611e-02  -1.2070774e-01  -6.7341651e-04   1.5476588e-03   9.5496215e-04
  -2.0210195e-03  -8.6094057e-02  -2.0023590e-01   1.0428439e-04   1.0812075e-03   1.1847798e-03
  -3.5091875e-02  -1.0070514e-01  -1.6267117e-01   3.5418333e-04   1.2861099e-03   7.8514425e-04
  -1.3630420e-02  -1.1721420e-02  -1.8106550e-01  -1.9646956e-04   8.8770522e-04   9.2736541e-04
  -1.3033213e-02  -1.0290402e-01  -1.8679051e-01   9.4428168e-04   4.6344983e-04   7.7378016e-04
  -2.2126846e-02   2.5265754e-02  -1.5098858e-01  -2.7090285e-04   3.3871220e-04   4.2676227e-04
   7.6700017e-03  -5.4646513e-02  -2.2991896e-01   6.1450255e-05  -8.5737345e-05   5.2732469e-04
  -2.8593166e-02  -3.3370765e-02  -1.5758768e-01   4.0539742e-04  -6.6517085e-05   4.4468699e-06
   1.9486980e-02  -5.1856478e-02  -1.9724192e-01  -3.6794806e-04  -7.6871836e-04   2.2155015e-04
  -2.2049784e-02  -9.9595864e-02  -1.9890974e-01   4.4563766e-04  -2.9433302e-04   8.1076883e-06
  -3.0656666e-02  -9.6713213e-03  -1.8631356e-01  -5.1720819e-04  -5.2991529e-05  -1.9357984e-04
  -3.0380610e-03  -1.0957319e-01  -2.5770285e-01   1.6302570e-04  -4.0925792e-04   1.4024919e-04
  -4.5597881e-02   8.1239332e-03  -1.5772949e-01  -5.1575680e-04   5.1852947e-05  -1.6605176e-04
  -2.2534945e-03  -7.9228516e-02  -2.0567413e-01  -1.0896808e-04  -7.4996013e-04   1.5116178e-05
  -4.7906013e-02  -8.4215650e-02  -1.7132107e-01  -6.0889739e-05   1.4339901e-04  -2.1476416e-04
  -2.7127366e-02   1.3282739e-02  -1.5237436e-01  -1.4662735e-03  -1.3275361e-04  -1.1975777e-04
  -1.4536497e-02  -8.1678788e-02  -2.1489581e-01   3.4169625e-04  -4.6362642e-04  -9.3720343e-05
  -3.7433409e-02   7.7347110e-02  -1.5825462e-01  -8.4096032e-04  -2.4915096e-04  -3.4115033e-04
   1.3574777e-02  -4.1716979e-02  -2.4511786e-01  -2.2712623e-04  -7.4160852e-04   2.5992744e-04
  -1.9336066e-02  -4.2733981e-02  -1.6721181e-01   5.1144282e-04  -3.3529169e-04   7.8570506e-05
  -1.3906831e-02   6.3595388e-02  -1.6078985e-01  -2.9879311e-04  -3.6902912e-04  -3.1731902e-05
  -1.2803988e-03  -1.3927683e-01  -1.6983670e-01   7.0996869e-04  -5.7934428e-04  -8.6906766e-05
  -1.7998935e-02   2.3593611e-02  -1.3354154e-01  -9.6919958e-04  -3.5776140e-04  -2.8362885e-04
   1.3712707e-02  -9.8655862e-02  -2.1606407e-01  -1.7399006e-04  -9.2251107e-04   1.7329411e-05
  -3.3766950e-02   7.8151618e-03  -1.1183393e-01  -6.5363816e-05  -3.2865423e-04  -2.2957337e-04
  -1.9830949e-03  -4.2615555e-02  -2.0795824e-01   4.8237663e-06  -8.2358500e-04  -6.7621509e-05
  -4.1056849e-02  -3.5364355e-02  -1.2283775e-01  -3.9126770e-05  -2.0326462e-04  -2.6783407e-04
  -4.0539625e-03   2.3916551e-03  -1.3239131e-01  -1.2330041e-04  -8.3064058e-04  -1.4829470e-04
  -2.0863988e-02  -9.7225785e-02  -1.0676452e-01   4.2123730e-05  -5.9878482e-04  -3.7223419e-04
  -3.6816868e-02   4.3428403e-02  -1.3823688e-01  -8.5547834e-04  -4.2366236e-04  -5.9006451e-04
  -2.7434612e-02  -1.8260426e-01  -1.4091642e-01   2.9356070e-04  -7.8264893e-04  -6.2881987e-04
  -3.5801678e-02   2.8881413e-02  -1.3651432e-01  -1.2831278e-03  -3.4805463e-04  -4.7027199e-04
  -2.5961800e-02  -1.5370760e-01  -1.7447716e-01   6.4788921e-04  -6.6082411e-04  -5.4053739e-04
  -4.0366717e-02   7.4973779e-02  -1.1275737e-01  -5.5537307e-04  -5.0337043e-04  -6.3125956e-04
  -2.5639232e-02  -9.0176831e-02  -1.6791882e-01   1.8429554e-04  -3.9971473e-04  -4.8986439e-04
  -3.1164577e-02   1.1177725e-01  -1.2557214e-01  -6.1489349e-04  -3.0406763e-04  -3.9290644e-04
  -2.8056054e-02  -5.5749364e-02  -1.8166818e-01   2.6761030e-04  -3.0400158e-04  -2.8405148e-04
  -3.8342294e-02   5.4512449e-02  -1.3745279e-01  -7.3959761e-04  -2.3216512e-04  -3.7716171e-04
  -1.1594088e-02  -9.2122869e-02  -1.8775731e-01   2.4075174e-04  -4.1913104e-04  -1.4093921e-04
  -5.9796158e-02   1.4188928e-01  -1.1599039e-01  -1.1299617e-03   1.0143809e-04  -5.2644918e-04
   2.6534751e-03  -8.2315579e-02  -1.6775066e-01   2.6987558e-04  -6.2330216e-04  -2.2558596e-05
  -3.0132985e-02  -1.7476455e-02  -1.4730019e-01   1.6972872e-04  -3.6520548e-04  -3.9652348e-04
  -1.0406488e-02   4.6027113e-02  -1.6196509e-01  -9.8545847e-04  -6.8151821e-04  -1.8694036e-04
  -2.7304872e-02  -9.2043460e-02  -1.5933302e-01   1.9910055e-04  -7.8634357e-04  -4.5284200e-04
  -2.1373808e-02  -3.8891989e-03  -1.3000365e-01  -1.2394858e-04  -8.5362534e-04  -6.2733925e-04
  -1.8319194e-02  -1.0738342e-01  -1.6648435e-01   2.5561171e-05  -7.6137030e-04  -5.9095804e-04
  -3.6923261e-02   9.5809208e-02  -1.2037067e-01  -8.5326641e-04  -6.6876564e-04  -6.3789179e-04
  -2.2098135e-02  -1.2055892e-01  -1.7619886e-01   3.7124326e-04  -7.4549291e-04  -5.5651439e-04
  -6.7426241e-02   1.0913424e-01  -8.9356263e-02  -1.4351863e-03  -2.2291116e-04  -8.1176475e-04
  -6.6599964e-03  -3.3780551e-02  -1.9839557e-01  -2.6859854e-04  -1.0894273e-03  -3.7487759e-04
  -5.4408547e-02  -6.5461959e-02  -1.3700913e-01   1.0329820e-04  -5.3417955e-04  -7.2157591e-04
  -6.5545827e-03  -7.4593967e-02  -2.1214016e-01   6.8434555e-04  -1.4023392e-03  -2.6638459e-04
  -5.8675399e-02  -4.7456223e-02  -1.6294434e-01  -3.5994181e-04  -3.7052145e-04  -9.3431389e-04
  -1.1342915e-02  -4.8463685e-02  -1.7696975e-01  -2.0091538e-04  -1.0202557e-03  -6.1547380e-04
  -2.5477846e-02  -1.5086909e-01  -1.8032800e-01   4.5793434e-04  -8.5949989e-04  -7.3117790e-04
  -2.5438691e-02   8.8073632e-02  -1.5355826e-01  -4.5059454e-04  -7.3680179e-04  -5.4421655e-04
  -3.0645352e-02  -1.4805426e-01  -1.9709551e-01   8.5765324e-04  -7.3973832e-04  -7.7753773e-04
  -3.8214320e-02   9.7646030e-02  -1.4067412e-01  -8.7567779e-04  -7.5492498e-04  -7.3695159e-04
  -1.2774451e-02  -3.3384847e-02  -2.4171260e-01  -1.3049272e-04  -1.0109156e-03  -4.5275906e-04
  -4.7031886e-02   5.4010265e-02  -1.4077808e-01  -4.4379116e-04  -6.5634839e-04  -6.9901069e-04
  -1.3488978e-02   1.8364966e-02  -2.2607276e-01  -3.4455663e-04  -1.1636148e-03  -4.2487878e-04
  -5.9763900e-02  -2.7230683e-02  -1.7436837e-01   1.3904784e-04  -3.7748200e-04  -7.5965106e-04
  -2.2474089e-02   2.0885745e-02  -1.9398296e-01  -5.5724620e-04  -8.9349997e-04  -5.6869949e-04
  -5.3519323e-02  -1.1861303e-01  -1.7129882e-01   1.9834301e-04  -5.3327535e-04  -8.2540006e-04
  -1.9289360e-02   7.4994798e-02  -1.9677997e-01  -3.6602497e-04  -1.1319843e-03  -4.5524091e-04
  -3.5935775e-02  -1.2503027e-01  -1.8487111e-01  -6.0262257e-05  -7.4762224e-04  -7.9426080e-04
  -2.4039715e-02   6.9503207e-02  -1.7878338e-01  -1.1586323e-03  -8.2317953e-04  -6.5300734e-04
  -2.8647483e-02  -1.0753192e-01  -1.8683026e-01   5.3250185e-04  -9.5198838e-04  -7.2285233e-04
  -3.9210888e-02   9.0562158e-02  -1.5776680e-01  -7.6283890e-04  -6.7549369e-04  -6.7103221e-04
  -3.0519897e-02  -1.0516844e-01  -2.0923662e-01   2.4269258e-04  -6.6420576e-04  -5.8173573e-04
  -4.3933626e-02   1.0138901e-01  -1.5204602e-01  -1.0786794e-03  -5.2046097e-04  -7.6127906e-04
  -1.0140855e-02  -8.9374045e-02  -2.1227352e-01  -1.1396156e-04  -9.5514281e-04  -3.7930351e-04
  -3.6115236e-02  -2.1084072e-02  -1.4030530e-01  -2.1830084e-04  -8.5436859e-04  -5.5000844e-04
   1.7806797e-03  -2.5258929e-02  -2.0517357e-01  -7.4573780e-05  -1.3176017e-03  -2.1312360e-04
  -7.0761243e-02   3.3561367e-03  -1.2632817e-01  -5.9242905e-04  -1.7547255e-04  -8.0207587e-04
  -1.3645377e-02  -1.5871991e-03  -2.0391134e-01  -3.5113886e-04  -9.6030516e-04  -4.9287183e-04
  -2.9119689e-02  -8.1771235e-02  -1.6296941e-01  -1.0500539e-04  -9.1757074e-04  -6.2782674e-04
  -1.1327946e-02   5.3492910e-02  -2.0720745e-01  -3.8021428e-04  -1.2216545e-03  -2.7066734e-04
  -4.0718257e-02  -4.8039505e-02  -2.0415039e-01  -1.0216581e-05  -7.8137421e-04  -5.3964163e-04
  -3.1550634e-02   2.2358577e-02  -1.7044740e-01  -4.3757934e-04  -9.2628870e-04  -5.9510513e-04
  -4.0285824e-02  -8.2774166e-02  -1.9598564e-01   5.0836664e-04  -6.2359098e-04  -4.5706026e-04
  -4.8908746e-02   1.1324510e-01  -1.6342574e-01  -1.1682380e-03  -7.6779206e-04  -5.9422506e-04
  -5.9880932e-03  -5.0734199e-02  -2.3629015e-01   1.9783285e-04  -1.0324671e-03  -2.8008201e-04
  -4.0662378e-02   9.6229085e-02  -1.6083667e-01  -1.0182224e-03  -6.5301221e-04  -7.4159518e-04
   1.1035690e-02  -1.9945614e-02  -2.3696344e-01   1.2574264e-05  -1.3802591e-03  -1.8201119e-04
  -3.6600942e-02   3.0530051e-02  -1.3626432e-01  -1.4502148e-04  -7.0531365e-04  -5.9319493e-04
  -2.0352847e-03   4.0795788e-02  -2.2088150e-01  -1.2600530e-03  -1.0573067e-03  -4.3194165e-04
  -2.0723053e-02   5.4083611e-03  -1.9962092e-01  -7.6425926e-05  -9.6625619e-04  -5.2413809e-04
  -2.6525158e-02   1.1196388e-01  -2.5722638e-01  -1.8826931e-04  -9.3542266e-04  -5.4698058e-04
  -3.1075892e-02  -1.1221309e-01  -1.4024326e-01  -6.2189215e-04  -4.9406647e-04  -5.9445235e-04
  -2.2070046e-02   6.0250796e-02  -2.0514358e-01  -1.1331949e-03  -8.1156528e-04  -4.0251115e-04
  -1.5825837e-02  -7.5871191e-03  -2.1631280e-01   1.5910713e-04  -8.8747302e-04  -4.5029677e-04
  -3.6410481e-02   1.9294814e-01  -2.0537971e-01  -7.0853156e-04  -6.5329319e-04  -6.0049491e-04
  -7.9210143e-03  -2.1239865e-02  -3.2920926e-01  -3.7295142e-04  -9.4107278e-04  -4.4146996e-04
  -7.3705897e-02   9.0183709e-02  -1.8385485e-01  -9.5949086e-04  -3.3449314e-04  -8.9181038e-04
  -2.9548363e-02  -7.9417412e-02  -2.4009782e-01   4.9934479e-04  -1.0720733e-03  -9.0184541e-04
  -6.6814779e-02   4.9089258e-02  -1.4807699e-01  -1.4276270e-03  -2.9124005e-04  -9.7020567e-04
  -6.3579011e-03  -6.2852137e-02  -2.3479900e-01  -2.1726710e-04  -8.2423096e-04  -3.4680455e-04
  -4.4048355e-02  -1.2317008e-02  -1.9634933e-01  -8.0198933e-04  -4.0546613e-04  -6.3895021e-04
  -5.9259608e-03  -1.8583495e-02  -2.7109993e-01  -1.0687058e-03  -7.8278184e-04  -1.0052159e-04
  -7.9236067e-02   9.6574474e-04  -1.8333505e-01  -1.2022641e-03   1.9961184e-04  -6.5821927e-04
  -9.2026313e-03  -3.9132693e-02  -2.2911110e-01  -1.1426188e-04  -8.7884233e-04  -4.1433435e-04
  -4.6797251e-02   1.6493678e-02  -2.0457523e-01  -8.5163488e-04  -3.2185573e-04  -6.1830990e-04
  -2.8302242e-03   7.6464506e-02  -2.4157157e-01  -9.0006841e-04  -6.4923280e-04  -2.5426379e-04
  -3.8695304e-02  -6.1957251e-03  -2.3033866e-01  -4.2902464e-04   2.5613134e-04   1.1325228e-04
  -6.7396029e-03   6.5511617e-02  -2.3606348e-01  -1.4157016e-03   2.7254247e-04   5.6379605e-04
   2.1252749e-02  -7.3895498e-02  -2.7600231e-01  -1.0092352e-04   9.5580067e-05   7.9422352e-04
   1.0435071e-02   1.2055212e-01  -2.3654119e-01  -1.3606086e-03   3.6650744e-04   8.0335417e-04
   3.1594380e-02   8.3914233e-03  -3.2356329e-01  -1.1338926e-03   1.1108103e-04   1.0392468e-03
   8.0552525e-03   1.0820501e-01  -2.4454186e-01  -1.0124562e-03   3.5217431e-04   1.0246077e-03
   4.0834007e-02  -8.4770335e-02  -3.4105227e-01   6.2699795e-04  -9.8348429e-05   1.2356834e-03
  -2.5129879e-02   1.5687345e-01  -2.7166513e-01  -1.7863499e-03   7.8148906e-04   7.5578705e-04
   3.7999914e-02  -1.0532938e-01  -3.4275413e-01   1.2061442e-04  -2.2489947e-05   1.2690387e-03
   6.1919169e-03  -7.5989011e-02  -2.9101267e-01  -3.1146580e-04   3.6937049e-04   9.6643301e-04
   3.6339926e-02   4.0222035e-02  -3.0996346e-01  -8.1561287e-04  -1.1365353e-04   1.2747111e-03
   1.8840331e-02  -5.2219038e-02  -3.4453606e-01   5.6586182e-04   1.7123510e-04   1.3960380e-03
  -8.8429798e-04   8.5926296e-02  -2.8704624e-01  -6.4894411e-04   6.3182728e-04   1.2067816e-03
   3.3988291e-02   2.7487932e-02  -3.9691967e-01  -3.2142339e-04   1.3400891e-04   1.5480399e-03
  -2.3726394e-02   1.5580926e-01  -2.9320362e-01  -8.8110407e-04   1.0128519e-03   1.3635889e-03
   3.9116444e-02  -2.9617584e-02  -3.3746651e-01   5.3589166e-04   6.8933039e-05   1.6662228e-03
  -1.5901076e-03   9.8779129e-04  -3.0759235e-01   3.9911836e-04   5.9143501e-04   1.4267821e-03
   1.4722801e-02   2.3533853e-04  -3.0466532e-01  -5.2717660e-04   5.0076977e-04   1.3087629e-03
   3.6287289e-02   3.9632808e-02  -3.5011354e-01  -8.1883397e-04   1.3788020e-04   1.8235780e-03
   1.0552455e-02   4.2692488e-02  -3.0902402e-01   6.2508864e-04   4.1015305e-04   1.6271329e-03
  -5.1144426e-03   1.0600189e-01  -3.2143768e-01  -4.5994085e-04   9.8481053e-04   1.6619186e-03
   2.2208739e-02  -1.0259938e-01  -3.0743904e-01   2.6332526e-04   5.2200378e-04   1.6574430e-03
   2.5262240e-02   5.1117116e-02  -3.4499794e-01   6.4346970e-04   3.4207106e-04   1.7916122e-03
  -1.5760682e-02   1.3352910e-02  -3.0431789e-01  -3.2229757e-04   9.1457235e-04   1.1662190e-03
   1.8922647e-02   6.3515164e-02  -3.4956825e-01  -9.6979680e-04   4.8601298e-04   1.5790404e-03
  -8.8439006e-03  -6.0985663e-02  -3.3751966e-01   7.2111774e-04   7.3562501e-04   1.5136903e-03
  -1.0136959e-03   6.5065356e-02  -3.0313923e-01  -4.2771694e-04   7.1607152e-04   1.4209473e-03
   1.4493194e-02  -4.4395106e-02  -3.6431360e-01  -4.6015515e-06   6.1017981e-04   1.5375311e-03
  -3.0719796e-03   1.2696937e-01  -3.0268237e-01  -8.7456520e-04   5.6911514e-04   1.5363814e-03
   4.1859437e-02   2.7935653e-02  -3.7336317e-01  -5.0945442e-04  -1.8897638e-04   1.9982616e-03
  -2.1134913e-02   5.1787299e-02  -3.0047175e-01   1.0948581e-05   7.7369154e-04   1.4551045e-03
   3.0416669e-02  -2.4018944e-03  -3.4962560e-01  -2.1899273e-04   1.4333943e-04   1.6548257e-03
  -5.5025910e-04  -1.1005931e-01  -3.1338401e-01   4.0073016e-04   6.9494254e-04   1.3628384e-03
   4.6716046e-03   1.5564568e-01  -3.5340394e-01  -7.6783804e-04   5.7761088e-04   1.6405075e-03
   1.1227919e-02  -5.3925270e-02  -3.2667611e-01   2.3792601e-04   6.0034283e-04   1.4887439e-03
  -5.0602871e-03   1.6553794e-01  -3.3808652e-01  -1.3187819e-03   7.7869714e-04   1.5206608e-03
   2.1997949e-02   1.5704519e-02  -3.7463535e-01  -8.4467441e-07   3.0495581e-04   1.7894473e-03
  -1.7879912e-02   9.6468734e-02  -3.1447904e-01  -4.5810608e-04   8.3604218e-04   1.5702526e-03
   2.2128748e-02   6.0108699e-02  -4.1243016e-01  -9.3348290e-04   5.2285727e-04   1.8775810e-03
  -1.2629965e-02  -3.1668190e-02  -3.5706183e-01  -2.2525659e-04   9.8495124e-04   1.5035698e-03
   2.1860342e-02   5.2746812e-02  -3.7082640e-01  -1.1339957e-03   4.8670914e-04   1.7450563e-03
  -3.5272757e-03  -3.9982343e-02  -3.6596998e-01  -5.1105582e-04   8.6347491e-04   1.6461196e-03
   1.1425042e-02   8.4866367e-02  -3.4145949e-01  -7.2916250e-04   6.1356221e-04   1.6991660e-03
  -6.8831026e-03  -3.9401063e-02  -3.5529604e-01  -4.2241206e-04   9.1805256e-04   1.5253053e-03
  -3.3546051e-04   1.6454918e-01  -3.4644397e-01  -1.1350561e-03   7.4292617e-04   1.6917532e-03
   1.6228644e-02  -1.5877680e-02  -4.1565250e-01   8.5142464e-05   5.7733753e-04   1.7480645e-03
  -3.6153513e-03   1.1784492e-01  -3.6126601e-01  -7.6371746e-04   7.5234721e-04   1.5224254e-03
   3.9325998e-02   6.4270324e-02  -4.0971753e-01  -5.2041411e-04   1.7032828e-04   1.9728543e-03
   6.2181998e-03  -8.0670601e-03  -3.8840435e-01   5.0416589e-04   6.9242880e-04   1.9055081e-03
  -3.9977607e-04  -1.1373500e-02  -3.8910593e-01  -8.4661851e-05   9.0709287e-04   1.7059819e-03
   1.4752003e-02  -7.8441644e-03  -4.3403306e-01   4.2861268e-04   7.1447092e-04   1.7942855e-03
   6.6530891e-04   1.2441128e-01  -3.9456043e-01  -2.7865696e-04   9.5427076e-04   1.8274863e-03
   1.8801403e-02  -3.0353924e-02  -4.0943478e-01  -6.8874302e-04   8.0443866e-04   2.0107707e-03
  -6.8597922e-03  -2.9038502e-02  -4.1452913e-01   3.4897773e-04   1.0588894e-03   1.8955506e-03
  -1.7334256e-03   7.5708256e-02  -3.5438805e-01  -3.7231193e-04   1.0405317e-03   1.7780505e-03
   2.1942680e-02   1.9532622e-02  -4.1131345e-01  -5.9233156e-04   7.9403994e-04   1.9829611e-03
   1.2995731e-02   2.4478418e-02  -3.9201138e-01   3.0677372e-04   8.9542126e-04   1.9662808e-03
  -3.7649624e-03   1.3682028e-01  -3.5452217e-01  -8.3103478e-04   1.0593118e-03   1.9558525e-03
   9.0607556e-03  -5.6718091e-03  -4.0802131e-01   9.4341746e-05   1.0233883e-03   2.0337902e-03
  -1.3911570e-02   1.3438546e-01  -3.5631099e-01  -1.1419264e-03   1.5109689e-03   1.8332749e-03
   2.7482810e-02  -7.4451502e-02  -4.2920869e-01   1.7968796e-04   8.9991250e-04   2.0658424e-03
   2.0126770e-03   7.1530065e-02  -3.8580037e-01  -1.2682217e-03   1.3032855e-03   2.1088296e-03
   3.5259749e-02   9.2309750e-03  -4.2715742e-01  -6.4912485e-04   6.9294912e-04   2.1798332e-03
  -1.4555999e-03  -7.8625950e-02  -4.1747814e-01   1.7409768e-04   1.2136260e-03   1.7313771e-03
   1.7754126e-02   9.3218898e-02  -4.0780730e-01  -9.4900671e-04   8.1095005e-04   1.9526896e-03
  -4.1671990e-03   1.2672298e-02  -4.5176579e-01   1.7377519e-04   1.2619257e-03   1.9038740e-03
  -1.4410933e-02   8.3801896e-02  -3.8265024e-01  -1.0610043e-03   1.5765271e-03   1.8600121e-03
   7.1381810e-03   8.6979514e-02  -4.7681554e-01  -8.5746670e-04   1.1747580e-03   2.2091767e-03
  -2.9837080e-02   5.0698719e-02  -3.5795221e-01   1.3257675e-04   1.5366214e-03   1.9667409e-03
   1.9107307e-02   6.1327441e-02  -4.1781641e-01  -7.5062664e-04   8.5776729e-04   2.2768851e-03
  -5.4377975e-02  -2.9473733e-01  -3.0753667e-01  -2.4218117e-04   2.1389491e-03   1.1909170e-03
  -1.1540094e-02  -8.1353847e-02  -3.9085954e-01   5.9709920e-04   1.6373926e-03   1.8172356e-03
   9.5416072e-04   5.0855824e-01  -4.2440072e-01  -1.1770921e-03   1.1036569e-03   2.2790394e-03
   1.8433451e-02   1.8110782e-01  -4.7051673e-01  -6.4239781e-04   9.1151397e-04   2.3049645e-03
  -4.7086763e-03   3.5973743e-02  -4.3718691e-01  -4.7164229e-04   1.3449232e-03   2.2255921e-03
   2.0618827e-02   5.5347473e-02  -4.5376535e-01  -8.4044588e-04   1.1220353e-03   2.2411571e-03
  -5.8254080e-03  -2.2690592e-02  -4.3486305e-01  -1.0139186e-03   1.6706615e-03   2.1386968e-03
   1.9113233e-02   6.2481143e-02  -4.4215003e-01  -1.1458089e-03   1.3404327e-03   2.2929360e-03
  -1.9704546e-02   4.9611949e-02  -4.3221192e-01  -9.3515868e-04   1.7981517e-03   1.9775240e-03
   2.4425648e-02  -1.7937601e-02  -4.7601063e-01  -1.0784247e-03   1.2142358e-03   2.2699704e-03
  -4.0765409e-02   1.2788158e-03  -4.3310791e-01  -7.8910949e-04   2.1632925e-03   2.0200668e-03
   4.5312765e-03   1.1055498e-01  -4.4253050e-01  -5.9468733e-04   1.4851451e-03   2.2457515e-03
  -1.3604961e-02   6.0458944e-02  -4.1387928e-01  -1.3828321e-03   1.8344284e-03   2.0593435e-03
   3.0983972e-02   8.1244338e-02  -4.5185187e-01  -1.6045908e-03   1.0753972e-03   2.4160238e-03
  -3.0100994e-02   9.6051695e-03  -4.3007539e-01  -1.0289782e-03   1.9200730e-03   2.1579746e-03
   5.8216706e-03   2.0874806e-01  -4.5964418e-01  -1.6643316e-03   1.3263937e-03   2.3963272e-03
  -3.6329814e-02   5.7500235e-02  -4.3848384e-01  -1.4581267e-03   2.1766442e-03   2.0551288e-03
   1.4099772e-02   1.4263755e-02  -4.7853700e-01  -8.7551975e-04   1.4688230e-03   2.3778674e-03
  -2.2753068e-02   9.9766848e-02  -4.4862414e-01  -1.5619774e-03   1.9083993e-03   2.0571185e-03
   4.4879033e-03   9.1686875e-04  -4.6050600e-01  -9.6900601e-04   1.4600595e-03   2.3996713e-03
  -9.7917158e-03   5.1023598e-02  -4.3684903e-01  -1.1150768e-04   1.5466249e-03   2.1297987e-03
  -6.5992083e-03   2.5195820e-01  -4.5920221e-01  -2.1794590e-03   1.5723843e-03   2.3273109e-03
  -7.4424286e-03   1.2676725e-02  -4.4725683e-01  -6.3127489e-04   1.5617747e-03   2.2085358e-03
  -2.3713306e-02   2.0741687e-01  -4.6994311e-01  -1.4148446e-03   2.1643297e-03   2.2328662e-03
  -1.2516991e-02   4.2432719e-02  -4.0694680e-01  -6.7005605e-04   1.8652019e-03   2.2118652e-03
  -4.3285922e-03   1.8730983e-01  -4.6092169e-01  -1.3304210e-03   1.7959863e-03   2.3549068e-03
  -8.0687979e-04  -3.4970401e-02  -4.7662273e-01  -8.7163050e-04   1.7694829e-03   2.3849763e-03
  -2.3291251e-02   1.2717913e-01  -4.3653825e-01  -1.3627828e-03   1.9806320e-03   2.1989723e-03
   2.0600791e-02   2.9936871e-02  -4.9331360e-01  -1.2625857e-03   1.3389122e-03   2.4260251e-03
  -2.2062631e-02   1.1524891e-02  -4.7700422e-01  -6.9453590e-04   2.0569588e-03   2.1483845e-03
   1.2570913e-03   1.9399780e-01  -5.0437867e-01  -1.3089757e-03   1.6004363e-03   2.5059455e-03
  -8.3340028e-03  -3.1957478e-02  -4.6392493e-01  -9.2833949e-04   1.7793629e-03   2.0718856e-03
   1.9387135e-02   1.0185866e-01  -4.6873582e-01  -1.1645568e-03   1.4518853e-03   2.6164001e-03
  -3.0697992e-03  -2.1065596e-02  -4.5432442e-01  -1.0007449e-03   1.9495213e-03   2.3162845e-03
  -2.1753554e-03   1.1719228e-01  -4.2367664e-01  -9.9920367e-04   1.8308611e-03   2.2481014e-03
   7.1889619e-03   4.6554344e-02  -4.7503401e-01  -1.2223260e-03   1.6823176e-03   2.4145658e-03
  -4.3233899e-03   2.1114858e-01  -4.2531443e-01  -1.8995585e-03   1.8961518e-03   2.4213798e-03
   7.4816697e-03   6.2839926e-02  -5.0875735e-01  -1.3375248e-03   1.7451768e-03   2.4654688e-03
  -4.0630214e-02   1.5701502e-01  -4.3307138e-01  -1.4874473e-03   2.3537977e-03   2.1647267e-03
   1.6556105e-02  -4.4787911e-03  -4.9099117e-01  -6.0306421e-04   1.4161868e-03   2.4220801e-03
  -1.5063091e-02   4.9080563e-02  -4.5370067e-01  -1.3913246e-03   1.9107500e-03   2.2794666e-03
   2.8850470e-02   9.2716201e-02  -4.8190594e-01  -1.4479822e-03   1.2060831e-03   2.4641794e-03
  -2.5364916e-02  -2.1471498e-02  -4.7844482e-01  -9.1111367e-04   2.0979069e-03   2.2838170e-03
   3.2697276e-03   9.9572967e-02  -4.6940595e-01  -1.7254407e-03   1.6938669e-03   2.4089202e-03
  -1.7895477e-02  -3.0056057e-02  -4.9341794e-01  -7.7290755e-04   2.0536307e-03   2.3429637e-03
  -2.0190104e-02   1.1511169e-01  -4.7575989e-01  -1.4692024e-03   2.0520220e-03   2.1416582e-03
  -1.2796086e-02  -1.3006513e-02  -5.1365715e-01  -7.0367138e-04   1.9951898e-03   2.3881125e-03
  -3.1209213e-02   2.2499457e-01  -4.7299467e-01  -3.0256057e-03   2.2537553e-03   2.3007749e-03
   5.0404638e-03   7.0219625e-03  -5.1916928e-01  -1.0535303e-03   1.6937274e-03   2.3105706e-03
  -2.3928405e-02   1.5787551e-01  -4.5343155e-01  -1.7599558e-03   1.9930216e-03   2.1375108e-03
   1.2129265e-02   9.3618249e-02  -4.9203759e-01  -1.2044987e-03   1.7176146e-03   2.3845569e-03
  -4.4281544e-02   7.9458351e-02  -4.4042123e-01  -1.1410966e-03   2.5277457e-03   2.1117391e-03
   1.8958989e-02   9.2386298e-02  -4.8119182e-01  -2.1978055e-03   1.5900068e-03   2.6291510e-03
  -1.4881373e-03  -3.7134310e-02  -4.9260708e-01  -7.1133605e-04   1.8842402e-03   2.6099072e-03
  -5.1904039e-03   2.0326872e-01  -4.4202023e-01  -1.5027455e-03   1.8943923e-03   2.6429442e-03
   6.6472896e-03   3.2193398e-03  -5.0524175e-01  -1.1764496e-03   1.8420124e-03   2.5168277e-03
  -3.3427268e-02   2.1766914e-01  -4.4323181e-01  -2.3324638e-03   2.3153653e-03   2.1637726e-03
   6.3869889e-03   1.7074293e-02  -5.0331748e-01  -6.0207710e-04   1.7323196e-03   2.7637468e-03
  -1.4692946e-02   2.9588532e-01  -4.4247156e-01  -2.1705334e-03   1.8628247e-03   2.6703993e-03
   1.7779386e-02   3.2295690e-02  -4.9331847e-01  -1.6709468e-03   1.6256031e-03   2.6281670e-03
  -1.0093673e-04   1.3822032e-01  -4.4063093e-01  -1.8913856e-03   1.8171058e-03   2.5201227e-03
   7.3307746e-03   4.8683145e-02  -5.3218576e-01  -1.2540850e-03   1.7660256e-03   2.5453933e-03
  -2.8888275e-02   1.8167670e-01  -4.4516527e-01  -2.0382164e-03   2.3333097e-03   2.3762800e-03
   1.3898513e-02   6.5771429e-03  -4.8718428e-01  -4.3934108e-04   1.6276885e-03   2.6468926e-03
  -1.5995291e-02   1.0271612e-01  -4.4614050e-01  -7.6628531e-04   2.0125828e-03   2.3818166e-03
   1.8837086e-02   1.1886663e-01  -5.1025937e-01  -1.2518337e-03   1.6709560e-03   2.7712589e-03
  -2.8622551e-02   8.8308824e-02  -4.7948526e-01  -8.5925630e-04   2.2811867e-03   2.4286760e-03
   9.8203053e-03   6.3566838e-02  -5.0330355e-01  -8.3816907e-04   1.6908919e-03   2.6676564e-03
  -1.8020261e-02   6.4479461e-02  -4.8200402e-01  -1.4377932e-03   1.9619774e-03   2.3960218e-03
   6.7957479e-03   9.9217297e-02  -4.8795501e-01  -1.5096762e-03   1.5204536e-03   2.7301538e-03
  -1.1263972e-02   8.2755029e-02  -5.0466102e-01  -6.6841973e-04   1.8048826e-03   2.6550753e-03
