   0.0000000e+00   0.0000000e+00   0.0000000e+00   0.0000000e+00   0.0000000e+00   0.0000000e+00
   5.2214700e-02  -2.4829687e-03  -7.3943342e-02   4.5505358e-04  -8.7542561e-04  -5.8181926e-04
   4.4375902e-02  -8.6428660e-03  -2.8719786e-02   2.1570730e-03  -1.4389832e-03  -1.6538160e-03
   4.4062131e-02  -6.8801313e-03  -3.6652235e-02   2.7895212e-03  -1.2404330e-03  -1.7352119e-03
   5.9532111e-02  -2.0721492e-02  -5.9053562e-03   2.3611525e-03  -9.5438785e-04  -1.4134489e-03
   7.1052439e-02  -2.2093578e-02   6.1686263e-02   6.6074687e-04   2.2037723e-04  -3.4179489e-04
   5.5248480e-02  -4.0811251e-02   8.7373106e-02   5.1230449e-04   4.4448320e-04  -4.2013844e-04
   7.1393794e-02  -1.4133330e-01   1.0991111e-01   1.6117040e-03   1.7251176e-04  -1.6373127e-04
   5.4710977e-02  -1.6912628e-02   1.3521997e-01   7.8447193e-04   7.7479584e-04   1.1214207e-04
   5.7222118e-02  -1.3112277e-01   1.5352683e-01  -1.2560012e-04   3.5118442e-04   4.7333812e-04
   6.7381001e-02  -1.6579736e-01   1.6188455e-01  -3.8698317e-04  -5.8649605e-05   6.8650341e-04
   5.5910043e-02  -1.4724494e-01   2.0948595e-01  -1.3799166e-03   1.6934741e-04   1.3899043e-03
   6.1694223e-02  -1.2358456e-01   2.3007737e-01  -2.0745774e-03   1.1302619e-05   1.7103792e-03
   7.0441422e-02  -7.9758686e-02   2.1760479e-01  -2.8506604e-03   6.0468141e-04   1.8990954e-03
   9.4886933e-02  -3.9834867e-02   2.0401372e-01  -3.0500654e-03   1.2778342e-04   2.7824183e-03
   1.2529785e-01  -4.1051258e-02   2.5807268e-01  -2.3775771e-03   4.9642304e-04   5.2949732e-03
   9.9450002e-02  -3.0538572e-02   2.1723739e-01  -3.4782682e-03  -1.2648193e-04   2.1682017e-03
   1.0607657e-01  -7.5226515e-03   2.3199116e-01  -2.5571162e-03  -3.3500930e-04   2.3193350e-03
   9.9720662e-02  -1.2472797e-02   2.4643278e-01  -2.4853606e-03  -6.7252197e-04   2.2400887e-03
   8.8921987e-02  -1.8900892e-02   2.8405936e-01  -3.3158017e-03  -5.4112805e-04   2.1234463e-03
   7.4317445e-02  -2.8879191e-02   2.2454987e-01  -2.9739433e-03  -1.2291580e-03   1.8180911e-03
   7.1859544e-02   6.7462782e-03   3.4554741e-01  -4.7704208e-03  -2.8517568e-04   2.0884133e-03
   5.8457997e-02  -1.2084341e-01   3.8382180e-01  -6.0018730e-03  -5.3079664e-04   2.4001123e-03
   4.1855163e-02  -1.0472971e-01   3.8250193e-01  -6.8031658e-03  -4.3796513e-04   2.2838232e-03
   3.5193853e-02  -1.0741382e-01   3.2668068e-01  -4.1685620e-03  -1.1013855e-03   2.0279451e-03
   3.4867779e-02  -1.6245192e-01   3.9613432e-01  -6.8883093e-03  -6.7397079e-04   2.6137731e-03
   4.8379465e-02  -1.3914168e-01   3.6786421e-01  -5.7128212e-03   1.8982480e-04   2.8236736e-03
   2.0598759e-02  -1.3147296e-01   3.8416566e-01  -5.9550833e-03   4.5869407e-04   2.5059773e-03
   2.9444540e-02  -1.4181532e-01   3.4887543e-01  -5.4213798e-03  -6.5972067e-04   3.0387014e-03
   2.5037088e-02  -1.0985929e-01   4.1085603e-01  -5.8528316e-03  -8.4995166e-04   3.1894659e-03
   2.6493510e-02  -1.6406277e-01   3.1253216e-01  -4.9993559e-03  -1.0303279e-03   2.4405497e-03
   1.9246656e-02  -1.4380781e-01   3.4720334e-01  -4.8740417e-03  -4.3802800e-04   2.1736247e-03
  -3.3411539e-03  -2.2157434e-01   3.9289516e-01  -4.7159365e-03  -4.7965545e-04   1.8461710e-03
   2.1368210e-03  -1.4093352e-01   2.3571393e-01  -3.6788100e-03  -9.2793971e-04   9.8688219e-04
   3.3367658e-02   2.0194674e-02   3.1536074e-01  -5.2408725e-03  -1.2910367e-03   2.6231890e-03
   3.9324756e-02  -4.1277342e-02   2.9985962e-01  -3.4735586e-03  -1.6024289e-03   3.0748202e-03
   2.5919375e-02   3.4585170e-03   3.1149158e-01  -3.2982447e-03  -1.1356629e-03   2.9478618e-03
   2.3954212e-02  -5.8468683e-02   3.1333884e-01  -2.8908648e-03  -1.4616186e-03   2.5014711e-03
   5.7663291e-02  -7.9843350e-02   3.5968225e-01  -4.1558201e-03  -8.5531584e-04   4.1690742e-03
   6.3693889e-02  -1.0964357e-01   3.6224518e-01  -5.0161470e-03  -7.2254435e-04   3.8701773e-03
   7.5855835e-02   4.9724144e-03   3.4638825e-01  -4.1467960e-03  -3.1487346e-04   3.7889462e-03
   6.1159005e-02  -6.3091145e-02   3.2894101e-01  -4.1201161e-03  -7.9688656e-04   3.2290564e-03
   5.3627678e-02  -2.8693670e-02   3.4249880e-01  -4.2027113e-03  -8.6828899e-04   2.9614896e-03
   4.1814394e-02  -5.6786178e-02   3.3802021e-01  -4.3565268e-03  -1.1218372e-03   3.3401657e-03
   2.5910407e-02  -1.2773867e-01   3.1187649e-01  -3.4718127e-03  -1.3777782e-03   3.9680199e-03
   1.3939353e-02  -1.2163223e-01   3.2384586e-01  -3.6919771e-03  -1.2813036e-03   4.0867207e-03
   2.0636960e-02  -1.2819003e-01   3.2730620e-01  -4.3895013e-03  -1.8058131e-03   4.4248037e-03
  -3.8693847e-03  -1.4985974e-01   2.6323564e-01  -4.4597050e-03  -1.6916833e-03   3.7246607e-03
  -2.1505209e-02  -1.3012205e-01   2.7001826e-01  -5.1390930e-03  -1.7009346e-03   3.6318771e-03
  -3.1034199e-02  -1.2475986e-01   2.6890895e-01  -4.9015965e-03  -1.6709500e-03   4.4480756e-03
  -2.1447140e-02  -2.0522210e-01   2.5634182e-01  -3.4223888e-03  -2.3740040e-03   4.9236907e-03
  -3.1259288e-02  -2.3252124e-01   2.4318422e-01  -3.4976592e-03  -1.7887425e-03   4.6652805e-03
  -9.9277831e-03  -1.7671519e-01   2.8580440e-01  -4.9397847e-03  -1.7342711e-03   4.4502526e-03
  -2.1363599e-02  -7.7211566e-02   2.3115424e-01  -4.2813685e-03  -1.6463316e-03   4.0178585e-03
  -1.0002571e-02  -8.0437362e-02   2.1259468e-01  -3.5900588e-03  -1.8145855e-03   3.8172739e-03
  -1.1832345e-02  -4.3371185e-02   2.0692392e-01  -3.4795292e-03  -1.9305001e-03   3.3059076e-03
  -2.0916665e-02  -1.4659230e-01   2.3051758e-01  -3.8761523e-03  -2.1323824e-03   3.5590400e-03
  -1.6163784e-02  -1.5782748e-01   2.7284698e-01  -3.6010116e-03  -1.9886982e-03   3.7041370e-03
  -3.7439463e-02  -2.0247078e-01   2.2765217e-01  -4.3780045e-03  -1.7478038e-03   3.2564693e-03
  -6.6635696e-03  -1.9514054e-01   2.0760101e-01  -4.0241251e-03  -2.7382515e-03   3.0453999e-03
  -3.3777062e-02  -1.3842457e-01   1.9565945e-01  -3.9153020e-03  -1.9765047e-03   1.8900400e-03
  -4.4395116e-02  -1.3004763e-01   1.7748609e-01  -3.0109844e-03  -1.8894224e-03   1.0690287e-03
  -4.0905229e-02  -1.0856194e-01   1.3238117e-01  -3.1086956e-03  -2.0983756e-03   1.5293125e-03
  -1.9143533e-02  -1.3975834e-01   1.9977224e-01  -3.2648687e-03  -1.9830494e-03   1.7811501e-03
  -2.0847280e-02  -2.4606277e-01   2.5090485e-01  -4.1818677e-03  -1.6817399e-03   2.0847729e-03
   2.3119011e-02  -2.5248674e-01   2.6611274e-01  -4.1420503e-03  -2.2402920e-03   2.7238080e-03
   1.7015582e-03  -1.0725503e-01   1.7433916e-01  -4.1815845e-03  -1.5673946e-03   2.2081234e-03
  -1.1776481e-02   1.9933976e-02   2.2722379e-01  -4.9555298e-03  -1.4154293e-03   1.1208489e-03
   3.1166823e-01  -8.3610899e-02   3.2652486e-01  -8.4614123e-03   3.9462516e-03   1.3818601e-02
   1.6004725e-01  -9.2395861e-02   2.9692361e-01  -6.7362301e-03   1.4295191e-03   1.0191520e-02
   9.2188081e-02  -7.2651933e-02   3.2356108e-01  -7.0896169e-03  -2.2445334e-04   6.6392059e-03
   6.0025604e-02  -1.3904753e-02   2.7903115e-01  -5.4355641e-03  -3.4894846e-04   4.5064119e-03
   6.4357290e-02  -3.3328951e-02   2.9843095e-01  -6.4547638e-03  -1.6821623e-04   5.3143962e-03
   4.1071581e-02  -7.3075224e-02   2.9210181e-01  -6.1765957e-03  -6.4485231e-04   4.0812191e-03
   4.6398387e-02  -6.8947166e-02   2.7863887e-01  -5.2604794e-03  -7.9098184e-04   3.7016531e-03
   4.3914727e-02  -7.0740627e-02   2.8076260e-01  -5.1472152e-03  -5.2096854e-04   3.4264438e-03
   4.6101533e-02  -9.9051907e-02   2.6574354e-01  -5.0049288e-03  -6.4959294e-04   3.2709837e-03
   3.2181231e-02  -1.7809975e-01   2.1126255e-01  -3.2574070e-03  -1.8264912e-03   3.0324243e-03
   2.9297187e-02  -1.1196908e-01   2.2217170e-01  -2.4126831e-03  -2.0140286e-03   2.2134831e-03
   6.6275976e-02  -1.2934243e-01   2.0911417e-01  -2.5772207e-03  -9.0235173e-04   3.5774925e-03
   9.0641882e-02  -1.0634367e-01   1.2319275e-01  -3.2134153e-03  -9.2714918e-04   3.1985485e-03
   1.1903106e-01  -1.1201955e-01   2.2025629e-01  -4.8992024e-03   3.0043208e-04   4.1715980e-03
   1.2186534e-01  -1.3352677e-01   2.3458386e-01  -4.4263660e-03   1.5759214e-04   4.9558583e-03
   1.1764589e-01  -1.6882703e-01   3.0937801e-01  -6.2560168e-03  -6.1128809e-04   5.6284150e-03
   1.4041555e-01  -1.6260561e-01   2.8850347e-01  -4.9684312e-03  -3.6877094e-04   6.1041205e-03
   1.5957076e-01  -1.4662322e-01   3.1334907e-01  -5.4588940e-03   2.7878751e-04   6.6323547e-03
   1.8777824e-01  -8.2625202e-02   3.4520174e-01  -5.6352723e-03   7.0761163e-04   6.9081183e-03
   2.2803041e-01  -1.8354845e-03   3.3659854e-01  -6.3077310e-03   1.5308564e-03   7.6502148e-03
   2.2338366e-01   5.0099735e-02   3.4389984e-01  -6.3044040e-03   2.2502575e-03   7.9581834e-03
   2.2583351e-01  -6.0041724e-02   4.1043853e-01  -7.0557323e-03   3.5543041e-03   8.9294552e-03
   2.5229023e-01  -1.5914495e-02   4.7199512e-01  -8.0569177e-03   4.8595452e-03   1.0826587e-02
   2.7281927e-01  -4.8733993e-02   4.5020690e-01  -6.3650293e-03   4.2497437e-03   1.1610328e-02
   2.6069613e-01  -7.7568918e-02   4.3806497e-01  -6.0778005e-03   4.1651321e-03   1.1240830e-02
   2.5719023e-01  -8.4557434e-02   4.6948634e-01  -6.0254063e-03   4.0058083e-03   1.1564049e-02
   2.2289475e-01  -1.3615532e-01   4.5837616e-01  -5.9421711e-03   4.4389019e-03   1.1826190e-02
   2.2868308e-01  -1.4210829e-01   4.8082660e-01  -5.8532716e-03   3.8179861e-03   1.1546604e-02
   2.0283455e-01  -1.6740671e-01   5.5499200e-01  -7.6066362e-03   5.0248289e-03   1.1298058e-02
   2.3579090e-01  -8.6991683e-02   5.5141283e-01  -9.5095662e-03   4.9571198e-03   1.1185574e-02
   2.0991461e-01  -9.1018517e-02   3.9911279e-01  -8.0456107e-03   4.6500008e-03   1.0818420e-02
   2.3131819e-01   1.0783730e-02   4.4347742e-01  -7.8988669e-03   5.2198079e-03   1.0168291e-02
   2.2632724e-01  -1.4932809e-01   4.6183137e-01  -8.1551509e-03   5.6746370e-03   1.0174564e-02
   2.6814315e-01  -2.0322276e-01   4.0720182e-01  -8.1799267e-03   4.8845562e-03   1.0020047e-02
   2.5690748e-01  -1.1251402e-01   4.3690618e-01  -8.6973597e-03   5.5605040e-03   9.9166191e-03
   2.6545259e-01  -4.6135915e-02   3.9096164e-01  -8.0408197e-03   5.7050949e-03   9.8392830e-03
   2.7816786e-01  -1.9589075e-03   4.2790828e-01  -7.7113920e-03   5.4677902e-03   9.7843898e-03
   2.9459148e-01  -3.2475595e-02   3.9467986e-01  -7.3796144e-03   4.2242536e-03   1.0908081e-02
   2.0991807e-01  -9.6621454e-02   2.7333652e-01  -4.4276309e-03   3.5584944e-03   8.6390227e-03
   1.7733417e-01  -1.1442749e-01   2.4982836e-01  -2.9545709e-03   3.3852646e-03   7.7129093e-03
   1.6861732e-01  -7.7927281e-02   2.9395551e-01  -3.7485473e-03   3.4183628e-03   7.3583752e-03
   1.9897569e-01  -1.3920772e-01   2.8086747e-01  -3.2519454e-03   2.4714982e-03   7.4682020e-03
   1.6381580e-01  -1.7303135e-01   2.9504115e-01  -4.2931885e-03   2.6651318e-03   6.8092010e-03
   1.2556449e-01  -1.8294758e-01   1.4276804e-01  -3.3712632e-03   2.5844952e-03   5.8156491e-03
   1.1970716e-01  -8.1102259e-02   2.3585692e-01  -4.7847688e-03   2.0618935e-03   4.0443460e-03
   1.1070826e-01  -4.4790234e-02   2.5846829e-01  -5.7830091e-03   1.6027797e-03   3.8091827e-03
   1.1322422e-01  -3.5331091e-02   2.7610568e-01  -5.1981800e-03   1.8926670e-03   4.3012062e-03
   9.0909261e-02  -4.1635138e-02   2.8702393e-01  -4.3936370e-03   2.4444429e-03   3.8326462e-03
   1.3579801e-01  -4.7998254e-02   2.1552713e-01  -3.6290808e-03   1.8437217e-03   3.9942516e-03
   1.3527053e-01  -3.2265553e-02   2.2127356e-01  -2.9348356e-03   2.2018138e-03   3.8195097e-03
   1.5287550e-01  -5.2375863e-02   2.8791200e-01  -4.6405129e-03   2.8136930e-03   4.4379832e-03
   1.4715124e-01  -8.3274401e-02   3.2757597e-01  -5.1286653e-03   3.2826344e-03   5.0343550e-03
   1.4320053e-01  -7.6504597e-02   3.1343841e-01  -5.2959348e-03   2.3518394e-03   4.2077811e-03
   1.2262854e-01  -1.7197347e-01   3.4382666e-01  -5.2222622e-03   2.6242953e-03   4.2390503e-03
   1.4590070e-01  -2.1309771e-01   3.1213454e-01  -4.4742292e-03   2.3256215e-03   3.7878872e-03
   1.4412448e-01  -1.0780239e-01   2.4171316e-01  -3.1142625e-03   2.4000720e-03   3.6896039e-03
   1.6633261e-01  -2.1452952e-02   2.4467777e-01  -3.0961124e-03   1.9533898e-03   3.8139129e-03
   1.5796965e-01  -1.2227013e-02   2.8040631e-01  -3.8549499e-03   2.3922929e-03   3.7284202e-03
   1.6297480e-01  -1.9582445e-02   3.1326465e-01  -4.4757465e-03   2.6883522e-03   3.7790680e-03
   1.6017086e-01  -1.0874620e-01   2.3911719e-01  -4.1086411e-03   1.9522829e-03   3.4788052e-03
   1.9014386e-01   2.9338723e-02   1.9384323e-01  -1.7256437e-03   2.3937646e-03   6.4344016e-03
   1.9929839e-01   2.2334195e-02   2.2769985e-01  -1.7214839e-03   2.6489950e-03   7.3816659e-03
   2.0414726e-01  -4.2473851e-03   1.9864201e-01  -1.1837450e-03   2.0442258e-03   7.5240411e-03
   1.5091680e-01  -7.4750695e-02   2.6288657e-01  -3.0430234e-03   1.9804286e-03   5.6175681e-03
   1.2625327e-01  -1.2180578e-01   2.6809546e-01  -3.3919721e-03   2.2481499e-03   4.6574723e-03
   1.4731488e-01  -1.3020178e-01   2.6244821e-01  -3.5437022e-03   1.7376832e-03   4.7432087e-03
   1.6880400e-01  -2.3930129e-03   2.0236411e-01  -3.1982859e-03   1.1620208e-03   4.4090471e-03
   1.6035946e-01  -4.5806353e-02   1.7531843e-01  -2.5023356e-03   1.2452157e-03   4.3176863e-03
   1.3793905e-01  -6.6709538e-02   2.2283544e-01  -2.8362494e-03   1.6985300e-03   3.8113548e-03
   1.1317716e-01  -6.9868869e-02   1.8283765e-01  -3.1674546e-03   2.0398180e-03   3.8879360e-03
   1.2156000e-01  -1.1840428e-01   1.1741557e-01  -2.4209383e-03   1.2227683e-03   4.2886725e-03
   1.1498506e-01  -1.1563751e-01   1.4333280e-01  -2.8104376e-03   8.2260279e-04   3.8881186e-03
   1.2086088e-01  -1.2679389e-02   1.6031333e-01  -4.2236310e-03   1.2832226e-03   3.6471006e-03
   1.3359115e-01   3.3355628e-03   2.6155751e-01  -5.6204687e-03   1.6068296e-03   4.1874782e-03
   1.3170541e-01  -4.8964521e-02   2.5827745e-01  -5.1191300e-03   2.2144859e-03   4.2969087e-03
   1.6556514e-01  -6.3922128e-03   2.6856184e-01  -5.0669770e-03   2.5747256e-03   4.7294279e-03
   1.7215245e-01  -1.2352010e-01   2.7513726e-01  -4.5022631e-03   3.1873055e-03   5.2182249e-03
   1.9485894e-01  -1.4381694e-01   2.7157574e-01  -5.2168527e-03   3.3451036e-03   5.7883682e-03
   2.0066892e-01  -1.0491607e-01   2.5171253e-01  -5.1232723e-03   3.3032380e-03   5.9289208e-03
   2.1177368e-01  -1.0206813e-02   2.2295737e-01  -4.8842434e-03   2.9667309e-03   5.9802788e-03
   2.1948326e-01  -1.5768368e-01   3.8259240e-01  -4.7267622e-03   3.9974928e-03   5.9596729e-03
   1.9081091e-01   4.8641115e-02   1.8463230e-01  -6.8693238e-03   4.1349674e-03   4.3933994e-03
   2.3273857e-01  -2.0895612e-01   3.3888430e-01  -5.7309113e-03   4.1947399e-03   5.1862960e-03
   2.2361410e-01   9.7381504e-03   3.5488891e-01  -8.7525609e-03   4.5313581e-03   5.4129751e-03
   2.2515106e-01  -7.3399874e-02   3.0192868e-01  -8.8683098e-03   3.8892174e-03   4.9330847e-03
   2.4123126e-01  -3.9947703e-02   3.1373734e-01  -9.0402831e-03   3.9769463e-03   5.2874307e-03
   2.3448795e-01   1.9098578e-02   3.8197916e-01  -9.6413091e-03   4.4123056e-03   5.2623116e-03
   2.3512031e-01  -5.4321587e-02   4.5012775e-01  -9.9434562e-03   4.7948001e-03   5.2387350e-03
   2.4327424e-01  -3.2695667e-03   5.2358916e-01  -1.1686264e-02   5.1601579e-03   5.2584641e-03
   2.4075878e-01  -1.1996196e-01   4.8234121e-01  -1.1173471e-02   6.2035140e-03   5.4947900e-03
   2.4556235e-01  -1.6348952e-01   5.4203478e-01  -1.1645445e-02   6.5446387e-03   5.9605042e-03
   2.5390016e-01  -2.3280064e-01   6.3904845e-01  -1.3627752e-02   7.0654525e-03   6.0495672e-03
   2.9364390e-01  -2.0319819e-01   5.9066452e-01  -1.3246658e-02   7.0682645e-03   7.3909953e-03
   2.7346232e-01  -1.5186030e-01   4.8437730e-01  -1.1567779e-02   6.1399113e-03   6.9789444e-03
   2.5980366e-01  -5.0061699e-02   3.6920410e-01  -8.9307957e-03   5.4096242e-03   6.1739805e-03
   2.6188166e-01  -6.0342398e-02   4.1822203e-01  -8.4129212e-03   5.5329498e-03   6.0952984e-03
   2.8406988e-01  -2.6465177e-02   4.3209248e-01  -8.2938229e-03   5.7708734e-03   6.3158787e-03
   2.8907720e-01  -6.3778353e-04   3.8895857e-01  -7.6067409e-03   5.6920664e-03   6.3958459e-03
   2.8071795e-01  -9.1123667e-02   3.9455078e-01  -7.9749318e-03   6.0874193e-03   6.3546452e-03
   2.7736962e-01  -9.1621104e-02   4.0127782e-01  -8.4464410e-03   6.1588155e-03   5.9905517e-03
   2.7047155e-01  -6.0252820e-02   3.3494401e-01  -7.2432000e-03   6.0857233e-03   5.4160784e-03
   2.5615910e-01  -4.7678110e-02   2.8879055e-01  -6.8492452e-03   6.2239217e-03   4.2754848e-03
   2.5520041e-01  -1.2984783e-01   3.1593827e-01  -6.7905439e-03   6.6137718e-03   3.4047023e-03
   2.4772411e-01  -1.0810079e-01   3.5294419e-01  -7.2711075e-03   6.4783067e-03   3.3372741e-03
   2.5174435e-01  -1.8031344e-01   3.7413587e-01  -8.0373748e-03   6.7400964e-03   3.5663654e-03
   2.6558237e-01  -2.3982733e-01   3.5287240e-01  -8.0018327e-03   6.9251146e-03   3.7427291e-03
   2.9905843e-01  -1.2514900e-01   3.6177095e-01  -8.6252451e-03   7.0219228e-03   4.8366861e-03
   2.7624314e-01  -1.0396187e-01   3.3221678e-01  -9.2052031e-03   7.0275409e-03   5.0617042e-03
   2.6703748e-01   4.7164979e-02   3.2634316e-01  -8.3627001e-03   6.2151061e-03   3.7561007e-03
   2.5605127e-01  -7.8296364e-02   3.4328122e-01  -7.2414324e-03   6.0802494e-03   3.4947620e-03
   2.2874556e-01  -7.2815901e-02   3.7279706e-01  -8.0288303e-03   6.4247951e-03   3.2214252e-03
   2.2293304e-01  -1.9519579e-01   3.8329112e-01  -7.9079647e-03   5.8461131e-03   2.9073540e-03
   2.3757267e-01  -2.0160197e-01   3.3802204e-01  -7.6833481e-03   5.2517076e-03   2.8737867e-03
   2.2286027e-01  -1.2908960e-01   3.4738556e-01  -7.6126328e-03   5.4032900e-03   2.8726248e-03
   2.1099260e-01  -8.7558740e-02   2.3029576e-01  -7.5084480e-03   5.2071082e-03   2.4292857e-03
   1.9957642e-01  -1.2563018e-01   1.6539331e-01  -6.9182375e-03   4.4730104e-03   2.1520118e-03
   1.9301478e-01  -7.9929679e-02   2.1703155e-01  -6.5288935e-03   4.4774746e-03   2.2774252e-03
   1.7196391e-01  -1.2713612e-01   2.9205770e-01  -6.7687660e-03   5.1854296e-03   2.2447223e-03
   1.8367047e-01  -1.5062738e-01   3.5795799e-01  -7.9597941e-03   5.4816094e-03   2.3009769e-03
   1.7669971e-01  -8.4600113e-02   1.8271818e-01  -6.2864706e-03   4.1399818e-03   1.5984459e-03
   1.6574446e-01  -3.8145814e-02   1.3750014e-01  -5.4983794e-03   4.2294187e-03   1.4347912e-03
   1.5593053e-01  -1.9826468e-02   1.5214204e-01  -5.3172280e-03   4.3399001e-03   1.5236515e-03
   1.4004363e-01  -1.6274782e-01   2.8894184e-01  -8.1415769e-03   4.9930706e-03   2.8149592e-03
   1.5862982e-01  -1.4341378e-01   2.3665297e-01  -7.7223239e-03   3.6967003e-03   2.2303118e-03
   1.5131989e-01  -9.6639799e-02   2.5920302e-01  -8.0155067e-03   4.0868059e-03   1.8703004e-03
   1.4512370e-01  -2.6573604e-02   2.1446363e-01  -7.4042071e-03   4.0475793e-03   1.8247553e-03
   1.2851576e-01  -7.8810851e-02   2.1471668e-01  -6.6652956e-03   4.3025214e-03   1.9034877e-03
   9.7200081e-02  -9.7998212e-02   2.4899747e-01  -7.2574143e-03   4.5567469e-03   1.9128525e-03
   1.0586067e-01  -1.2149444e-01   2.6438431e-01  -7.6915457e-03   4.4017903e-03   2.3419051e-03
   1.4760753e-01  -1.5269780e-01   3.0286925e-01  -8.8050940e-03   4.8281733e-03   4.1053524e-03
   1.8977226e-01  -1.1786382e-02   2.6827732e-01  -8.5213005e-03   4.8881529e-03   3.9501165e-03
   1.8869067e-01  -3.2303177e-02   2.1871751e-01  -7.8098254e-03   4.3261730e-03   3.0503406e-03
   1.8663352e-01  -1.4034079e-02   2.3155555e-01  -7.5407404e-03   4.1946780e-03   3.0244675e-03
   1.6322753e-01  -6.7206219e-02   2.4797483e-01  -7.6467452e-03   4.4684921e-03   2.7312516e-03
   1.3942185e-01  -8.6999571e-02   3.0072811e-01  -8.1165121e-03   4.8611890e-03   2.6813969e-03
   1.4413947e-01  -2.0870222e-01   3.4583781e-01  -9.0879285e-03   4.9444171e-03   2.0543139e-03
   1.3395790e-01  -1.6343179e-01   2.7678020e-01  -8.5507839e-03   4.3954114e-03   1.5668577e-03
   1.3780833e-01  -2.6335093e-02   2.5338009e-01  -7.2744929e-03   4.2557378e-03   1.5301959e-03
   1.5632091e-01  -4.2305424e-02   1.9648889e-01  -6.0324608e-03   4.3619887e-03   2.1287120e-03
   1.5253376e-01  -1.9451939e-02   2.0820883e-01  -5.3780504e-03   4.6899166e-03   1.6334981e-03
   1.6030976e-01  -8.3250973e-02   1.8070526e-01  -5.2037613e-03   4.5555130e-03   2.2982331e-03
   1.6721117e-01  -7.0346618e-02   2.0604660e-01  -6.1887484e-03   5.1468507e-03   2.0901272e-03
   1.6824814e-01  -8.7483935e-02   2.5229448e-01  -6.5524698e-03   5.9129618e-03   2.3215537e-03
   1.6805102e-01  -7.6503669e-02   2.7172328e-01  -7.7091565e-03   5.9327009e-03   2.4334700e-03
   1.8000039e-01  -7.4415236e-02   2.4399908e-01  -7.5931982e-03   4.8209655e-03   2.1994019e-03
   1.4561907e-01  -2.5299653e-02   1.2286577e-01  -6.2714331e-03   4.8443932e-03   1.7167646e-03
   1.3995319e-01  -2.2185889e-04   1.3968970e-01  -6.7967523e-03   4.5483347e-03   1.1840993e-03
   1.3230303e-01  -3.8514653e-02   2.0581846e-01  -5.4725556e-03   4.7884272e-03   7.4813443e-04
   1.1550059e-01  -1.3788981e-01   2.2077524e-01  -5.7747805e-03   5.2722712e-03   6.6971833e-04
   1.5992814e-01  -1.1710250e-01   1.8038901e-01  -5.6771522e-03   5.0358679e-03   2.0886527e-03
   1.9504491e-01  -9.0989690e-03   2.9022097e-01  -1.1229511e-02   5.5349060e-03   3.7691832e-03
   1.6092622e-01   3.7768670e-02   2.6835339e-01  -1.0029701e-02   5.7369309e-03   2.3819428e-03
   1.6085905e-01   2.0295533e-02   2.6079370e-01  -8.8809457e-03   5.1759711e-03   1.6379910e-03
   1.5032583e-01  -7.4733984e-02   2.5703942e-01  -9.3642654e-03   5.2197335e-03   1.2073687e-03
   1.4649610e-01  -1.3223717e-01   2.4636855e-01  -8.9168035e-03   5.2729976e-03   7.3475827e-04
   1.4898530e-01  -7.3699664e-02   2.9204210e-01  -9.8129381e-03   5.3825499e-03   7.7171672e-04
   1.4169940e-01  -2.0238732e-01   3.0618293e-01  -1.0214995e-02   5.8363152e-03   7.4836998e-04
   1.5100933e-01  -1.3402922e-01   3.1103783e-01  -1.1074868e-02   5.7565353e-03   1.2024469e-03
   1.6970104e-01  -1.7646890e-01   2.8424135e-01  -1.0112250e-02   5.0688708e-03   1.1215795e-03
   1.6548666e-01  -1.6256409e-01   2.7949134e-01  -1.0397679e-02   5.1573756e-03   1.3375131e-03
   1.5063961e-01  -6.7229860e-02   2.6573811e-01  -9.2291610e-03   4.7396529e-03   3.1821766e-04
   1.5473367e-01  -1.1882679e-01   2.8289878e-01  -9.0350931e-03   5.0587252e-03  -3.3570151e-04
   2.1085170e-01  -8.2787693e-02   3.9897427e-01  -1.2672705e-02   5.8818340e-03   2.3118516e-03
   2.1276194e-01  -6.6371324e-02   3.6984342e-01  -1.2043423e-02   5.2907123e-03   3.6896451e-03
   1.6443259e-01  -1.5541945e-01   3.7737385e-01  -1.1541046e-02   4.0906659e-03   2.7155865e-03
   1.3381425e-01  -1.6036494e-01   4.1396092e-01  -1.1443168e-02   4.2184518e-03   2.0615520e-03
   1.2603713e-01  -2.4872654e-01   3.9303286e-01  -1.1367301e-02   3.6779930e-03   1.7548851e-03
   1.3750138e-01  -2.0797680e-01   3.5216304e-01  -1.0694964e-02   2.9789741e-03   1.1039174e-03
   1.2711623e-01  -2.0543834e-01   3.0537890e-01  -9.6722379e-03   3.2149717e-03   9.6676256e-04
   1.1313833e-01  -5.2466819e-02   2.3252559e-01  -7.7949918e-03   3.6820263e-03   7.7948817e-04
   8.0221856e-02  -1.8535850e-01   2.9956347e-01  -8.9042970e-03   3.8822809e-03   7.2486104e-04
   9.3905448e-02  -2.1950627e-01   3.4639424e-01  -8.8439157e-03   4.0978903e-03   1.3985798e-03
   1.0899981e-01  -2.1514719e-01   2.5696473e-01  -8.6397182e-03   3.0853278e-03   1.4641529e-03
   8.7126453e-02  -1.4267711e-01   2.2259656e-01  -7.3348891e-03   3.3606695e-03   1.4583628e-03
   8.2029818e-02  -3.6491966e-02   2.4523103e-01  -7.3878768e-03   3.4697966e-03   1.2646564e-03
   6.2394890e-02  -1.6193296e-01   2.9412962e-01  -7.9078689e-03   3.9013560e-03   1.5459060e-03
   5.1074796e-02  -2.5594276e-01   2.9892905e-01  -8.0393169e-03   3.9713131e-03   1.6050183e-03
   4.7109851e-02  -1.9364334e-01   2.1924022e-01  -7.8402391e-03   3.8147325e-03   7.4612377e-04
   4.7814872e-02  -9.1648403e-02   2.2509313e-01  -7.7804292e-03   4.0134972e-03   3.6664067e-04
   4.4221313e-02  -1.0699689e-01   2.4098467e-01  -7.6107554e-03   3.7962822e-03   3.6626117e-04
   3.3201649e-02  -1.7515408e-01   2.2809085e-01  -7.0905590e-03   4.0145806e-03   1.4213005e-04
   3.2787460e-02  -1.5738402e-01   3.2785925e-01  -8.6330109e-03   4.2639922e-03   1.9630279e-04
   3.7771135e-02  -2.1109992e-01   2.4406825e-01  -7.9374039e-03   3.4256874e-03   3.5863523e-04
   3.0815210e-02  -1.0132814e-01   2.2087728e-01  -8.2745052e-03   3.0072224e-03  -3.4515648e-04
   3.1233916e-02  -9.1746837e-02   1.8285604e-01  -7.7562039e-03   2.7300489e-03  -1.4451147e-04
   5.2636814e-02  -1.6454846e-01   2.4597463e-01  -7.1211300e-03   3.4622502e-03   5.1789779e-05
   5.8805059e-02  -3.0336008e-02   2.7678449e-01  -8.4228493e-03   4.1641229e-03  -5.1759274e-04
   7.9035343e-02  -9.8658575e-02   1.2859074e-01  -6.9015154e-03   2.6501648e-03  -5.3946515e-04
   7.1603904e-02  -2.5969437e-02   1.6675140e-01  -7.6343706e-03   3.4238044e-03  -6.9293296e-04
   6.0727780e-02  -2.6441926e-02   2.1940077e-01  -8.6035860e-03   4.4669503e-03  -6.9405860e-04
   1.0461977e-01  -1.2430270e-01   2.3864116e-01  -9.1593658e-03   4.1270261e-03  -6.4030570e-04
   1.1563858e-01  -8.0513966e-02   2.0458279e-01  -9.5577265e-03   3.9128763e-03  -1.8041528e-04
   5.2390437e-02  -4.9820198e-02   2.3028840e-01  -7.7878849e-03   4.6928580e-03  -2.0742069e-03
   1.5305290e-02  -8.1591925e-02   2.3803049e-01  -7.0889428e-03   4.2246472e-03  -3.2950687e-03
   2.3097669e-02  -1.0570964e-01   2.4543615e-01  -8.2236049e-03   3.6582241e-03  -3.0187513e-03
   2.3934786e-02  -1.3239021e-02   2.0979021e-01  -7.8309839e-03   3.2625115e-03  -3.1999334e-03
   3.3457702e-03  -1.5569336e-01   2.4629491e-01  -8.1188858e-03   3.5348707e-03  -3.6646935e-03
  -1.4703355e-02  -2.0278051e-01   2.4998716e-01  -8.9028951e-03   3.8906055e-03  -4.0374597e-03
   1.9767965e-02  -2.4176025e-01   2.5942709e-01  -9.1413628e-03   3.6582260e-03  -3.7519018e-03
   1.2602459e-02  -2.0538473e-01   2.8764814e-01  -9.7454204e-03   4.1529504e-03  -3.5362704e-03
   5.7609506e-02  -1.5296921e-01   2.8300554e-01  -1.0275148e-02   4.5018278e-03  -2.8127235e-03
   3.4640289e-02  -9.5948291e-02   2.4273671e-01  -9.6345263e-03   4.2341204e-03  -3.2497585e-03
   5.0688173e-02  -3.6953529e-02   2.6169920e-01  -9.1233251e-03   4.4352533e-03  -3.1859121e-03
   4.8922739e-02  -1.0589759e-01   2.5936044e-01  -9.3006630e-03   4.3429481e-03  -3.0828646e-03
   6.2068733e-02  -1.0137449e-01   3.0878238e-01  -1.1239944e-02   4.1979653e-03  -2.4902795e-03
   3.9323544e-02  -1.5437077e-01   3.0017816e-01  -9.8410616e-03   4.2825045e-03  -2.8253589e-03
   7.4938569e-02  -2.3607598e-01   2.7154807e-01  -8.8272112e-03   4.4658105e-03  -2.8291752e-03
   8.2248705e-02  -2.0565486e-01   2.9702552e-01  -8.8407994e-03   4.4291272e-03  -3.0174095e-03
   9.1258834e-02  -1.4297980e-01   2.1213026e-01  -8.7678840e-03   4.2440362e-03  -2.4984610e-03
   8.1744533e-02  -9.4483790e-02   2.4275757e-01  -8.9138739e-03   4.1516167e-03  -2.5555072e-03
   5.8326029e-02  -1.9559809e-01   3.0880415e-01  -9.9096031e-03   4.5518713e-03  -2.6968114e-03
   2.8564759e-02  -2.7119526e-01   3.0508658e-01  -9.8290611e-03   4.8109489e-03  -2.9328062e-03
   4.7956102e-02  -2.4737135e-01   3.0675065e-01  -9.8863920e-03   4.8734697e-03  -2.8540498e-03
   6.9174130e-02  -1.7323561e-01   3.0874214e-01  -9.4084591e-03   4.7739679e-03  -2.8235378e-03
   5.8507834e-02  -1.6048913e-01   2.7052664e-01  -9.3432130e-03   4.6871903e-03  -2.9442308e-03
   6.8686905e-02  -1.3267377e-01   2.8136289e-01  -8.8282356e-03   4.7197424e-03  -3.0562087e-03
   5.6597686e-02  -1.6875277e-01   2.5466033e-01  -8.3123923e-03   5.1256632e-03  -3.6157914e-03
   1.1301473e-01  -1.1961743e-01   3.4692346e-01  -9.8227457e-03   5.1692688e-03  -7.5762498e-04
   1.2512585e-01  -1.8443877e-01   4.2121659e-01  -1.3543743e-02   5.5174466e-03   1.2762623e-03
   1.1217352e-01  -1.9305040e-01   4.2586292e-01  -1.4211546e-02   5.8885438e-03  -7.0777550e-06
   1.3524597e-01  -1.5030318e-01   4.3238108e-01  -1.4416349e-02   5.9861177e-03   4.3784517e-04
   1.5262790e-01  -1.3464841e-01   3.8442083e-01  -1.3010741e-02   6.3753062e-03   9.9873245e-04
   1.6429552e-01  -6.2812927e-02   4.0517572e-01  -1.2650618e-02   6.8128553e-03   1.2671688e-03
   1.4779062e-01  -1.9144379e-01   4.6118499e-01  -1.3247540e-02   7.3732305e-03   1.3701332e-03
   1.9141123e-01  -2.0097003e-01   4.3266930e-01  -1.2741306e-02   7.1345659e-03   1.6553707e-03
   2.0182543e-01  -1.5265922e-01   3.6430792e-01  -1.1701847e-02   7.9203012e-03   2.6318557e-03
   2.4384583e-01  -7.1653573e-02   3.6790239e-01  -9.9015226e-03   8.9328005e-03   4.1716623e-03
   2.5224340e-01  -2.9655794e-02   3.9712233e-01  -9.5725101e-03   1.0193589e-02   5.7431960e-03
   2.7227989e-01  -1.2489093e-01   3.8994444e-01  -8.9322152e-03   9.9777640e-03   6.1432964e-03
   3.0183618e-01  -1.2356024e-01   4.1330782e-01  -8.3112725e-03   1.0792565e-02   6.9575322e-03
   3.1800833e-01  -7.6193757e-02   3.4227910e-01  -7.9106010e-03   1.0272701e-02   7.1252914e-03
   3.1265520e-01  -6.4682854e-02   3.5644202e-01  -8.1019255e-03   9.5843598e-03   7.1159658e-03
   2.8312262e-01  -9.1265900e-02   3.6979027e-01  -7.9877158e-03   9.2030050e-03   6.7956318e-03
   2.5841399e-01  -1.1792594e-01   3.7492759e-01  -8.0209228e-03   9.1608801e-03   6.5996338e-03
   2.5183738e-01  -9.9237311e-02   3.0701924e-01  -7.1112656e-03   8.4971157e-03   5.5937968e-03
   2.0574294e-01  -3.6823013e-02   2.2452168e-01  -6.3617607e-03   7.9177468e-03   5.4692041e-03
   1.7301169e-01   5.8946594e-02   1.9126690e-01  -5.5600783e-03   7.2827760e-03   3.9944590e-03
   1.3411610e-01   4.1844911e-02   2.0926645e-01  -5.4726555e-03   7.4706808e-03   2.7696310e-03
   1.1024412e-01  -3.6261744e-02   2.8092494e-01  -5.8520176e-03   7.5442711e-03   2.2139082e-03
   1.2394391e-01  -1.1959520e-01   2.4447135e-01  -5.7029237e-03   7.3768830e-03   2.1386548e-03
   1.1428484e-01  -1.4114021e-01   1.9771777e-01  -6.0147525e-03   6.8352350e-03   1.0642419e-03
   8.2243945e-02  -8.4446022e-02   1.7200597e-01  -5.9464012e-03   6.6206896e-03   4.2528955e-04
   8.5470648e-02  -1.6945433e-02   1.5825082e-01  -6.2701635e-03   6.3734531e-03   6.2422891e-05
   5.7664285e-02  -2.5846448e-02   1.6019643e-01  -7.3100255e-03   5.5574814e-03  -9.5598623e-04
   7.2217131e-02  -5.5979251e-02   1.8615458e-01  -7.0677988e-03   5.5133250e-03  -1.3570177e-03
   8.7877699e-02  -8.6946273e-02   2.3791277e-01  -6.8431215e-03   6.1495837e-03  -6.1318914e-04
   8.5848414e-02  -1.3671228e-01   3.0621718e-01  -8.4267707e-03   6.3416259e-03   2.2394279e-04
   9.4187117e-02  -1.1289239e-01   1.7532729e-01  -6.3017265e-03   5.8455911e-03   7.8862884e-04
   9.8848286e-02  -1.7872910e-02   1.3736349e-01  -5.4951178e-03   5.7495755e-03   1.2773877e-03
   1.1627950e-01   1.8327559e-02   1.3070104e-01  -4.9239276e-03   5.4942618e-03   1.2448226e-03
   8.9254575e-02  -7.2263755e-02   4.1403235e-02  -4.8227175e-03   5.6128270e-03   1.5442066e-03
   1.1460914e-01  -1.0276731e-02   1.4125393e-02  -5.3551111e-03   5.4196884e-03   1.6091270e-03
   1.3531457e-01  -8.3517204e-02   1.0460378e-01  -6.2537911e-03   4.3372531e-03   1.8222468e-03
   1.2451595e-01  -8.5798338e-02   1.2870332e-01  -6.0277218e-03   4.5547917e-03   1.2886976e-03
   1.1027997e-01  -1.1241356e-01   1.6644145e-01  -6.5551744e-03   4.4878017e-03   1.3480722e-03
   1.2467470e-01  -3.3248562e-02   1.4952106e-01  -5.9195345e-03   4.5540499e-03   1.7072307e-03
   1.1874627e-01  -3.9314550e-02   9.2703840e-02  -5.2192299e-03   4.4492460e-03   1.4230500e-03
   1.0110834e-01  -2.1339797e-02   4.0347830e-02  -4.5007056e-03   4.0210566e-03   1.3746499e-03
   1.0803487e-01  -7.3796439e-03   1.0034982e-01  -5.8490268e-03   4.3082400e-03   1.4612266e-03
   1.0539017e-01  -7.7582939e-02   1.2505036e-01  -5.9516666e-03   5.3969521e-03   1.5688872e-03
   1.3779711e-01  -5.4198164e-02  -2.9796203e-01  -5.6189794e-03   4.1042761e-03   5.8746035e-04
   1.6663370e-01  -1.8321598e-02  -7.7519292e-02  -6.1475384e-03   3.3924353e-03   3.8028104e-04
   1.5920293e-01   3.7506920e-02  -2.2323806e-02  -4.9439075e-03   4.1917337e-03   7.8521477e-04
   1.3709957e-01   2.5666368e-02  -1.8962950e-02  -4.5919864e-03   4.3219457e-03   3.7739703e-04
   1.3450690e-01   2.7464804e-02   1.6715972e-02  -5.0084701e-03   4.3303377e-03   4.1042868e-04
   1.4176154e-01  -5.9109193e-02  -3.5586026e-02  -4.8468561e-03   4.3909726e-03   3.0328791e-04
   1.7318369e-01  -7.0141551e-02  -7.2950141e-02  -4.2339048e-03   3.5223490e-03   6.2479761e-04
   1.5292370e-01  -1.1542157e-02  -2.8101615e-02  -4.6698747e-03   3.8453620e-03   7.7699266e-04
   1.3912141e-01   3.9899905e-03   1.0010946e-02  -6.2333007e-03   3.9499611e-03  -2.7664308e-05
   1.0413951e-01  -8.6961810e-02   2.3800341e-02  -5.2422833e-03   3.8124940e-03  -9.4047547e-04
   1.1597455e-01   2.9923873e-02   4.0814933e-02  -5.9534505e-03   3.8893732e-03  -5.5271182e-04
   1.1890034e-01  -1.0145598e-01   8.8992702e-02  -6.2309791e-03   3.1557645e-03  -3.6341442e-04
   1.2242478e-01  -1.2675119e-01   9.5138283e-02  -7.3898373e-03   3.9270829e-03   3.0722940e-04
