   0.0000000e+00   0.0000000e+00   0.0000000e+00   0.0000000e+00   0.0000000e+00   0.0000000e+00
  -1.9861825e-02  -1.1325863e-01  -1.2070616e-02   1.2128104e-03   1.3809831e-04   1.7823004e-04
  -1.7136070e-02  -1.0146511e-01   4.6633517e-02   6.9935657e-04   2.8293542e-04   3.3118123e-04
  -1.6455401e-02  -8.5928762e-02  -2.2766576e-02   1.3786218e-03   1.7607528e-05   3.1879310e-04
  -2.5697440e-02  -2.0678283e-01   6.8251593e-02   2.1831208e-03   4.1608185e-04   3.1811278e-04
  -2.0274638e-02  -5.8985527e-02   1.5447217e-02   1.2103296e-03   2.5649545e-04   4.4900165e-04
  -3.0139346e-02  -1.2404651e-01  -1.8784432e-02   1.7775415e-03   3.7328984e-04   5.2241582e-04
  -2.7237002e-02  -1.0536328e-01   7.9106871e-02   1.4752232e-03   6.7306935e-04   6.4193158e-04
  -1.5579217e-02  -1.2460728e-01  -1.0582693e-02   1.2901336e-03   3.1160099e-04   7.3468528e-04
  -2.5756240e-02  -1.0740732e-01   5.0684852e-02   2.0245632e-03   5.7205831e-04   7.6532847e-04
  -5.5576844e-03  -4.9484136e-02   7.1768164e-02   1.1581222e-03   4.7096392e-04   8.6489795e-04
  -4.8409120e-03  -2.2169743e-01   1.5606304e-02   2.4945226e-03   3.1158261e-04   8.2348002e-04
  -1.8037720e-02  -4.6458788e-02   1.0941890e-01   1.9023980e-03   8.4639023e-04   9.2609713e-04
  -1.0864097e-02  -1.4927423e-01   1.4907390e-02   1.5188306e-03   6.3172907e-04   9.3591984e-04
  -1.9331826e-02  -8.1064207e-02   5.0870773e-02   2.0349622e-03   1.0545562e-03   1.0640597e-03
  -3.4085487e-02  -3.8345437e-02   6.9512380e-02   1.2141801e-03   1.5806515e-03   1.1921396e-03
  -2.8514542e-02  -2.3999294e-01  -4.0603130e-03   2.2727966e-03   1.6496359e-03   1.1955105e-03
  -2.5275209e-02  -7.2142238e-02   9.2473567e-02   1.9057193e-03   2.2342866e-03   1.4574873e-03
  -3.1618220e-02  -7.0627033e-02  -1.5788954e-02   1.3153057e-03   2.4123875e-03   1.7012395e-03
  -3.5900402e-02  -9.2005343e-02   8.4527459e-02   2.4134298e-03   2.9605344e-03   1.8870480e-03
  -5.7939173e-02  -2.4563031e-02   2.5558890e-02   1.0866471e-03   3.4768437e-03   2.0789406e-03
  -5.2657166e-02  -9.5386731e-02   9.0914164e-03   1.5423742e-03   3.6220567e-03   2.3868832e-03
  -5.1639784e-02  -1.0405775e-01   6.0784742e-02   1.0555561e-03   3.9671951e-03   2.4237608e-03
  -5.3337127e-02  -3.9883945e-02  -7.5574989e-03   9.7748787e-04   4.0004038e-03   2.3626658e-03
  -5.8229854e-02  -1.5413562e-01   3.7333836e-02   1.9923148e-03   4.3098493e-03   2.3445145e-03
  -6.0642995e-02  -3.8763025e-02   5.1120100e-02   7.8756227e-04   4.4923783e-03   2.4782140e-03
  -5.5702505e-02  -1.2595705e-01  -1.9175562e-02   1.7992517e-03   4.2877519e-03   2.4243062e-03
  -6.7276265e-02  -1.8879394e-02   8.7388447e-02   1.5148212e-03   4.8317024e-03   2.5461919e-03
  -6.5911412e-02  -1.0346622e-01  -1.3105350e-02   1.1084092e-03   4.6849188e-03   2.5637376e-03
  -8.1378968e-02  -7.7551254e-02   8.3615116e-02   1.4529206e-03   5.3147812e-03   2.6322318e-03
  -7.8975904e-02   2.5019913e-02   1.5497930e-02   4.4858048e-04   5.1751794e-03   2.6176657e-03
  -7.9021106e-02  -1.6782516e-01   3.5216136e-02   1.8641872e-03   5.3420128e-03   2.5282817e-03
  -7.7756796e-02   7.9464031e-02   6.4230765e-02   4.2717326e-04   5.6258015e-03   2.7185782e-03
  -7.8779278e-02  -1.1695269e-01  -2.2665449e-02   1.2377999e-03   5.3805258e-03   2.5193166e-03
  -7.7829338e-02   2.0646179e-02   7.3633556e-02   1.2868545e-03   5.8996352e-03   2.6450607e-03
  -8.6699392e-02  -2.4165159e-02   4.5626766e-02   5.5483948e-04   6.1344771e-03   2.7522544e-03
  -8.8881593e-02  -8.2011233e-02   1.1727561e-02   1.4970586e-03   6.0183094e-03   2.7239452e-03
  -1.0249746e-01  -3.7759322e-02   8.1836437e-02   8.5779651e-04   6.4929463e-03   2.7972106e-03
  -1.0279392e-01  -7.9712526e-02   1.4874280e-04   9.9826219e-04   6.4490000e-03   2.7851573e-03
  -1.1472806e-01  -9.8674997e-02   3.8262770e-02   1.4102124e-03   6.8462545e-03   2.9273082e-03
  -1.0538079e-01   6.0964395e-02   5.4877805e-02   4.3481224e-04   6.9531637e-03   3.0678501e-03
  -1.1133049e-01  -1.1949124e-01  -6.4659521e-03   1.8764424e-03   6.9530057e-03   2.8962561e-03
  -1.1728884e-01   1.0071199e-02   7.5052558e-02   1.2343601e-03   7.4695036e-03   3.1619449e-03
  -1.2211224e-01  -2.4434931e-02   9.8321481e-03   1.0319975e-03   7.4747221e-03   3.2045771e-03
  -1.2497130e-01  -1.4554900e-01   1.4211367e-02   1.7620038e-03   7.6385748e-03   3.2388870e-03
  -1.1933841e-01  -6.2618020e-02   8.2143283e-02   1.2351110e-03   8.0079027e-03   3.4068475e-03
  -1.1735267e-01  -8.0833046e-02  -5.3585797e-03   1.1743407e-03   7.7362290e-03   3.4437216e-03
  -1.1155241e-01  -1.2556900e-01   7.3499615e-02   1.7164984e-03   8.0288607e-03   3.5293456e-03
  -1.2992596e-01   2.9341167e-02   3.7797125e-02   8.2159589e-04   8.3159498e-03   3.5133118e-03
  -1.2632873e-01  -1.0815556e-01   3.4132183e-02   1.5435705e-03   8.4456392e-03   3.7529338e-03
  -1.2195159e-01  -1.5810062e-02   7.1163044e-02   5.3425129e-04   8.6139988e-03   3.9345106e-03
  -1.2992663e-01  -1.1895318e-01   1.2147888e-02   1.4208234e-03   8.5673962e-03   3.8340234e-03
  -1.3245980e-01  -1.2267778e-01   8.9474501e-02   1.8153107e-03   9.0127682e-03   4.0330509e-03
  -1.4195170e-01  -8.2579442e-02   6.6043533e-02   8.2910979e-04   9.2274752e-03   4.0348483e-03
  -1.3573893e-01  -1.3553534e-01   3.1705991e-02   1.7267843e-03   9.1992407e-03   4.1795733e-03
  -1.3162045e-01  -9.0884298e-03   1.0472954e-01   1.2901770e-03   9.7396671e-03   4.6009853e-03
  -1.3115546e-01  -6.5071944e-02   2.9346578e-02   9.1178049e-04   9.7971608e-03   4.7832848e-03
  -1.3331327e-01  -3.1711385e-02   5.3656808e-02   1.5326126e-03   1.0162180e-02   4.8937893e-03
  -1.4592966e-01  -3.2444239e-02   9.7143665e-02   1.1608159e-03   1.0503637e-02   4.8387045e-03
  -1.3972513e-01  -1.1924330e-01   3.3124231e-02   1.4762142e-03   1.0400439e-02   4.9575949e-03
  -1.4234038e-01  -2.1165087e-02   1.4271861e-01   1.1540072e-03   1.0822914e-02   5.3257476e-03
  -1.4278365e-01  -8.9639826e-02   2.1078852e-02   1.4248869e-03   1.0581123e-02   5.1011527e-03
  -1.4691997e-01   4.7029613e-02   1.3223814e-01   1.2095919e-03   1.0938422e-02   5.3730285e-03
  -1.5545059e-01  -1.0595231e-01   2.7232242e-02   1.5329028e-03   1.0750136e-02   5.1983890e-03
  -1.2813452e-01  -8.0949851e-02   1.2989675e-01   1.9425628e-03   1.0923062e-02   5.3327183e-03
  -1.5093556e-01  -8.9685388e-02   8.6857600e-02   1.1950696e-03   1.1186598e-02   5.3309362e-03
  -1.5080983e-01  -1.2925403e-01   1.0484202e-01   1.9128478e-03   1.1346910e-02   5.5266842e-03
  -1.5123513e-01   2.1446545e-03   1.4209558e-01   1.1754853e-03   1.1659837e-02   5.6650218e-03
  -1.4001710e-01  -1.3796622e-01   6.4762438e-02   2.3539857e-03   1.1302239e-02   5.5045099e-03
  -1.4492717e-01  -3.5364115e-03   1.7008693e-01   1.7498618e-03   1.1732289e-02   5.7268570e-03
  -1.5405639e-01  -7.8281282e-02   6.8727579e-02   1.8829249e-03   1.1647242e-02   5.6414184e-03
  -1.5894755e-01  -4.9287047e-02   1.1654430e-01   2.0202124e-03   1.2076271e-02   5.7602903e-03
  -1.9676317e-01  -7.7005328e-02   5.7699819e-03   1.3758286e-03   1.1896639e-02   5.4361066e-03
  -1.7009851e-01  -2.4240711e-01   1.4639659e-01   3.3810422e-03   1.2231144e-02   5.4552699e-03
  -1.7292281e-01  -5.9549369e-02   6.8285718e-02   2.1131471e-03   1.2246532e-02   5.4315395e-03
  -1.6942200e-01  -8.7854898e-02   1.2422690e-01   2.4195752e-03   1.2428084e-02   5.5622110e-03
  -1.6143194e-01  -1.3520500e-02   1.2165931e-01   1.5489740e-03   1.2458106e-02   5.6499408e-03
  -1.5832523e-01  -1.3616774e-01   6.1671562e-02   2.3159382e-03   1.2261544e-02   5.4957104e-03
  -1.6985017e-01  -4.5833299e-02   1.5548310e-01   2.2802854e-03   1.2870461e-02   5.6831812e-03
  -1.8814756e-01  -1.0620612e-01   6.2924871e-02   2.1204447e-03   1.2877711e-02   5.5476849e-03
  -1.5863550e-01  -1.3199547e-01   1.2533463e-01   2.4489738e-03   1.2784725e-02   5.7842337e-03
  -1.6860135e-01  -7.3572362e-02   1.4598922e-01   1.8779077e-03   1.3042093e-02   5.8798580e-03
  -1.7028868e-01  -1.2337763e-01   7.3950194e-02   2.3893033e-03   1.2880532e-02   5.7711332e-03
  -1.5799295e-01  -3.8765274e-03   1.3418356e-01   2.0721366e-03   1.2951427e-02   5.8933584e-03
  -1.7827203e-01  -1.1301289e-01   1.0018343e-01   1.9571368e-03   1.3013167e-02   5.7462593e-03
  -2.0046908e-01  -1.3573652e-01   6.4746410e-02   2.4090684e-03   1.3149420e-02   5.7999145e-03
  -2.0129742e-01  -2.0162130e-02   1.2598869e-01   1.2378816e-03   1.3526317e-02   6.1572864e-03
  -2.0626047e-01  -4.6362334e-02   5.2133657e-02   1.2434806e-03   1.3280894e-02   6.0375645e-03
  -1.7983556e-01  -1.7833396e-01   1.4143187e-01   2.7419389e-03   1.3483092e-02   6.1698995e-03
  -2.0450569e-01  -1.4540320e-02   9.5041921e-02   1.3192773e-03   1.3663453e-02   6.1376999e-03
  -1.8278885e-01  -1.6641127e-01   1.5016130e-01   2.2518254e-03   1.3651219e-02   6.2384992e-03
  -1.8272409e-01   3.9372762e-02   1.3967903e-01   1.0091047e-03   1.3878122e-02   6.3009782e-03
  -1.7664655e-01  -9.1212422e-02   8.2591502e-02   1.7285154e-03   1.3706905e-02   6.2259044e-03
  -1.8329944e-01   4.6871401e-02   1.6477758e-01   1.6045313e-03   1.4104013e-02   6.3648461e-03
  -1.9118397e-01  -3.9631576e-02   9.9011329e-02   1.1427375e-03   1.4014658e-02   6.3755986e-03
  -1.8261095e-01  -1.1022062e-01   1.2972571e-01   2.3907200e-03   1.3975040e-02   6.3560656e-03
  -1.8767689e-01  -3.5707246e-02   1.7694443e-01   1.5775077e-03   1.4258990e-02   6.4650823e-03
  -1.7091824e-01  -6.4307288e-02   1.0611628e-01   2.1160744e-03   1.3900178e-02   6.2966727e-03
  -1.7379083e-01  -2.9089718e-02   1.9465874e-01   1.8342417e-03   1.4301981e-02   6.5286052e-03
  -1.5747704e-01  -6.8217570e-02   1.3090943e-01   1.2825704e-03   1.4015430e-02   6.4724202e-03
  -1.6602052e-01  -1.4609106e-01   1.6289699e-01   2.5028939e-03   1.4125855e-02   6.4398643e-03
  -1.7871006e-01  -8.5690204e-03   1.5191787e-01   1.3914088e-03   1.4348291e-02   6.4546546e-03
  -1.7286946e-01  -1.3017663e-01   1.2781563e-01   2.4365553e-03   1.4194832e-02   6.3817815e-03
  -1.7243376e-01   3.0854500e-02   2.0477459e-01   1.5279342e-03   1.4534111e-02   6.6699554e-03
  -1.7057709e-01  -8.8055285e-02   9.7194127e-02   2.2764668e-03   1.4210763e-02   6.3539929e-03
  -1.6076029e-01  -1.6144484e-03   1.9942884e-01   2.0685861e-03   1.4673226e-02   6.6754749e-03
  -1.6144256e-01  -8.9539901e-02   1.4634768e-01   2.0048517e-03   1.4591831e-02   6.6085923e-03
  -1.6086394e-01  -1.4952464e-01   1.4748029e-01   2.5764679e-03   1.4701134e-02   6.6318290e-03
  -1.6799710e-01  -3.3788661e-02   1.3602951e-01   1.5398345e-03   1.4834044e-02   6.7941559e-03
  -1.7642431e-01  -1.2909444e-01   1.1285898e-01   1.5049582e-03   1.4950822e-02   6.6907507e-03
  -1.7220925e-01  -1.3512907e-01   1.1734897e-01   2.8718386e-03   1.4926447e-02   6.7223240e-03
  -1.7453271e-01  -1.1404613e-02   2.0286586e-01   2.4583530e-03   1.5443347e-02   6.9500556e-03
  -2.1843819e-01  -1.2730019e-02   1.0772885e-01   1.3940223e-03   1.5589582e-02   7.0232921e-03
  -2.0708801e-01  -1.3163377e-01   1.8618661e-01   2.6877031e-03   1.5937972e-02   7.0184602e-03
  -2.0450574e-01   8.2887204e-02   1.8431446e-01   1.4338399e-03   1.6062678e-02   7.1338772e-03
  -2.1736655e-01  -1.3190617e-01   1.4273514e-01   2.3134252e-03   1.6098436e-02   7.1030571e-03
  -2.4428232e-01  -7.8439029e-03   1.2022226e-01   1.0537527e-03   1.6425625e-02   7.5528179e-03
  -2.9007481e-01  -2.9212674e-02   2.8454805e-02   8.6103666e-04   1.6694174e-02   7.3037057e-03
  -2.5719242e-01  -7.1148959e-02   1.3026431e-01   2.0364824e-03   1.6705401e-02   7.1248184e-03
  -2.5796301e-01   1.2280279e-02   1.2700445e-01   1.3849915e-03   1.6760113e-02   7.0887264e-03
  -3.2879106e-01  -3.3659596e-01   9.6180088e-02   2.6157625e-03   1.7170346e-02   6.6252717e-03
  -3.2334094e-01   2.3453625e-02  -7.2747353e-02   1.1926931e-03   1.6919400e-02   6.6309972e-03
  -3.0746127e-01   1.2669513e-02   6.2536391e-02   1.8107790e-03   1.7328712e-02   6.7283475e-03
  -3.4301676e-01   3.2621302e-02   5.0202745e-02   1.0438273e-03   1.7825565e-02   6.7621966e-03
  -3.5033140e-01  -1.2280451e-01   9.8361617e-02   1.8690941e-03   1.8254795e-02   6.7958626e-03
  -3.2701547e-01  -6.5518506e-02   1.2988578e-01   1.5267972e-03   1.8302168e-02   6.9279896e-03
  -3.2983266e-01  -8.7435345e-02   9.5132323e-02   1.3842080e-03   1.8286830e-02   6.9597905e-03
  -3.1402237e-01  -6.9895507e-02   9.6283466e-02   2.6252822e-03   1.7986101e-02   6.7812546e-03
  -3.2008007e-01   4.4021594e-03   1.3683850e-01   1.6657978e-03   1.8273125e-02   7.0309323e-03
  -3.2278510e-01  -5.9936639e-02   1.4220414e-01   1.3258876e-03   1.8270667e-02   7.0354752e-03
  -3.0287434e-01  -1.1254267e-01   1.1915341e-01   1.9710671e-03   1.8123384e-02   6.9931712e-03
  -3.1839207e-01  -6.7113403e-02   1.2409903e-01   2.0702084e-03   1.8198717e-02   7.0498109e-03
  -3.3313538e-01  -1.6586260e-03   1.3989223e-01   1.5526625e-03   1.8509994e-02   7.1595799e-03
  -3.3376657e-01  -9.2282928e-02   1.1679316e-01   1.3880870e-03   1.8582964e-02   6.9911795e-03
  -3.2245878e-01  -1.2742587e-01   1.2542258e-01   2.5474699e-03   1.8536182e-02   6.9004033e-03
  -3.2366734e-01  -1.3540306e-02   1.6839759e-01   1.7844608e-03   1.8773767e-02   7.1315124e-03
  -3.4340441e-01  -6.5631355e-02   9.9790817e-02   1.4204434e-03   1.8771895e-02   7.0598927e-03
  -3.4186178e-01  -1.0907618e-01   1.3668067e-01   2.0221029e-03   1.8916390e-02   6.9752011e-03
  -3.3100827e-01  -1.3619409e-01   2.1672809e-01   1.8962782e-03   1.9167083e-02   7.0820056e-03
  -3.4496956e-01  -8.2596471e-02   1.1620060e-01   2.1900173e-03   1.9061616e-02   6.7675067e-03
  -3.2743997e-01  -7.9904944e-02   2.0542745e-01   2.5499604e-03   1.9231524e-02   6.9429436e-03
  -3.2934093e-01  -5.8355010e-02   1.8472327e-01   2.1389740e-03   1.9141308e-02   6.8079127e-03
  -3.3494899e-01  -9.8520707e-02   1.6769256e-01   2.9487352e-03   1.9125822e-02   6.6632633e-03
  -3.2301330e-01   3.2485284e-02   2.1629948e-01   2.1756060e-03   1.9325945e-02   6.9766989e-03
  -3.3478349e-01  -2.7554444e-02   1.7530073e-01   1.6534020e-03   1.9322590e-02   7.0056279e-03
  -3.3439194e-01  -1.4258628e-01   1.4752730e-01   3.0541297e-03   1.9161121e-02   6.8442059e-03
  -3.2987398e-01  -9.0549439e-02   1.9984062e-01   3.0969802e-03   1.9233323e-02   6.8755901e-03
  -3.4124059e-01  -5.7598158e-02   2.2713819e-01   2.5189439e-03   1.9597040e-02   6.9393912e-03
  -3.4255367e-01  -6.8115371e-02   1.6360755e-01   2.7962544e-03   1.9409925e-02   6.5830174e-03
  -3.3322892e-01  -9.2394561e-02   2.3915927e-01   3.1699064e-03   1.9719584e-02   6.7859846e-03
  -3.5960176e-01  -2.7828365e-02   2.1692789e-01   2.2640681e-03   2.0153861e-02   6.8014478e-03
  -3.4842283e-01  -1.6321044e-01   1.8241270e-01   3.2060733e-03   1.9943197e-02   6.6750276e-03
  -3.4722258e-01  -6.5188344e-02   2.6372805e-01   3.0024054e-03   2.0304495e-02   6.7978745e-03
  -3.6964775e-01  -1.0293983e-01   1.8995107e-01   2.3781768e-03   2.0334161e-02   6.6813299e-03
  -3.5698001e-01  -7.1806187e-02   2.3487000e-01   3.1640937e-03   2.0399761e-02   6.7763002e-03
  -3.5775111e-01   1.5336620e-02   2.5675655e-01   2.3347108e-03   2.0580720e-02   7.0245920e-03
  -3.6394449e-01  -9.1350511e-02   1.8198303e-01   3.0990516e-03   2.0357342e-02   6.7762485e-03
  -3.5033662e-01  -7.5117933e-02   2.5866971e-01   3.2950254e-03   2.0617434e-02   6.9180820e-03
  -3.6700086e-01  -5.7091650e-02   2.3701262e-01   2.6034674e-03   2.0791474e-02   6.9527247e-03
  -3.5972527e-01  -2.2063343e-01   2.0860521e-01   3.8227398e-03   2.0547884e-02   6.6976774e-03
  -3.5792236e-01  -9.2374879e-02   3.0074487e-01   3.2166646e-03   2.0901584e-02   6.9248045e-03
  -3.6674405e-01  -1.0974909e-01   2.0203080e-01   3.0744018e-03   2.0593668e-02   6.7768083e-03
  -3.6002826e-01  -1.3654810e-01   2.8351211e-01   3.6414513e-03   2.0805402e-02   6.9118295e-03
  -3.5380599e-01  -5.7864421e-02   2.5875405e-01   2.9032527e-03   2.0816426e-02   6.9447741e-03
  -3.6400076e-01  -1.2084402e-01   2.1904798e-01   3.4321858e-03   2.0775072e-02   6.8081966e-03
  -3.5137958e-01  -1.0850937e-01   2.8868642e-01   3.7294149e-03   2.0964066e-02   6.8999833e-03
  -3.6279938e-01  -8.9419954e-02   2.6733089e-01   3.1258805e-03   2.1013563e-02   6.9747762e-03
  -3.4338712e-01  -1.1590495e-01   2.2719444e-01   3.7297307e-03   2.0631103e-02   6.8398278e-03
  -3.4039460e-01  -6.6446976e-02   3.1681253e-01   3.4425200e-03   2.0977992e-02   7.0115147e-03
  -3.5943057e-01  -6.7114609e-02   2.3609941e-01   2.7973708e-03   2.0984082e-02   6.9794683e-03
  -3.5585774e-01  -1.2459534e-01   2.4490195e-01   3.4259123e-03   2.0994548e-02   7.0425228e-03
  -3.4515127e-01  -9.3633551e-02   2.8584617e-01   3.0677995e-03   2.1016961e-02   7.2310454e-03
  -3.6888194e-01  -1.7312138e-01   2.4542274e-01   2.9635089e-03   2.1119981e-02   7.2103007e-03
  -3.6126774e-01  -1.4414591e-01   2.6390964e-01   3.7032585e-03   2.1085725e-02   7.3113278e-03
  -3.6416321e-01  -9.3384498e-02   2.7782784e-01   2.8850623e-03   2.1288269e-02   7.5550488e-03
  -3.4046231e-01  -9.7539288e-02   2.5360789e-01   2.8736949e-03   2.0695023e-02   7.4442506e-03
  -3.4355173e-01  -7.8136887e-02   2.1731657e-01   4.0797843e-03   2.0550291e-02   7.2012403e-03
  -3.4678174e-01  -4.0258576e-02   2.7552606e-01   3.1866058e-03   2.0892254e-02   7.4608248e-03
  -3.3772926e-01  -1.4659317e-01   2.6441720e-01   2.8347587e-03   2.0637091e-02   7.4691650e-03
  -3.1738734e-01  -1.8413187e-01   2.2411799e-01   3.3096370e-03   2.0102363e-02   7.3083375e-03
  -3.1624094e-01  -7.4359665e-02   2.3289291e-01   3.8812089e-03   2.0116210e-02   7.1584089e-03
  -3.3429207e-01  -5.4026361e-03   2.7432094e-01   2.4425042e-03   2.0532208e-02   7.3910668e-03
  -3.1853110e-01  -1.3170116e-01   2.1892438e-01   2.7563315e-03   1.9978864e-02   7.1785489e-03
  -3.2078997e-01  -9.2193567e-02   2.4350951e-01   3.6318025e-03   1.9958825e-02   7.0787672e-03
  -3.2732442e-01  -7.4824528e-02   2.8448793e-01   3.0307198e-03   2.0238138e-02   7.1398800e-03
  -3.5054924e-01  -2.7087865e-02   2.2031843e-01   9.8145200e-05   2.0963562e-02   8.2808012e-03
  -3.4322322e-01   2.1068402e-02   1.1903855e-01  -4.4814117e-04   2.0394605e-02   8.3766545e-03
  -3.4514122e-01   4.3176430e-02   2.2825491e-01   3.8942998e-04   2.0679815e-02   7.9371630e-03
  -3.5723884e-01  -8.3150450e-03   2.4299699e-01   4.4366740e-04   2.0924355e-02   7.5731009e-03
  -3.3623199e-01  -1.0607171e-01   1.8810092e-01   1.8243434e-03   2.0484153e-02   7.2057656e-03
  -3.2998818e-01   1.8953596e-01   4.6164587e-02  -2.1240287e-03   1.9011134e-02   7.9534012e-03
  -3.7768487e-01   7.3090766e-02  -3.1001167e-02  -1.0045197e-03   1.9366199e-02   7.8763443e-03
  -4.1125704e-01   3.9352542e-02   1.4579737e-01  -6.0451134e-04   2.0886890e-02   8.0327672e-03
  -3.8716791e-01  -1.5952690e-01   1.0074431e-01   1.9040345e-03   2.0409913e-02   7.6175104e-03
  -4.1816383e-01   1.5702395e-01   1.9059122e-01   5.7013451e-04   2.1467231e-02   7.6829544e-03
  -4.0816443e-01  -2.0789458e-01   1.8705084e-01   2.9904395e-03   2.1371884e-02   7.2382735e-03
  -3.9430296e-01   2.7976724e-02   2.4249039e-01   1.3660552e-03   2.1863535e-02   7.5800790e-03
  -4.0081670e-01  -4.3694153e-02   1.6296229e-01   1.4461898e-03   2.1996658e-02   7.6298262e-03
  -3.7146170e-01  -9.8357687e-02   2.9355477e-01   2.2687060e-03   2.2270175e-02   7.7614441e-03
  -4.0441647e-01  -2.1143658e-02   1.7889251e-01   1.2434060e-03   2.2628460e-02   7.9131644e-03
  -3.6339725e-01  -1.5550230e-01   2.8691969e-01   2.5437250e-03   2.2662225e-02   7.8859955e-03
  -3.9553385e-01  -4.4450509e-02   2.0841582e-01   1.8598364e-03   2.2897859e-02   7.7011963e-03
  -3.8520998e-01  -1.3044660e-01   2.9292215e-01   2.5678428e-03   2.3212982e-02   7.7413548e-03
  -3.8916019e-01   1.2947654e-02   2.7908768e-01   1.3799241e-03   2.3532354e-02   7.9945227e-03
  -3.7534330e-01  -1.0253763e-02   2.3247206e-01   1.8727372e-03   2.3085856e-02   7.9231555e-03
  -3.6307764e-01   7.7205997e-02   3.0708485e-01   1.7766041e-03   2.3263330e-02   8.1051863e-03
  -3.9385432e-01  -6.9258042e-02   2.5789469e-01   1.5563027e-03   2.3518593e-02   8.0649749e-03
  -3.7765109e-01  -6.3301118e-02   2.8005632e-01   2.1696544e-03   2.3638483e-02   8.0228948e-03
  -3.7195227e-01   4.3268783e-02   3.2457357e-01   1.3410268e-03   2.3923639e-02   8.3181639e-03
  -3.7906352e-01  -9.6310220e-02   2.2475695e-01   2.4028598e-03   2.3584903e-02   8.1243165e-03
  -3.8196237e-01  -6.9143689e-02   3.5189576e-01   1.9233995e-03   2.4261423e-02   8.2874904e-03
  -3.9311889e-01  -8.8904929e-02   2.3742052e-01   1.9004516e-03   2.4101038e-02   8.0989909e-03
  -3.7603316e-01  -9.3772155e-02   3.3381775e-01   2.5028179e-03   2.4245415e-02   8.1679001e-03
  -3.7419402e-01  -6.1378309e-03   2.7803418e-01   1.4857352e-03   2.4229178e-02   8.2878151e-03
  -3.7693829e-01  -1.0953759e-01   2.5651935e-01   2.6460385e-03   2.4185305e-02   8.3458130e-03
  -3.7061020e-01  -1.1606878e-02   3.4701650e-01   1.6603247e-03   2.4587381e-02   8.5259952e-03
  -3.8117710e-01  -1.0595289e-01   2.4524938e-01   2.0002030e-03   2.4270828e-02   8.3602903e-03
  -3.5619869e-01  -1.1061812e-01   3.2589696e-01   2.4785559e-03   2.4361764e-02   8.4936713e-03
  -3.7927186e-01  -9.0641380e-02   2.6364440e-01   2.0555633e-03   2.4501363e-02   8.4165970e-03
  -3.8727709e-01  -5.8920632e-02   2.5807709e-01   2.4064732e-03   2.4534895e-02   8.4095042e-03
  -3.9456695e-01   6.9898061e-02   3.1368582e-01   1.3079264e-03   2.4942218e-02   8.6390749e-03
  -3.8009491e-01  -7.8800406e-03   2.4881460e-01   2.0646309e-03   2.4438170e-02   8.4702986e-03
  -3.6482226e-01  -6.2760708e-02   3.3201078e-01   2.3673829e-03   2.4471910e-02   8.7274074e-03
  -3.9403054e-01  -7.9871961e-02   2.7881959e-01   1.4690248e-03   2.4622134e-02   8.6191580e-03
  -3.8043210e-01  -1.0696545e-01   2.9028797e-01   2.6900301e-03   2.4529924e-02   8.5235333e-03
  -3.6369644e-01   5.7937401e-02   3.3156799e-01   1.3962148e-03   2.4541958e-02   8.7800152e-03
  -3.6632793e-01  -1.2972918e-01   2.5432175e-01   2.5914257e-03   2.4324904e-02   8.5189060e-03
  -4.0090046e-01   6.5622929e-03   2.5308801e-01   8.0820014e-04   2.5024113e-02   8.8843214e-03
  -3.9451171e-01   3.5169773e-02   2.5392234e-01   6.9186022e-04   2.4890215e-02   8.8529788e-03
  -3.8443885e-01  -4.4376017e-02   2.7577695e-01   1.7204543e-03   2.4825488e-02   8.7244280e-03
  -3.7918736e-01   6.4730669e-03   3.0861201e-01   1.0226834e-03   2.5017437e-02   8.8655442e-03
  -3.7452863e-01  -8.3103773e-02   2.7021704e-01   9.9384325e-04   2.4713620e-02   8.7796542e-03
  -3.6458947e-01   4.8281452e-02   1.7706362e-01   7.1348108e-04   2.4207479e-02   9.0091543e-03
  -4.4521499e-01   1.0456367e-01   1.5823956e-01   2.3115464e-04   2.5373607e-02   8.7136457e-03
  -4.1458496e-01  -4.0697015e-04   2.3252410e-01   1.2868104e-03   2.5171613e-02   8.5585323e-03
  -4.2747175e-01  -2.6311486e-02   2.8978465e-01   1.2058053e-03   2.5515118e-02   8.6114988e-03
  -4.2420652e-01  -7.4698511e-02   2.3004525e-01   9.7034830e-04   2.5420969e-02   8.5802232e-03
  -4.0330401e-01  -4.2893578e-02   2.8201193e-01   1.5835435e-03   2.5248952e-02   8.5495266e-03
  -4.0698331e-01  -3.4178904e-02   3.0573693e-01   1.1281716e-03   2.5582671e-02   8.8268134e-03
  -4.1601802e-01   7.2831544e-03   2.1399024e-01   8.7167625e-04   2.5321405e-02   8.5456987e-03
  -4.1238752e-01   5.8623844e-02   2.4662393e-01   1.0982481e-03   2.5435793e-02   8.7096621e-03
  -4.0198664e-01   9.9726393e-02   2.4091910e-01  -4.6303591e-04   2.5097487e-02   8.9253860e-03
  -4.2137553e-01   4.1986763e-02   1.7938417e-01   6.3100982e-05   2.4874238e-02   8.2993789e-03
  -4.1290757e-01  -3.8451698e-02   2.6446113e-01   9.1548330e-04   2.5056443e-02   8.2569649e-03
  -4.2436468e-01   4.4610847e-02   2.5943706e-01   8.6393052e-05   2.5433558e-02   8.4741572e-03
  -4.1144747e-01  -2.5108679e-02   2.1051791e-01   4.6136671e-04   2.5125332e-02   8.3428893e-03
  -4.2551491e-01   6.4198342e-02   1.9865814e-01   4.1025276e-04   2.4978581e-02   8.4928811e-03
  -4.3700585e-01   1.2496798e-02   2.5674313e-01  -1.5477575e-04   2.5460882e-02   8.5241281e-03
  -4.3255139e-01   8.9131652e-02   2.2188973e-01  -1.2680267e-04   2.5524180e-02   8.3924952e-03
  -4.3591231e-01  -2.1599037e-02   2.6817831e-01   7.7257861e-04   2.5845638e-02   8.4188110e-03
  -4.4343124e-01   6.2768377e-02   2.8711078e-01  -1.5677624e-04   2.6263285e-02   8.6569132e-03
  -4.6017287e-01   7.9527277e-04   2.1388902e-01   2.3389670e-04   2.6235414e-02   8.4728508e-03
  -4.3592662e-01  -1.1285521e-02   2.9261992e-01   9.0046253e-04   2.6294066e-02   8.4996277e-03
  -4.3952968e-01  -3.3612039e-02   3.1781826e-01  -5.5859274e-05   2.6620063e-02   8.7286335e-03
  -4.5403347e-01  -3.4163506e-02   2.0432166e-01   3.4854820e-04   2.6389912e-02   8.4565895e-03
  -4.4792348e-01   1.4097549e-02   3.1212240e-01   6.5680729e-04   2.7052917e-02   8.8568368e-03
  -4.7925283e-01   8.0202693e-02   2.4479882e-01  -1.0713926e-04   2.7118854e-02   8.6417934e-03
  -4.6683285e-01  -9.5607391e-02   2.7771314e-01   1.4473732e-03   2.6934341e-02   8.5659919e-03
  -4.6032351e-01  -8.8517036e-03   3.2502722e-01   7.2359663e-04   2.7178715e-02   8.7232462e-03
  -4.7389117e-01   4.8043234e-02   2.6800710e-01   4.6434619e-04   2.7266036e-02   8.5324276e-03
  -4.4558890e-01  -2.6384064e-02   3.0231870e-01   1.1529567e-03   2.7120822e-02   8.5230362e-03
  -4.4724126e-01   3.0686502e-02   3.3004355e-01   5.4783364e-04   2.7366252e-02   8.6332003e-03
  -4.3672454e-01  -3.7929823e-02   2.5666227e-01   1.1956062e-03   2.6936196e-02   8.5246014e-03
  -4.5756061e-01   4.5042188e-02   3.2593995e-01   2.4957834e-04   2.7682610e-02   8.8465923e-03
  -4.4693176e-01  -4.9793228e-02   2.8396947e-01   1.3156463e-03   2.7403118e-02   8.5968905e-03
  -4.3810246e-01   1.1586046e-01   3.6951497e-01   2.2708206e-04   2.7739936e-02   8.9080289e-03
  -4.3975370e-01  -3.9088548e-02   2.8256984e-01   5.7204182e-04   2.7422678e-02   8.5672535e-03
  -4.4143770e-01  -1.1689031e-02   2.8602399e-01   4.0965848e-04   2.7319167e-02   9.0094202e-03
  -4.6390989e-01  -2.1684917e-03   3.4680673e-01  -1.2933153e-04   2.7878118e-02   8.8734857e-03
  -4.5038229e-01   7.9627223e-02   2.7323496e-01  -5.7133894e-06   2.7511821e-02   8.4545841e-03
  -4.4336474e-01  -1.3015628e-02   3.4261761e-01   5.1216937e-04   2.7746999e-02   8.6958905e-03
  -4.4255525e-01   6.4081090e-02   2.9758983e-01  -8.0458189e-05   2.7694557e-02   8.6963402e-03
  -4.3947497e-01  -5.4524021e-02   3.1211221e-01   1.3425270e-03   2.7724651e-02   8.6174406e-03
  -4.5086176e-01   2.8967012e-02   3.7628951e-01   3.4801660e-04   2.8191117e-02   8.8287581e-03
  -4.5202920e-01  -5.1486466e-02   2.5319481e-01   1.1058207e-03   2.7597451e-02   8.3782313e-03
  -4.5332426e-01   7.6959531e-02   3.8376246e-01   2.6485058e-04   2.8402189e-02   8.8121117e-03
  -4.4888881e-01  -2.4661046e-02   3.0289364e-01   7.0638942e-04   2.8066458e-02   8.6963634e-03
  -4.4105993e-01   4.0173763e-03   3.6952304e-01   1.4845212e-03   2.8092992e-02   8.7038784e-03
  -4.4566413e-01  -1.4873642e-02   3.7633435e-01   8.4974924e-04   2.8435838e-02   8.8424566e-03
  -4.5166456e-01  -1.7750361e-03   3.1288503e-01   1.7356997e-04   2.8185728e-02   8.8920653e-03
  -4.6515844e-01   3.9875813e-02   2.8181103e-01   4.6609369e-04   2.8095353e-02   8.8078740e-03
  -4.3911574e-01   1.2147705e-01   2.6832128e-01   3.4259835e-04   2.7465329e-02   8.8876214e-03
  -4.7858909e-01   5.7626678e-02   2.3187871e-01   4.7999852e-04   2.7710897e-02   8.7110899e-03
  -4.9609626e-01   8.5547491e-02   2.8290014e-01   7.3380281e-04   2.8407362e-02   8.7886869e-03
  -4.9377659e-01   2.4187909e-02   3.2955543e-01   5.8711161e-04   2.8540645e-02   8.8421926e-03
  -4.9896163e-01  -3.9765588e-03   2.3595709e-01   1.1790277e-03   2.8254197e-02   8.5302320e-03
  -4.7652393e-01   4.4630879e-02   3.4432901e-01   7.6026028e-04   2.8581307e-02   8.8016471e-03
  -4.9214416e-01   1.9023920e-03   3.0180594e-01   4.5167648e-04   2.8725427e-02   8.6975244e-03
  -5.0028823e-01  -1.3729740e-01   3.0571125e-01   1.8530947e-03   2.8677382e-02   8.3486163e-03
  -4.9554529e-01   1.8587223e-01   3.3545859e-01   1.1531236e-04   2.8817353e-02   8.6325498e-03
  -5.1235912e-01  -5.4901393e-02   2.4819983e-01   1.0256302e-03   2.8545335e-02   8.3540746e-03
  -5.2623666e-01   1.9153180e-01   2.7533762e-01  -2.6801955e-04   2.8798052e-02   8.1718746e-03
  -5.2213271e-01  -9.5459616e-02   3.0753577e-01   1.6860117e-03   2.8821476e-02   8.0806017e-03
  -5.3072292e-01   1.1380308e-01   2.8281665e-01   3.2990676e-04   2.8860535e-02   8.1293772e-03
  -5.4305365e-01  -9.7939256e-02   2.4156133e-01   1.6124563e-03   2.8608447e-02   7.8485824e-03
  -5.1307177e-01  -1.2905780e-02   2.8941518e-01   1.1724487e-03   2.8465640e-02   7.8394358e-03
  -5.1432905e-01  -3.9420013e-02   3.4287076e-01   8.7416013e-04   2.8791044e-02   7.9544943e-03
  -5.3282468e-01  -6.7694694e-02   2.5517752e-01   1.3212470e-03   2.8769314e-02   7.5780131e-03
  -5.2154328e-01  -1.5124702e-02   3.5206650e-01   1.5360170e-03   2.9043206e-02   7.6960999e-03
  -5.5591853e-01   6.2773645e-02   2.7333167e-01   3.6302431e-04   2.9139745e-02   7.6351402e-03
  -5.2652747e-01  -1.7059570e-01   3.2386031e-01   1.9498917e-03   2.9026932e-02   7.5990847e-03
  -5.4374284e-01   3.1845319e-02   3.4925638e-01   9.3382115e-04   2.9629681e-02   7.7773316e-03
  -5.4444811e-01  -1.2550019e-01   3.0464701e-01   2.1199353e-03   2.9515044e-02   7.5542783e-03
  -5.4533571e-01   1.0670752e-01   4.0245931e-01   1.0346422e-03   3.0022112e-02   7.9188391e-03
  -5.6135391e-01   2.7112663e-02   2.8371852e-01   1.1694981e-03   2.9742991e-02   7.6857461e-03
  -5.7413644e-01   3.4504606e-03   2.8946409e-01   1.1105077e-03   2.9592887e-02   7.6549904e-03
  -5.8211650e-01   1.3091751e-01   2.6670778e-01   3.8865330e-05   2.9760198e-02   7.6534761e-03
  -5.7383927e-01  -1.2449361e-01   3.1860339e-01   1.9145657e-03   2.9761204e-02   7.3284487e-03
  -5.7601088e-01  -1.1126606e-02   3.7168237e-01   1.0281849e-03   3.0224167e-02   7.5222840e-03
  -5.6327219e-01  -6.8282818e-02   2.8764286e-01   1.8118742e-03   2.9669988e-02   7.1639131e-03
  -5.6000480e-01  -9.2283489e-02   3.8744703e-01   2.6623868e-03   2.9832651e-02   6.9848734e-03
  -5.7985906e-01   1.9866948e-02   3.2097261e-01   1.3512890e-03   2.9848960e-02   6.9309710e-03
  -5.8513428e-01  -1.5936044e-01   3.2621193e-01   2.5407216e-03   2.9849063e-02   6.7197088e-03
  -5.7952207e-01   2.6568834e-03   3.8551206e-01   1.6494413e-03   3.0072441e-02   6.9403632e-03
  -5.8274416e-01  -6.0705617e-02   2.7856544e-01   2.2110794e-03   2.9723361e-02   6.6641848e-03
  -5.8706720e-01  -5.6332063e-02   3.8644134e-01   2.4933972e-03   3.0221764e-02   6.7093699e-03
  -6.1084879e-01  -1.4692187e-02   3.3272550e-01   1.8124390e-03   3.0390661e-02   6.6244279e-03
  -6.0978962e-01  -1.9847571e-01   3.6277136e-01   2.8929419e-03   3.0455793e-02   6.4894236e-03
  -6.1514027e-01   3.6414672e-02   4.0294380e-01   1.7299591e-03   3.0750719e-02   6.8128227e-03
  -6.0568958e-01  -1.9646637e-01   3.2897734e-01   3.1742364e-03   3.0528902e-02   6.5657794e-03
  -6.0956773e-01  -2.8852040e-02   4.3837790e-01   2.3035244e-03   3.1171422e-02   6.8281492e-03
  -6.2605978e-01  -6.0688527e-02   3.0365203e-01   2.0007846e-03   3.0907711e-02   6.6269378e-03
  -6.2141092e-01  -1.5484249e-01   4.1529711e-01   3.0428596e-03   3.1529860e-02   6.5261296e-03
  -6.1574027e-01  -2.3289084e-02   3.6789778e-01   2.0231868e-03   3.1509625e-02   6.5862057e-03
  -6.0208417e-01  -1.6656635e-01   3.9544216e-01   3.1895196e-03   3.1380278e-02   6.5930701e-03
  -5.8614273e-01  -2.0206313e-02   4.3061699e-01   1.9323680e-03   3.1511671e-02   6.6380186e-03
  -5.8458504e-01  -9.8392132e-02   3.6775287e-01   2.8712910e-03   3.1277548e-02   6.5515600e-03
  -5.8926376e-01  -3.0631261e-02   4.7457600e-01   2.0517008e-03   3.1806362e-02   6.8444409e-03
  -6.0244401e-01  -8.0259226e-02   3.4253093e-01   2.3839329e-03   3.1590852e-02   6.5826411e-03
  -5.8723854e-01  -7.4625675e-02   4.3584398e-01   2.6068063e-03   3.1861140e-02   6.7492764e-03
  -6.2440440e-01  -1.0066117e-01   3.8002670e-01   1.7296330e-03   3.2077879e-02   6.8544940e-03
  -6.0484460e-01  -1.1591829e-01   4.0801604e-01   2.3992669e-03   3.2064428e-02   6.7062472e-03
  -6.0408713e-01   5.0351646e-02   4.5126137e-01   1.3711393e-03   3.2296058e-02   6.9225257e-03
  -5.9781692e-01  -1.5070816e-01   3.7799681e-01   2.6300710e-03   3.1639664e-02   6.6162052e-03
  -6.0296687e-01   6.3048024e-02   4.4126378e-01   1.6710976e-03   3.2001416e-02   6.8767095e-03
  -5.9990408e-01  -1.0148138e-01   3.5825670e-01   2.6285921e-03   3.1696028e-02   6.6249492e-03
  -6.1087901e-01  -5.3102039e-02   4.5337320e-01   2.2279418e-03   3.2332265e-02   7.0427663e-03
  -6.0353412e-01   2.2551498e-03   3.2667840e-01   1.8889671e-03   3.1665084e-02   6.8069499e-03
  -6.0674069e-01  -1.0399952e-01   4.6421502e-01   2.8850266e-03   3.2261528e-02   6.8163419e-03
  -6.1664950e-01  -4.3536136e-02   3.5533024e-01   2.1001290e-03   3.1990129e-02   6.6959299e-03
  -6.1853830e-01  -9.9032615e-02   4.2242094e-01   2.6689987e-03   3.2126847e-02   6.6873418e-03
