   0.0000000e+00   0.0000000e+00   0.0000000e+00   0.0000000e+00   0.0000000e+00   0.0000000e+00
   9.5175328e-03  -9.2343380e-03  -2.6912816e-02  -6.2357682e-04  -1.1450434e-04   5.2247289e-05
   1.1188509e-02   2.1420888e-02  -3.1406143e-02  -1.1733137e-03   1.1871251e-05   1.9909693e-04
   1.9220545e-02   2.6625508e-02  -1.1079597e-02  -1.2421069e-03  -1.5471034e-04   2.8985965e-04
   7.4816009e-03  -1.3256893e-02   1.3958953e-02  -7.5657342e-04   8.3635782e-05   1.9367002e-04
  -7.6340382e-03   2.2264970e-02  -4.6875969e-02  -1.6292197e-03   2.6639518e-04   1.9495688e-04
  -5.3610332e-03   1.8022156e-02   4.0846322e-03  -1.8913215e-03   2.4956349e-04   3.4809028e-05
  -2.3454692e-02   3.5776165e-02   1.0362072e-02  -2.1888445e-03   3.0739750e-04  -1.8078361e-04
  -1.6979494e-02   8.1219540e-02   6.1144312e-03  -1.3882355e-03  -3.3384176e-05  -3.2138345e-04
  -1.6930027e-02   2.2639847e-01   4.5754390e-02  -7.0774607e-04  -2.1331356e-04  -5.0527213e-04
  -1.6267692e-02   1.6565606e-01   4.5665124e-02  -1.6727995e-03  -2.1532983e-04  -5.2121749e-04
  -9.4090386e-03   1.5366988e-01   3.2217246e-02  -2.5455910e-03  -2.9526544e-04  -5.5192506e-04
  -1.1234661e-02   1.1859368e-01   1.0094718e-01  -3.4737367e-03  -3.3527117e-04  -4.8616211e-04
  -3.7127438e-02   4.9747056e-02   5.7617782e-02  -2.7335513e-03   9.2396478e-06  -7.9796371e-04
  -2.7915008e-02   1.4077404e-01   4.3205289e-02  -2.8071326e-03  -1.9472269e-04  -6.4963592e-04
  -3.8059642e-02   1.1455056e-01   6.8684210e-02  -2.5767408e-03  -2.3858148e-04  -7.3507834e-04
  -3.5526271e-02   6.0305363e-02   7.9139062e-02  -2.4487156e-03  -2.1329806e-04  -1.0136244e-03
  -1.3465654e-02   1.6700491e-01   1.3325918e-01  -1.8004156e-03  -4.7034789e-04  -8.9258669e-04
  -1.0003487e-02   7.7572947e-02   8.2221456e-02  -2.1130606e-03  -4.9587869e-04  -1.0485566e-03
  -4.6019100e-03   2.0723670e-01   6.5146919e-02  -2.0867262e-03  -4.9824264e-04  -7.9172114e-04
  -1.1952833e-02   2.2157581e-01   2.2947646e-02  -2.1194110e-03  -5.6243373e-04  -6.4305959e-04
  -1.5130037e-02   1.7927327e-01   4.9945630e-03  -2.0877242e-03  -5.6676570e-04  -4.6091894e-04
  -2.8088566e-02   1.0966159e-01  -1.1467230e-02  -2.1870003e-03  -3.8216996e-04  -6.6746458e-04
  -1.4287301e-02   1.2102895e-01   3.1762802e-02  -1.9800387e-03  -6.2924116e-04  -6.1340672e-04
  -8.9484850e-03   4.9855800e-02   4.5587004e-02  -1.9448963e-03  -5.6503079e-04  -6.5608587e-04
  -8.4697182e-03  -4.4970603e-02   4.1354167e-02  -1.9617800e-03  -5.9163424e-04  -6.7537298e-04
  -2.2544838e-02   5.3568665e-02   6.2630516e-02  -2.2070556e-03  -6.1497860e-04  -6.3979879e-04
  -2.4459367e-02   6.9634527e-02   1.9158548e-02  -2.1100251e-03  -6.5122125e-04  -7.7306824e-04
  -1.7199782e-02   3.3003887e-02   1.2103832e-02  -1.7156684e-03  -5.3937983e-04  -6.7672713e-04
  -2.3471491e-02   1.5046914e-01  -5.9857495e-02  -1.2489977e-03  -3.6862278e-04  -7.5804064e-04
  -1.5149874e-02   1.2080564e-01  -1.6114356e-02  -5.1549482e-04  -4.0382825e-04  -7.1228301e-04
  -1.5049281e-02   1.3293679e-01  -2.3818776e-02  -1.0776350e-03  -3.9971446e-04  -6.7111052e-04
  -1.6365598e-02   1.4971119e-01  -3.2006897e-02  -1.6782436e-03  -3.9513395e-04  -6.4297675e-04
  -1.8724235e-02   1.1517373e-01  -5.5311905e-02  -1.4797179e-03  -4.4778346e-04  -6.1768288e-04
  -1.0300458e-02   9.2515584e-02  -1.7029832e-02  -1.8876893e-03  -6.4069384e-04  -5.4802895e-04
  -3.4884738e-03   2.0144545e-02   2.1112396e-02  -1.2343089e-03  -7.0174196e-04  -4.4559839e-04
  -1.1178374e-02   2.7868952e-02   4.9511970e-03  -1.7980560e-03  -5.2169141e-04  -3.6362200e-04
  -4.3066366e-03   5.1823355e-02   1.8084784e-02  -1.4606025e-03  -7.1734078e-04  -3.8241676e-04
  -2.6051745e-02   4.9470998e-02  -2.4471073e-02  -1.7215992e-03  -3.9569775e-04  -4.3801692e-04
  -1.4057278e-02   6.7737677e-02  -1.5629293e-02  -1.3764453e-03  -5.3086992e-04  -4.3902660e-04
  -1.6429745e-02   7.8116727e-02  -2.7132842e-02  -1.9929383e-03  -3.7163550e-04  -3.7821033e-04
  -2.2514273e-02   9.9674336e-02  -3.5151305e-02  -1.6997718e-03  -4.4340832e-04  -3.9106379e-04
  -1.4576528e-02   1.5836115e-01  -1.9920559e-02  -1.5493741e-03  -5.3713711e-04  -4.1197137e-04
  -1.3105264e-02   1.5613680e-01  -1.3041267e-02  -1.1107736e-03  -5.4369756e-04  -5.0690307e-04
  -1.2097574e-02   1.3979587e-01  -3.9539084e-02  -7.6046075e-04  -5.9245829e-04  -5.3853311e-04
  -4.8804769e-03   1.2749774e-01  -5.1241889e-02  -4.1841920e-04  -6.7237659e-04  -5.0161169e-04
  -7.0804127e-03   9.9167728e-02   2.8187947e-02  -2.2700937e-03  -6.5320852e-04  -6.9766517e-04
  -4.2348633e-03  -1.6123695e-01  -2.0022476e-01   3.3913567e-05  -5.7483628e-04  -3.5035491e-04
   6.8766861e-03   1.7783391e-01  -2.5183346e-01   1.2407125e-03  -7.3820527e-05   3.4483244e-04
  -2.1305652e-02   7.2686053e-02  -2.3229300e-01   5.6620307e-04   2.7662788e-04   2.5177009e-05
  -7.3997296e-03   1.3203315e-01  -1.8810149e-01   2.7665318e-04   1.2470443e-04   1.4280063e-04
   5.0955334e-04   7.9260652e-02  -1.5742866e-01  -1.5815260e-04   6.1001277e-05   2.2568115e-04
   1.4934438e-02   5.8480122e-03  -1.2814011e-01  -1.5130699e-04  -2.0796852e-04   2.9497108e-04
  -1.7480893e-04  -5.9776836e-03  -1.2101562e-01  -1.8375486e-04  -7.7686959e-05   1.4785724e-04
  -2.4530815e-03  -5.5503938e-02  -1.1307839e-01   4.1748193e-04  -7.0065819e-04  -4.7716633e-04
   1.2805716e-02   4.0424990e-02   1.5868550e-01  -2.1815129e-03  -1.2408826e-03  -4.6648528e-04
   4.8555122e-02  -4.8711448e-01   3.6654926e-03   1.6151582e-03  -2.0523759e-03  -9.0502915e-04
  -2.6724656e-02   3.1209508e-01  -6.5478332e-02  -1.2552235e-04  -7.4472176e-04  -6.4755665e-04
  -6.9546956e-02   3.8784207e-01  -9.4184973e-02  -1.7107692e-03   5.2780012e-05  -6.2839873e-04
  -5.6839289e-02   1.6167307e-01  -1.8400718e-01  -1.0623388e-03  -3.1882836e-04  -7.2571688e-04
  -3.8568711e-02   1.7624110e-01  -1.3085036e-01  -9.2475769e-04  -4.3452916e-04  -5.8765212e-04
  -2.7724220e-02   1.2914024e-01  -1.2233535e-01  -1.0243798e-03  -5.5394948e-04  -6.0966185e-04
  -1.9956742e-02   9.8113163e-02  -1.1632763e-01  -1.3178664e-03  -5.5655597e-04  -4.5438687e-04
  -1.2751182e-02   7.2605714e-02  -9.6906129e-02  -1.4052054e-03  -5.0071354e-04  -3.1159438e-04
  -5.8856750e-03   7.3771317e-02  -1.1660703e-01  -1.2054659e-03  -6.9417789e-04  -3.2980853e-04
  -4.2170522e-03  -1.0035074e-02  -9.8695184e-02  -1.2969272e-03  -7.9055458e-04  -5.8940448e-04
   7.5664150e-03   3.0122061e-02  -1.0852941e-02  -6.4829934e-04  -8.7713415e-04  -5.5556794e-04
   4.8846261e-03   3.2007897e-02  -3.3098894e-02  -1.1411009e-03  -7.8504114e-04  -2.3112434e-04
  -1.4649571e-02   1.6052754e-02  -8.9618115e-02  -1.4286366e-03  -5.5051025e-04  -3.0849351e-04
  -2.6402356e-02   7.4422424e-02  -1.3564841e-01  -1.6306386e-03  -4.4619062e-04  -3.1583098e-04
  -2.5135606e-02   1.0188040e-01  -1.3809537e-01  -1.3324420e-03  -5.4844496e-04  -3.3237543e-04
  -2.7891196e-02   5.1456743e-02  -1.0538913e-01  -1.0332003e-03  -6.4644758e-04  -4.7050831e-04
  -2.7001684e-02   8.3637715e-02  -9.6841211e-02  -1.1788379e-03  -5.4746228e-04  -5.5454474e-04
  -1.6057872e-02   1.0112921e-01  -9.1534062e-02  -6.6975547e-04  -6.5285123e-04  -5.5055856e-04
  -3.8851239e-02   9.4305779e-03  -1.4533526e-01  -7.6710559e-04   3.5594533e-06  -8.1491264e-04
  -2.2007821e-02   5.6075751e-02  -3.3330264e-02  -2.7050253e-04  -3.9729134e-04  -6.1818514e-04
  -2.1865712e-02   6.2394639e-02  -6.3585906e-02  -8.4469386e-04  -3.9719923e-04  -5.1767965e-04
  -3.3114034e-02  -3.7785008e-02  -9.4788803e-02  -4.8006458e-04  -1.7230696e-04  -6.1116851e-04
  -3.0944383e-02   4.8470264e-02  -9.7458921e-02  -5.4843851e-04  -2.3499068e-04  -5.1215403e-04
  -3.8388486e-02   8.3897595e-02  -1.0842377e-01  -8.3627220e-04  -8.7035719e-05  -6.4983044e-04
  -2.4880805e-02   2.9397989e-02  -1.0738255e-01  -3.5657073e-04  -2.9754383e-04  -6.1031419e-04
  -2.4526769e-02   9.3191447e-02  -1.1257896e-01  -2.3097788e-05  -2.2923102e-04  -6.2042713e-04
  -1.4759491e-02   4.2205173e-02  -1.6004658e-01   5.2363708e-04  -2.1923530e-04  -6.3669159e-04
  -1.7732864e-02   5.3314842e-02  -8.4333074e-02   8.6760792e-05  -4.8649554e-04  -9.6820177e-04
  -1.2089898e-02   8.9537754e-02  -4.1282060e-02  -1.8569507e-04  -5.9901589e-04  -7.3189494e-04
  -4.8316007e-03  -5.6483834e-03  -4.6256766e-02  -2.7392752e-04  -8.4464253e-04  -6.2653126e-04
  -3.5969072e-02   1.7407482e-02  -1.3779126e-01  -1.0172401e-03  -4.5912855e-04  -5.7653606e-04
  -4.1584535e-02   8.5030376e-02  -1.8281945e-01  -5.5837014e-04  -4.3817549e-04  -6.8238041e-04
  -1.6930111e-02   8.9475047e-03  -9.8278023e-02  -2.4186207e-04  -7.4147180e-04  -5.2337005e-04
  -2.0105209e-02  -9.0933057e-02  -6.0760385e-02  -3.6397179e-05  -7.9414802e-04  -1.0197570e-03
   1.6706546e-02  -1.9739681e-01  -6.1374353e-01   5.2141780e-03   1.2357441e-03   6.9035936e-04
  -4.1632460e-03  -9.3448292e-03  -2.0442649e-01   2.0703715e-03   8.6795630e-04  -1.0581865e-05
  -1.9058374e-03  -7.7369734e-03  -1.4219754e-01   7.4167684e-04   1.7032039e-04  -7.1113160e-05
  -1.3512830e-02  -2.1969934e-02  -1.5705443e-01   6.3631153e-04   8.8314706e-05  -1.4218413e-04
  -7.5768398e-03  -2.2969828e-02  -1.9299827e-01   3.7579293e-04  -2.4854944e-05  -7.1620592e-05
  -1.3113291e-02   5.4360618e-02  -1.5811985e-01  -5.1316167e-05   1.2810362e-04  -3.7009598e-05
  -8.8870775e-03  -2.8075873e-02  -1.9443970e-01  -3.3251805e-04  -2.6812317e-05  -5.1362545e-05
  -2.4014390e-02  -1.2032604e-02  -2.2154734e-01  -1.9088315e-04   1.8354073e-04  -1.5065462e-04
  -6.0167387e-03  -3.8188035e-02  -1.4771475e-01  -9.6622640e-05  -1.8735357e-04  -2.3140986e-04
  -4.9931875e-03  -7.3312471e-02  -1.3352414e-01  -1.0125456e-03  -1.3515894e-04  -2.1736697e-04
  -4.3136110e-03   1.8662542e-03  -1.4654008e-01  -2.5806685e-04  -9.6570932e-05  -1.8090691e-04
   1.0314274e-02   1.9598004e-02  -1.7492605e-01   9.7156112e-04  -2.8964065e-04  -2.3063498e-04
   4.2044121e-02  -1.8323433e-01  -2.4410989e-02  -9.2386976e-04  -9.9754345e-04  -5.7524318e-04
   4.0289285e-02  -2.5285245e-01  -4.4311361e-01   1.5203947e-03  -9.5292974e-04  -5.2927860e-04
   7.1707367e-03   4.3737593e-01  -1.6022890e-01  -5.9183149e-04  -3.1963570e-04   1.6072333e-04
  -1.8122026e-02   4.5405682e-02  -2.6812572e-01   5.3171917e-04  -1.1647034e-04  -2.6967557e-04
  -3.2400942e-02   6.7251363e-02  -2.5119080e-01   3.6808518e-04   8.2642916e-05  -5.5904463e-04
  -2.4129649e-02   7.6552267e-02  -2.9475030e-01   3.3457240e-04   2.3621813e-04  -5.0485706e-04
  -1.5003754e-03  -5.9534279e-03  -2.8681362e-01   6.8899420e-04   5.8172991e-05  -5.3867773e-04
   5.1250841e-03  -1.8865886e-02  -2.6773316e-01   1.0739847e-04   1.7923748e-04  -4.3458187e-04
   1.2359296e-02  -9.1131376e-02  -2.2664360e-01   3.4044242e-04  -1.8882174e-04  -6.9767213e-04
   2.6238482e-02  -6.7040354e-02  -1.3482767e-01   2.5390766e-04  -4.2651308e-04  -4.1936087e-04
   1.4228568e-02  -6.9985373e-02  -1.5590985e-01  -3.8355375e-04  -3.0743963e-04  -3.6429808e-04
   1.0392189e-03  -2.4310318e-02  -1.9121291e-01  -3.4650286e-04  -1.6880531e-04  -4.7358853e-04
  -1.9646583e-02  -1.2145984e-02  -2.4449725e-01  -2.0583985e-04   1.2739669e-04  -5.8949957e-04
  -1.8752762e-02   1.2225196e-01  -2.6205077e-01  -3.0677654e-04   8.8524205e-05  -5.8695546e-04
  -9.3985212e-03  -1.1032310e-02  -2.5486078e-01  -8.5257001e-05  -3.2684778e-05  -4.9937680e-04
  -1.7683712e-03   1.3683119e-02  -2.0186939e-01  -2.3390816e-04  -1.5161320e-04  -4.7109134e-04
  -4.6801803e-03   3.2538190e-02  -2.5391599e-01   2.4160549e-04  -6.2565017e-05  -5.7540528e-04
   6.1278433e-03   3.8347651e-02  -2.4154774e-01   5.0516586e-04  -4.1868621e-04  -5.5009625e-04
   1.0268996e-02   4.7314965e-02  -1.3002248e-01   3.9237390e-04  -6.3339299e-04  -4.6243194e-04
   9.3401243e-04  -1.6397600e-02  -1.5808638e-01  -8.3869006e-04  -5.5891454e-04  -2.3679919e-04
  -2.5814663e-02  -1.9438044e-02  -1.6482209e-01  -1.1538682e-03  -2.9149764e-04  -5.1661226e-04
  -4.4081944e-02   5.2714759e-03  -1.4362948e-01  -2.1803723e-03  -2.2141483e-04  -9.1010437e-04
  -5.7958577e-02   5.1165986e-02  -1.2258722e-01  -2.1882888e-03  -1.8732954e-04  -1.0663696e-03
  -5.8149185e-02   1.3581416e-01  -1.1747949e-01  -2.2771543e-03  -1.7165348e-04  -1.0061627e-03
  -4.1092790e-02   1.2575262e-01  -9.0646525e-02  -2.4857141e-03  -4.9077839e-04  -1.0628730e-03
  -5.4445586e-02   2.8782113e-01  -1.0813718e-01  -2.2920556e-03  -5.0915910e-04  -1.2269054e-03
  -5.2841985e-02   1.9334097e-01  -1.0914661e-01  -2.4254945e-03  -5.1182998e-04  -1.3333969e-03
  -4.6282340e-02   1.3506415e-01   3.2774124e-02  -4.0717536e-03  -6.8003650e-04  -1.2166044e-03
  -4.7865259e-02   9.9282496e-02  -7.3692784e-02  -3.1017089e-03  -8.1101668e-04  -1.2689696e-03
  -5.3233831e-02   1.6482087e-01  -1.0088478e-01  -2.4976023e-03  -6.9280396e-04  -1.2544179e-03
  -3.9247725e-02   1.5069671e-01  -1.3948174e-01  -1.7917971e-03  -7.8486517e-04  -1.0734870e-03
  -2.9021897e-02   2.2643461e-01  -1.1701363e-01  -1.4382195e-03  -8.9797050e-04  -9.2084464e-04
  -3.3114885e-02   1.0163885e-01  -1.7612275e-01  -1.1585049e-03  -9.3728938e-04  -9.1548443e-04
  -2.2730625e-02   1.0186617e-01  -1.6321638e-01  -9.7706269e-04  -1.1744325e-03  -9.4523900e-04
   2.0954779e-03   6.3268425e-02  -9.6699118e-02  -1.1596132e-03  -1.5631284e-03  -7.9797971e-04
   1.3049393e-02  -1.4214020e-01   2.3172226e-02  -1.1441796e-03  -1.7421881e-03  -8.2525359e-04
  -2.0330898e-02  -1.0229347e-01  -1.1217362e-01  -1.6510778e-03  -1.1867717e-03  -8.6122603e-04
  -1.8744844e-02   2.5037096e-01  -5.3284167e-02  -1.8997711e-03  -1.1143892e-03  -8.8392702e-04
  -1.8769491e-02   1.7476205e-01  -1.1881654e-01  -1.2952526e-03  -9.1796444e-04  -8.7474535e-04
  -2.7785410e-02   2.3193594e-01  -1.3466188e-01  -1.5131986e-03  -7.9082784e-04  -8.1597222e-04
  -3.4969418e-02   1.9533311e-01  -1.8688130e-01  -8.4635769e-04  -7.3291674e-04  -8.9352264e-04
  -3.1247998e-02   1.1847039e-01  -2.2931620e-01  -8.2021771e-04  -1.0160260e-03  -8.4284830e-04
  -8.5856224e-03   1.0106758e-01  -9.7061988e-02  -3.2255738e-04  -1.1210858e-03  -6.8512909e-04
  -3.1727373e-02  -1.1589679e-02  -1.5207576e-01  -1.2163390e-03  -6.6341680e-04  -9.6490847e-04
  -2.2928563e-02   9.2365433e-02  -1.7178855e-01  -6.4816199e-04  -9.1275674e-04  -8.4898880e-04
   1.9167190e-03  -1.1124453e-02  -1.2715942e-01  -1.0417891e-04  -1.2906911e-03  -7.2069742e-04
  -2.0544731e-02   1.0639016e-02  -1.6925701e-01  -5.8695523e-04  -1.0925663e-03  -9.7976524e-04
  -5.4305239e-03   1.2872836e-01  -9.9134220e-02  -4.8778870e-04  -1.2977620e-03  -7.9618517e-04
  -1.8137270e-02   3.9906387e-02  -1.8434774e-01  -8.3915404e-04  -1.0095159e-03  -7.3068830e-04
   6.0779166e-03   8.4291989e-02  -1.6163059e-01  -2.4174731e-04  -1.2850874e-03  -7.1659246e-04
  -3.5164191e-03   5.8265973e-02  -1.5209138e-01  -8.0350511e-04  -9.8313076e-04  -4.4665476e-04
  -1.4877698e-02  -3.3337657e-02  -1.7355238e-01  -2.8202226e-04  -1.0106870e-03  -6.4031814e-04
  -9.3048827e-03   2.3267916e-02  -1.8893610e-01  -5.2721299e-04  -1.2004966e-03  -6.4881693e-04
  -2.4673223e-02   9.9824411e-02  -1.8763607e-01  -2.3096905e-04  -8.4499470e-04  -8.3521655e-04
  -1.9928231e-02   1.2574118e-01  -1.4929895e-01   1.2105160e-04  -9.3488838e-04  -8.8387486e-04
  -4.1198592e-03   7.0694517e-02  -1.5707247e-01  -1.7827610e-04  -1.3027497e-03  -8.6043578e-04
  -8.2702296e-03   8.7698866e-02  -1.5914178e-01  -5.4759126e-04  -1.2508072e-03  -9.3216326e-04
  -2.5196687e-03   1.1257362e-01  -1.0114524e-01  -7.4572559e-04  -1.3980239e-03  -6.6062667e-04
  -1.7421640e-02   4.8694644e-02  -1.0020774e-01  -9.2900340e-04  -1.1127593e-03  -7.0198177e-04
   9.6354707e-04   1.0182137e-02  -1.2905463e-01  -6.3324639e-04  -1.3285780e-03  -6.9242654e-04
  -1.1225929e-02   2.2041707e-02  -1.3618547e-01  -7.4246190e-04  -1.0229834e-03  -7.2320014e-04
  -8.4380023e-04   5.0022486e-02  -1.1293281e-01  -1.5506825e-03  -1.2854923e-03  -5.9592632e-04
  -2.5455015e-02   8.6319023e-03  -3.2082392e-01  -8.2291562e-04  -8.9595903e-04  -8.4670186e-04
  -8.1677898e-03   1.5404362e-01  -2.4190584e-01  -1.6220430e-04  -3.7201892e-04  -5.2632670e-05
  -1.9333467e-02   4.1008231e-02  -2.1853059e-01  -2.4574091e-04  -6.9013951e-04  -5.9832880e-04
  -1.9334237e-02   2.2336371e-01  -1.3737318e-01  -1.1662994e-03  -1.0573995e-03  -6.5098257e-04
  -1.8057857e-02   1.0091191e-01  -1.9368551e-01  -1.1047169e-03  -1.1863002e-03  -6.5994209e-04
  -1.0562718e-02   1.1643417e-01  -1.3622186e-01  -1.5501455e-03  -1.2453156e-03  -5.7342307e-04
  -1.6159366e-02   5.1393187e-02  -1.4077025e-01  -1.7152332e-03  -1.1703151e-03  -6.1628236e-04
  -2.2211044e-02   7.0472260e-02  -1.5237030e-01  -2.0154926e-03  -9.4656289e-04  -5.7914561e-04
  -2.2123617e-02   3.9591241e-02  -1.3511355e-01  -1.7345948e-03  -9.4978553e-04  -6.0507139e-04
  -1.9965534e-02   1.3802515e-01  -1.3793317e-01  -1.5397527e-03  -1.0754739e-03  -6.7253012e-04
  -2.0726649e-02   7.8969415e-02  -1.7907100e-01  -9.7301544e-04  -1.0846325e-03  -6.9987032e-04
  -1.0710017e-02   1.7286976e-01  -1.6986773e-01  -8.0284723e-04  -1.3251024e-03  -7.6972288e-04
  -3.9483756e-03   1.3774108e-01  -1.5777359e-01  -1.3670256e-03  -1.3320110e-03  -6.9334064e-04
   2.1541376e-02   6.8947033e-02  -8.8004773e-02  -1.0703209e-03  -1.5199257e-03  -3.9869068e-04
   8.1768775e-03   5.0359893e-02  -1.0962687e-01  -2.2890611e-03  -1.2959095e-03  -3.4301337e-04
  -6.2971094e-03   2.1706270e-02  -1.8861468e-01  -1.7141866e-03  -1.0276186e-03  -5.3794338e-04
  -6.0769576e-03   1.2093794e-01  -2.1785340e-01  -1.1402493e-03  -1.0562623e-03  -6.0993967e-04
   1.7104180e-02   8.5290261e-02  -2.0649767e-01  -8.8054130e-04  -1.4625850e-03  -5.4281511e-04
   4.1590730e-02   6.6814792e-02  -1.1136874e-01  -8.7007041e-04  -1.7802252e-03  -2.5657080e-04
   8.2952963e-03   5.3050953e-02  -1.4405309e-01  -2.1494098e-03  -1.3048564e-03  -2.7154390e-04
   7.4577862e-03   1.6878981e-02  -1.6093013e-01  -1.7083648e-03  -1.3157400e-03  -3.8603336e-04
  -1.4174573e-03   1.1906256e-01  -2.3455752e-01  -7.1009827e-04  -1.0790752e-03  -5.1704036e-04
   1.2838188e-01  -3.1013200e-01   1.7041642e-02   4.2024273e-04  -2.9716306e-03  -3.6813306e-04
   7.8472628e-02  -2.2579556e-01  -1.8956859e-01   8.3714276e-04  -2.3509536e-03  -5.3926715e-04
   2.4631288e-02   3.8535270e-01  -1.5639862e-01  -1.8963560e-03  -1.3958563e-03  -3.3848543e-04
  -4.1446589e-03   1.1211717e-01  -2.7991998e-01  -1.4740781e-03  -1.2330222e-03  -4.9183511e-04
  -9.6981139e-03   1.2172470e-01  -2.9068126e-01  -1.2420478e-03  -1.3135448e-03  -5.6261206e-04
  -6.3046044e-03   1.2438793e-01  -2.7291886e-01  -1.0027803e-03  -1.2339321e-03  -7.4268297e-04
   5.1847041e-03   7.6573515e-02  -2.3155645e-01  -9.2582853e-04  -1.2089378e-03  -6.4875021e-04
   2.0288201e-02  -1.0042782e-02  -1.5941915e-01  -1.4847586e-03  -1.3540068e-03  -5.7746971e-04
   1.1780830e-02   3.1553934e-02  -1.6655007e-01  -1.6421530e-03  -1.2405990e-03  -5.8882597e-04
   1.5659370e-02   2.3046897e-02  -1.6594205e-01  -1.8591961e-03  -1.4701874e-03  -6.1753423e-04
  -1.1685658e-02  -2.1941510e-02  -3.2395112e-01  -1.4788956e-03  -1.1372788e-03  -9.7708746e-04
  -1.5954808e-02   2.5655746e-01  -1.9385700e-01  -1.6425590e-03  -1.0659521e-03  -8.6738733e-04
  -1.1843151e-02   7.1070215e-02  -2.7140762e-01  -1.6522100e-03  -1.2222069e-03  -8.0476065e-04
  -1.7203674e-02   8.7541909e-02  -2.5576377e-01  -1.5360573e-03  -1.2280023e-03  -1.0022697e-03
  -1.7366343e-02   1.4057246e-01  -2.4811318e-01  -1.5267118e-03  -1.4383659e-03  -8.2806395e-04
  -4.6901767e-03   5.5956265e-02  -2.6001112e-01  -6.8420308e-04  -1.6507826e-03  -9.6976411e-04
   1.8780395e-02   5.9794104e-02  -1.8650537e-01  -1.0934048e-03  -1.7882373e-03  -8.8366892e-04
   9.0919824e-03  -2.1068745e-02  -7.5193929e-02  -2.3034730e-03  -1.7154877e-03  -8.6163360e-04
  -4.6937093e-03   8.4097655e-03  -4.4169488e-01   2.6912515e-04  -1.1676177e-03  -5.0583841e-04
  -8.7391990e-03   2.7752908e-02  -1.3942298e-01  -1.3990107e-03  -1.1444091e-03  -5.5598074e-04
  -2.9712444e-02   8.2419777e-02  -1.9833476e-01  -1.8267811e-03  -1.0490277e-03  -7.0117119e-04
  -4.4954229e-02   1.4984898e-01  -2.3509188e-01  -2.0287800e-03  -9.0520730e-04  -7.3295257e-04
  -4.6366521e-02   1.2653810e-01  -2.4072089e-01  -2.1917009e-03  -1.0074386e-03  -7.8026134e-04
  -4.0457589e-02   9.5492979e-02  -2.2250697e-01  -3.1141079e-03  -1.0036167e-03  -7.3034584e-04
  -3.7092826e-02   9.0660574e-02  -2.4159549e-01  -2.4175397e-03  -1.0187806e-03  -8.3178819e-04
  -2.9973006e-02   7.4354911e-02  -2.0823965e-01  -2.2501274e-03  -1.0074344e-03  -8.4637566e-04
  -2.5089359e-02   8.5178853e-02  -2.3331418e-01  -9.9328489e-04  -9.9465857e-04  -9.0124636e-04
  -1.2899945e-02   1.1938073e-01  -2.4015908e-01  -1.3783569e-03  -1.2136603e-03  -8.7159745e-04
   2.2955588e-02   4.5867544e-02  -1.2544202e-01  -1.7617727e-03  -1.7922384e-03  -5.2272246e-04
  -1.1967237e-02   4.7544418e-02  -1.3814659e-01  -2.6082607e-03  -1.2678679e-03  -6.9985122e-04
  -2.1873140e-02   3.9310104e-02  -1.8899209e-01  -2.6308568e-03  -1.2070200e-03  -7.7846209e-04
  -1.7180906e-02   1.0703517e-01  -2.0803008e-01  -2.3980487e-03  -1.3115090e-03  -9.2979968e-04
  -2.7049223e-02   9.6980538e-02  -2.6640016e-01  -1.3080414e-03  -1.2076842e-03  -1.1242222e-03
   6.0514436e-03   1.1042830e-01  -1.7094206e-01  -1.5554707e-03  -1.6313593e-03  -6.7655398e-04
  -2.1781827e-02   3.1511771e-02  -2.1902958e-01  -1.4063684e-03  -1.0874887e-03  -8.8711691e-04
  -2.1286468e-02   1.7621000e-01  -1.7193312e-01  -2.4452574e-03  -9.9552026e-04  -9.3993771e-04
  -2.7514609e-02   1.1877756e-01  -2.3622051e-01  -2.5506205e-03  -8.3955496e-04  -9.8918625e-04
  -2.7933806e-02   9.5594746e-02  -2.6265303e-01  -1.5631692e-03  -8.7204209e-04  -1.0509342e-03
  -8.4723058e-03   1.1836772e-01  -2.6569532e-01  -1.4493956e-03  -1.3103305e-03  -9.2124433e-04
  -1.5089217e-03   1.1120741e-01  -2.5676557e-01  -1.5336975e-03  -1.3603724e-03  -8.8864836e-04
   2.1654741e-02   7.6159708e-02  -1.9072581e-01  -1.7659155e-03  -1.6038362e-03  -5.8326633e-04
   5.4726544e-03  -2.5387312e-02  -2.2035671e-01  -1.8582694e-03  -1.3466485e-03  -7.2732159e-04
   6.6122357e-04  -1.6229556e-02  -2.0753431e-01  -2.2874251e-03  -1.3376245e-03  -7.6035120e-04
  -1.0408679e-02   7.6012530e-02  -2.1935746e-01  -1.8936424e-03  -1.3235752e-03  -7.6483534e-04
  -2.1303910e-02   5.1176284e-02  -2.6055691e-01  -1.7149376e-03  -1.1625650e-03  -8.7053688e-04
  -6.6532892e-03   3.7335584e-02  -2.2121218e-01  -7.5642898e-04  -1.3336265e-03  -9.5272522e-04
  -1.4314788e-02   1.4005626e-01  -1.7888378e-01  -1.6414174e-03  -1.2017631e-03  -1.1778433e-03
  -2.0437698e-02   1.9742483e-01  -2.2154511e-01  -2.0702070e-03  -1.5176408e-03  -1.1687855e-03
  -9.9997393e-03   2.6631240e-01  -1.9135099e-01  -1.9375814e-03  -1.7269336e-03  -7.2355265e-04
  -8.9486652e-03   9.5007377e-02  -2.3681501e-01  -1.9384396e-03  -1.7733234e-03  -6.4572978e-04
  -1.8754186e-02   9.1735849e-03  -2.2087750e-01  -2.2936561e-03  -1.5052057e-03  -9.0093720e-04
  -4.0513470e-02   3.8215916e-02  -2.7170350e-01  -1.4927530e-03  -1.2027075e-03  -1.2583385e-03
  -4.9490343e-02   7.7654241e-02  -2.7340826e-01  -1.0990424e-03  -9.5894711e-04  -1.5568078e-03
  -4.0546786e-02   1.6141674e-01  -2.7631943e-01  -8.7162520e-04  -1.2341318e-03  -1.5965280e-03
  -1.5016537e-02   1.0885052e-01  -1.7307474e-01  -9.5936680e-04  -1.7158049e-03  -1.2879463e-03
  -3.2557492e-02   2.3865322e-02  -1.3505430e-01  -3.3987100e-03  -1.4269671e-03  -1.3264479e-03
  -6.5094341e-02  -2.4790811e-03  -4.8545432e-01  -3.3024915e-04  -3.3004419e-04  -1.2430488e-03
  -2.0946752e-02   7.3420316e-02  -2.5654377e-01  -1.3613105e-04  -7.7970939e-04  -4.7706692e-04
  -3.4803311e-02   4.6313394e-02  -3.5124182e-01  -8.2565016e-04  -6.7244880e-04  -7.7235754e-04
  -2.0573241e-02   5.6882151e-02  -2.9595348e-01  -4.8513063e-04  -8.2410149e-04  -5.4309305e-04
  -1.5221749e-02   9.9327598e-02  -3.1230650e-01  -1.9054808e-04  -8.8379550e-04  -5.7441659e-04
  -1.8881855e-02   1.2586873e-01  -3.0382521e-01   6.3833235e-05  -9.3899750e-04  -6.3803260e-04
  -9.4811830e-03   1.3109168e-01  -3.2076410e-01   1.3003942e-04  -1.2591057e-03  -7.0915652e-04
   7.7852068e-05   7.9005325e-02  -3.3328846e-01  -2.3177851e-04  -1.3057536e-03  -6.0609040e-04
  -2.1129148e-03  -1.8613308e-01  -3.0231206e-01  -2.0125257e-03  -9.7456793e-04  -4.9504329e-04
   5.3267519e-02  -3.4754056e-01  -8.6729309e-01   4.8919927e-03   8.3681493e-04   9.2807321e-04
  -1.2985589e-02  -2.3421103e-02  -4.7947060e-01   5.4028652e-04   6.1869790e-04  -9.5375568e-05
  -1.5362782e-02   7.4020404e-02  -4.4379335e-01  -3.9728435e-04   2.2996452e-04  -1.9746017e-04
  -3.5700319e-02   1.0117268e-01  -4.6114131e-01  -1.0344332e-03   4.0152568e-04  -3.2064980e-04
  -2.4450464e-02   1.1473478e-02  -4.3975697e-01  -3.5577045e-04  -2.3719915e-04  -5.5978215e-04
  -1.4034616e-02   9.7545673e-02  -3.7937512e-01  -1.4395896e-03  -4.5610237e-04  -3.6711333e-04
  -3.3350681e-03  -7.3899681e-02  -3.4234174e-01  -3.7195983e-04  -3.9773649e-04  -4.6041443e-04
  -8.8014810e-04  -3.8735155e-02  -2.9734791e-01  -1.4040874e-03  -3.1825967e-04  -4.0677494e-04
   1.1845350e-02  -6.6552339e-02  -4.1742700e-01  -8.5655287e-04  -6.3952911e-04  -6.1402469e-04
   2.9503981e-02   1.4899097e-03  -2.7920078e-01  -2.2135307e-04  -1.0414484e-03  -4.2234403e-04
  -4.1790490e-03  -1.1191141e-02  -3.6927089e-01  -1.2184495e-03  -3.8187595e-04  -2.3479167e-04
  -7.3419652e-03   1.9861929e-02  -3.7197005e-01  -1.2301421e-03  -6.7094183e-04  -5.5432623e-04
  -9.7057582e-03   1.7257867e-01  -3.7472765e-01  -8.7287537e-04  -5.7257301e-04  -5.9201541e-04
  -4.0565217e-03   1.4134875e-01  -4.1913991e-01  -1.1927152e-03  -7.2585145e-04  -5.0704703e-04
   1.1109042e-03   1.3239041e-01  -3.9127952e-01  -1.3260054e-03  -6.1032946e-04  -5.1464878e-04
   2.3688865e-03   8.9021550e-02  -3.9437043e-01  -1.3687501e-03  -5.7648011e-04  -4.0025332e-04
   1.9603896e-02   2.2522676e-02  -3.9409983e-01  -9.2255744e-04  -8.3414265e-04  -3.7926619e-04
   6.4309667e-02  -3.3609928e-02  -2.6359761e-01  -1.5942400e-03  -1.8358514e-03   1.2432728e-05
   1.7480514e-02   6.3296044e-04  -2.8038888e-01  -2.1718380e-03  -1.2105936e-03  -2.4776441e-04
  -1.6857511e-03  -1.5605575e-03  -3.4700960e-01  -1.7820591e-03  -9.8210497e-04  -4.6391134e-04
  -4.2420742e-03   1.2293600e-01  -3.5448599e-01  -1.0047215e-03  -8.2294937e-04  -6.1989090e-04
   4.3003849e-03   1.7183895e-01  -3.7389227e-01  -9.4121684e-04  -9.5944523e-04  -5.5503780e-04
   6.0814045e-03   1.5632963e-01  -3.8397657e-01  -1.0902340e-03  -1.0040295e-03  -4.6516054e-04
   9.9615469e-03   7.3123372e-02  -4.2047891e-01  -1.1839147e-03  -1.1716944e-03  -3.4034736e-04
   1.0794576e-03   7.1074135e-02  -4.0998416e-01  -6.2617815e-04  -1.0059438e-03  -5.7898588e-04
   6.0883645e-03   7.7536336e-02  -3.9258695e-01  -1.2302995e-03  -9.7204429e-04  -5.4330023e-04
   1.8141865e-02  -2.2743233e-02  -3.7721617e-01  -6.0555521e-04  -1.0719793e-03  -5.3749657e-04
   3.3134146e-02  -5.9216580e-02  -3.0674860e-01  -8.8761968e-04  -1.4265299e-03  -3.5522164e-04
  -1.8581713e-03  -3.8356910e-02  -2.7919599e-01  -2.0246941e-03  -1.0437474e-03  -5.9130076e-04
  -2.0944341e-02   4.2084103e-03  -3.9953435e-01  -1.8344211e-03  -6.4117782e-04  -7.9433119e-04
  -1.9641019e-02   1.8727240e-01  -3.7951863e-01  -7.4161002e-04  -5.8182916e-04  -7.4950552e-04
  -2.1619400e-02   2.0986739e-01  -4.0442229e-01  -1.2904773e-03  -7.7253433e-04  -5.8600754e-04
  -3.1060920e-02   1.4988988e-01  -4.4499202e-01  -1.3738334e-03  -4.7472853e-04  -6.2962317e-04
  -2.0884177e-02   1.1190594e-01  -4.1387183e-01  -7.7931075e-04  -6.0402712e-04  -7.1112149e-04
   6.5371183e-04   3.8929527e-02  -3.7127976e-01  -1.0818334e-03  -8.1853408e-04  -4.8694444e-04
  -7.5486683e-04   9.0778500e-03  -2.9272495e-01  -1.7807730e-03  -8.7036290e-04  -6.6487687e-04
   9.2866843e-02  -5.0538241e-01  -6.3946730e-01  -4.0546586e-04  -2.6219564e-03  -1.0877433e-03
  -5.5991104e-03   3.0170449e-01  -5.6347367e-01  -1.9351883e-03  -9.9277999e-04  -7.9697360e-04
  -4.3957213e-02   1.6822412e-01  -5.0066164e-01  -2.8996043e-03  -8.9705564e-04  -1.1544560e-03
  -6.1386497e-02   1.7481248e-01  -4.8372884e-01  -4.0509008e-03  -1.0923306e-03  -1.1016536e-03
  -7.3616366e-02   1.3442308e-01  -4.7238826e-01  -3.7850937e-03  -9.3610809e-04  -1.3925566e-03
  -6.0610445e-02   8.5358335e-02  -4.6523247e-01  -3.2199845e-03  -1.0192511e-03  -1.3970726e-03
  -3.5281865e-02   1.3840536e-01  -3.8509693e-01  -3.6097779e-03  -1.1775809e-03  -1.2324810e-03
  -3.8192990e-02   1.7299321e-01  -3.6330258e-01  -4.1109281e-03  -1.0324429e-03  -1.2198704e-03
  -4.6050390e-02   8.1867403e-02  -3.7906029e-01  -3.9477119e-03  -8.9130977e-04  -1.2397194e-03
  -5.4289411e-02   1.3475601e-01  -3.6696875e-01  -4.0554894e-03  -1.0927528e-03  -1.2890279e-03
  -3.3410481e-02   1.2507589e-01  -4.1268825e-01  -3.3593333e-03  -1.6826454e-03  -1.2394715e-03
  -2.8598625e-02   2.0084277e-01  -4.1807927e-01  -2.4189629e-03  -1.7693588e-03  -1.2753740e-03
  -1.7313893e-02   1.5234511e-01  -3.6491744e-01  -3.0235031e-03  -1.7989547e-03  -1.1790713e-03
  -3.1371710e-02   8.0238383e-02  -4.1714933e-01  -3.5813421e-03  -1.6874655e-03  -1.4842660e-03
  -2.5604306e-02   1.4656718e-01  -3.8442806e-01  -3.9202993e-03  -1.9048552e-03  -1.0735676e-03
  -3.5664666e-02   9.1012908e-02  -3.9755243e-01  -3.8868119e-03  -1.8459729e-03  -1.1352160e-03
  -2.7900959e-02   5.5710505e-02  -4.1933179e-01  -3.4380200e-03  -2.0214220e-03  -1.0882372e-03
  -3.9430269e-02   5.5329038e-02  -4.1908117e-01  -2.7503380e-03  -1.7071714e-03  -1.1082558e-03
  -2.9555970e-02   1.0608682e-02  -3.9983445e-01  -2.6414035e-03  -1.8735968e-03  -1.1791032e-03
  -4.4625113e-02  -1.9373843e-02  -4.2119955e-01  -3.1021239e-03  -1.5568953e-03  -1.1720873e-03
  -3.7183453e-02   5.7300790e-02  -4.1707179e-01  -3.2405305e-03  -1.7025865e-03  -1.2145183e-03
  -3.6312452e-02   1.1924904e-02  -4.1620387e-01  -3.0143244e-03  -1.6805899e-03  -1.3012482e-03
  -4.3309823e-02   1.7902275e-01  -4.4529641e-01  -2.5708391e-03  -1.5776000e-03  -1.3138993e-03
  -2.4612152e-02   2.5093044e-01  -4.2264424e-01  -1.7601138e-03  -1.8974728e-03  -1.2468990e-03
  -2.0266844e-02   1.5652402e-01  -4.6126029e-01  -2.3368893e-03  -2.0481056e-03  -1.1588667e-03
  -1.0140979e-02   1.4667872e-01  -4.1190954e-01  -2.8448300e-03  -2.1341605e-03  -9.9554238e-04
  -1.6572644e-02   2.0155596e-02  -4.5606523e-01  -2.0506700e-03  -2.0155992e-03  -9.5902811e-04
  -1.1081587e-02   5.8983335e-03  -4.1289777e-01  -2.6560055e-03  -2.0619655e-03  -8.0616550e-04
  -1.6519498e-02  -5.0668537e-02  -4.1893862e-01  -2.4390251e-03  -2.1789669e-03  -1.0288036e-03
  -4.1068452e-02   5.2018070e-02  -5.2100349e-01  -3.4652351e-03  -1.8828402e-03  -1.3433946e-03
  -2.7718388e-02   7.6000292e-02  -4.3627046e-01  -2.3450940e-03  -1.8993353e-03  -1.2892084e-03
  -8.9597571e-03   1.5275107e-01  -4.9938867e-01  -1.6313057e-03  -2.0670187e-03  -5.4042062e-04
  -2.2553546e-02  -1.9328653e-02  -4.9037866e-01  -1.4251961e-03  -1.9427769e-03  -1.0312339e-03
  -9.0082160e-03   1.6788556e-01  -3.9803304e-01  -1.7378351e-03  -2.1053275e-03  -9.1911782e-04
  -1.4433938e-02   9.5096381e-02  -3.7615752e-01  -2.2988388e-03  -2.0359990e-03  -8.2204171e-04
  -3.8686581e-02  -8.1043696e-03  -4.3360897e-01  -2.2419322e-03  -1.7799747e-03  -1.0191988e-03
  -2.6830444e-02   5.1994629e-02  -4.4353331e-01  -2.4061478e-03  -2.0161636e-03  -9.4195342e-04
  -2.4479558e-02   8.0317910e-02  -4.2071625e-01  -2.1989259e-03  -1.8876881e-03  -9.5838406e-04
  -1.9248286e-02   6.8151245e-02  -4.4606504e-01  -2.0542966e-03  -1.9804579e-03  -9.9099482e-04
  -2.1600861e-03   5.2592013e-02  -4.6871440e-01  -1.0926407e-03  -2.2618049e-03  -9.4875031e-04
   3.7970394e-03  -1.5299703e-02  -4.7317225e-01  -1.3928153e-03  -2.3941540e-03  -8.5348654e-04
   2.7336510e-02   7.3256661e-02  -4.0097298e-01  -1.3647877e-03  -2.6794432e-03  -6.3507523e-04
   9.6272499e-03  -8.8965414e-02  -3.7209724e-01  -2.0626594e-03  -2.4723675e-03  -8.8046494e-04
  -3.8262756e-02   9.7775877e-04  -4.4332701e-01  -2.7616654e-03  -1.8281866e-03  -1.2285729e-03
  -2.8928962e-02   7.5220542e-02  -4.2191036e-01  -2.3718506e-03  -1.9224873e-03  -1.1179638e-03
  -2.8350327e-02   1.4214337e-01  -4.1185019e-01  -2.0660910e-03  -1.9348360e-03  -1.1751263e-03
  -2.1760860e-02   1.9897725e-01  -4.1815461e-01  -2.7235916e-03  -1.9291235e-03  -1.4022480e-03
  -2.2416128e-02   1.2518318e-01  -5.6027646e-01  -1.5069174e-03  -1.7194101e-03  -1.0532672e-03
  -1.1138421e-02   1.5044757e-01  -7.8572077e-01   1.1931538e-03  -4.6090378e-04   1.0097923e-04
  -2.9654027e-03  -3.1361945e-02  -5.9628511e-01   4.4066384e-04  -1.0331077e-03  -3.3631860e-04
   7.6472717e-03  -1.0773420e-02  -4.9737821e-01  -5.7088355e-04  -1.4295320e-03  -3.6207689e-05
   7.9562663e-03  -2.7414623e-02  -4.7415941e-01  -8.2002110e-04  -1.4439550e-03  -2.6566073e-04
   1.5591554e-02  -4.4214069e-03  -5.4265832e-01  -6.7893447e-04  -1.5937447e-03  -3.1303535e-04
   1.8883133e-02   2.3051083e-02  -5.3850247e-01  -4.9458530e-05  -1.5355547e-03  -4.2391357e-04
