   0.0000000e+00   0.0000000e+00   0.0000000e+00   0.0000000e+00   0.0000000e+00   0.0000000e+00
   3.0344596e-02  -1.2409496e-01  -2.5485752e-03   4.8726999e-04  -3.2039050e-04   2.0090240e-04
  -1.0261443e-02  -5.5799434e-02  -1.6117703e-02  -6.3638898e-05   5.2683804e-05  -8.4471607e-05
   3.8131251e-02  -7.0418406e-02  -3.5822485e-02   4.0102700e-04  -7.5445422e-04   7.8334690e-05
   1.0033260e-03  -9.8877566e-02   1.2512853e-02   2.7261548e-04  -2.6913234e-04  -5.5064373e-05
   4.6805754e-02  -2.0887464e-01  -3.3855664e-02   1.2493106e-03  -8.6327545e-04   8.3903302e-05
   5.0778495e-02   2.6085032e-02   2.4867851e-03  -8.0987420e-04  -8.9449869e-04   2.9258599e-04
   5.6409207e-02  -1.9783504e-01  -2.6352906e-02   3.7123236e-04  -9.0228648e-04   3.2038961e-04
   6.1271748e-02  -2.4314613e-02  -1.9866672e-02  -1.2556178e-03  -8.6166700e-04   4.5368501e-04
   8.4924877e-02  -1.4847912e-01   1.0659702e-02  -1.2305266e-03  -1.1244073e-03   4.4724948e-04
   1.2378889e-01  -7.4257203e-02   2.0873252e-03  -7.6711825e-04  -1.8975170e-03   3.2188363e-04
   1.1853853e-01  -8.3153574e-03   3.9141704e-02  -1.7328008e-03  -1.7344426e-03   4.4908405e-04
   1.2438229e-01  -1.0870888e-01   1.0384871e-02  -1.2663963e-03  -1.7278190e-03   6.7481704e-04
   8.4692721e-02  -5.5088623e-02  -2.5792359e-02  -1.3884533e-03  -1.3387865e-03   2.8451250e-04
   1.0230025e-01  -9.4608626e-02  -4.6878004e-03   7.3333393e-05  -1.5741703e-03   3.1284303e-04
   8.9928721e-02  -9.1538379e-02   2.1131452e-02  -6.4055394e-04  -1.2368655e-03   4.5564774e-04
   1.0459560e-01  -2.3065528e-01   1.2170957e-02  -7.7547444e-04  -1.3847958e-03   6.9145869e-04
   1.1312228e-01  -1.1770564e-01   1.5832827e-02  -7.0853612e-04  -1.5047780e-03   5.9458362e-04
   1.2369605e-01  -5.3371783e-02   2.8833526e-02  -3.9540481e-04  -1.7099668e-03   6.1910029e-04
   1.1993531e-01  -8.5708310e-03   2.8191040e-02  -1.9456148e-03  -1.6057598e-03   8.5779425e-04
   1.2122334e-01  -9.1111612e-02   3.0482654e-02  -9.6651512e-04  -1.5486541e-03   7.7596522e-04
   1.2106943e-01  -8.6626026e-02   1.2724023e-02  -9.9926685e-04  -1.7428334e-03   7.6729303e-04
   1.3189612e-01  -8.4352585e-02   3.1136918e-02  -7.6338954e-04  -1.8331516e-03   9.4664817e-04
   1.1722613e-01  -1.9510754e-01   1.4594871e-02  -4.4371944e-04  -1.4750893e-03   8.7819738e-04
   8.9342307e-02  -2.9091790e-01  -9.9817938e-02   1.5082825e-03  -1.1874688e-03   3.9404314e-04
   3.9705687e-02  -2.9134034e-01  -3.4774477e-02   9.6155883e-04  -4.1231908e-04   3.4989095e-04
   4.4098053e-02  -3.7038141e-02  -3.4487667e-02  -3.8412569e-04  -3.8967951e-04   6.4339745e-04
   5.2739157e-02  -2.0072452e-01  -5.9594678e-02   1.3253602e-03  -6.0927372e-04   5.2126393e-04
   6.4841249e-02  -1.0648994e-01  -2.0506687e-02   1.8571357e-04  -7.2434012e-04   7.1823387e-04
   5.5482479e-02  -1.2404445e-01  -2.2501999e-02  -4.8107138e-04  -5.2799239e-04   8.0695619e-04
   8.1669367e-02  -1.9848932e-01  -2.1675354e-02   2.3476793e-04  -9.7092616e-04   6.8602525e-04
   8.5436759e-02  -6.2436743e-02  -9.0572005e-03  -8.3335006e-04  -1.0086751e-03   7.5401594e-04
   9.2579666e-02  -1.9564652e-01  -1.2162593e-02   5.6039647e-04  -1.2614772e-03   5.3141399e-04
   9.8235898e-02  -7.4309743e-02  -1.2706451e-02  -2.1024270e-04  -1.4993746e-03   3.4177650e-04
   8.5887444e-02  -1.4800563e-01   5.4535405e-03  -1.0759728e-04  -1.2030512e-03   4.0918074e-04
   7.7053035e-02  -9.8951066e-02   2.9725802e-03  -1.2918156e-03  -9.7591250e-04   6.0976573e-04
   8.7139932e-02  -1.0468348e-01  -2.5122635e-02  -5.9311563e-04  -1.2590611e-03   6.2471125e-04
   1.1605336e-01  -1.7676354e-01   2.1397794e-02   5.3843698e-05  -1.5859235e-03   7.6335467e-04
   1.3865943e-01   1.8848901e-02   1.9445605e-02  -2.1663733e-03  -1.8573794e-03   8.5447943e-04
   9.3972164e-02  -1.7700237e-01  -2.7954596e-02  -1.1746428e-03  -1.2512396e-03   6.2887086e-04
   6.2221643e-02  -2.7927117e-01  -1.7750185e-01   1.9848661e-03  -1.2427565e-03  -4.9187641e-04
   8.2002581e-02  -3.1289154e-01  -6.4043024e-02   1.2241735e-03  -1.2570130e-03  -7.8968468e-05
   9.1997156e-02  -2.0680427e-01  -9.3397504e-02   8.2878506e-04  -1.3184578e-03   2.8467475e-04
   1.0969174e-01  -1.9202077e-01  -3.8904569e-02   4.4612725e-04  -1.6047779e-03   3.4797781e-04
   1.2155270e-01  -1.6097970e-01  -3.4095931e-02   1.0787472e-04  -1.7524199e-03   4.5512476e-04
   1.1476483e-01  -3.0815578e-02  -1.1517595e-02  -8.4621876e-04  -1.6683192e-03   3.3740204e-04
   1.0998160e-01  -7.6104213e-02  -4.9859254e-03  -9.3847645e-04  -1.5631449e-03   5.6060552e-04
   1.0141787e-01  -7.9614847e-02   6.9096581e-04  -1.3449457e-03  -1.3937092e-03   6.4819538e-04
   1.0828378e-01  -1.1021852e-01  -3.6857036e-02  -4.1312585e-05  -1.6117615e-03   5.3853781e-04
   1.0252091e-01  -3.9297410e-02  -2.1508480e-02  -8.6577547e-04  -1.4355065e-03   7.1730969e-04
   8.8861092e-02  -5.9413458e-02   7.4840541e-03  -2.2790025e-03  -1.1612821e-03   6.3819830e-04
   1.2664985e-01  -7.5993814e-02  -1.2616479e-03  -1.5669345e-03  -1.7782535e-03   7.9039336e-04
   9.0522791e-02  -6.5197779e-02   1.9638075e-03  -1.2093415e-03  -1.4603265e-03   3.1581918e-04
   1.1977397e-01  -7.2524061e-02   1.8390471e-02  -1.5903249e-03  -1.7652724e-03   5.8299557e-04
   1.0650062e-01  -6.2315834e-02   4.2744310e-03  -1.1755494e-03  -1.4562035e-03   9.2438352e-04
   1.1497497e-01  -1.2016800e-01   3.4992537e-03  -1.1238038e-03  -1.5738470e-03   9.0734548e-04
   1.3174421e-01  -1.4546826e-01  -9.9409561e-03  -8.4298246e-04  -1.7698836e-03   9.5110464e-04
   1.2389790e-01  -1.2773644e-01  -5.3035637e-02   5.6751054e-04  -1.7239224e-03   8.2655039e-04
   1.4348491e-01   1.1211260e-02  -3.9734548e-02  -6.7016395e-04  -1.9226008e-03   1.0584473e-03
   1.4884284e-01  -1.1614074e-01  -3.0358775e-02  -2.1728820e-04  -1.9488159e-03   1.1303202e-03
   1.5144169e-01  -1.4473631e-02  -9.9226707e-03  -2.2719984e-04  -1.8561890e-03   1.2718635e-03
   1.3614684e-01   4.5982118e-02  -2.5987338e-02  -1.0351383e-03  -1.8825602e-03   1.1960144e-03
   1.4905406e-01  -9.8913746e-02   3.1754551e-02  -1.8186368e-03  -2.2096143e-03   6.4897688e-04
   1.7273030e-01  -9.9419099e-02  -4.4070460e-02  -5.2305446e-05  -3.0234978e-03   3.0476121e-04
   1.3286536e-01  -1.4184531e-01  -3.5921463e-02  -3.6755244e-05  -2.2631348e-03   6.0742629e-04
   1.1071047e-01  -1.5497408e-01  -6.7869485e-02   4.9557905e-04  -1.9613873e-03   2.8578938e-04
   1.2495061e-01  -1.2655690e-01  -8.4312452e-02   1.4528424e-03  -2.0669967e-03   5.5132793e-04
   1.1290697e-01  -1.9602699e-02  -4.9029365e-02   6.7413187e-04  -1.9667989e-03   3.9646652e-04
   1.0879269e-01  -1.2984520e-01  -6.2328001e-02   1.4101317e-04  -1.9084670e-03   1.7713434e-04
   1.1549359e-01  -1.9752082e-01  -6.7704139e-02   5.9401183e-04  -2.2206391e-03  -8.2454034e-05
   1.1755260e-01  -7.6018260e-02  -6.3476800e-02  -4.0811598e-05  -2.1227367e-03   1.0623582e-04
   1.2953161e-01  -1.4187579e-01  -6.5130691e-02   4.2837497e-04  -2.1783205e-03   3.4784102e-04
   9.6128392e-02  -1.4566857e-01  -8.1913012e-02  -2.6465758e-04  -1.7861918e-03  -2.4263827e-05
   6.3243302e-02  -1.2435323e-01  -5.5255207e-02  -3.4129557e-04  -1.5202544e-03  -1.1171527e-03
   8.2300079e-02  -1.7930112e-01  -9.7950409e-02   1.6018703e-03  -1.6659733e-03  -7.7118636e-04
   9.9852101e-02  -1.9178209e-01  -1.1777671e-01   3.7843124e-04  -1.8788491e-03  -5.6544115e-04
   1.0778684e-01  -1.8871248e-01  -1.1728963e-01   1.2848722e-03  -1.8573921e-03  -2.3621106e-04
   1.2796268e-01  -1.7753097e-01  -1.0711268e-01   1.9072685e-03  -2.1343523e-03  -5.8975546e-06
   1.3402013e-01  -9.7556340e-02  -7.1226324e-02  -4.4610752e-05  -1.9400931e-03   4.8012797e-04
   1.1633359e-01  -1.7874110e-01  -6.3023628e-02  -1.0561128e-05  -1.7024381e-03   4.2861746e-04
   1.2777886e-01  -9.0572053e-02  -6.4879880e-03  -1.3711598e-03  -1.7591248e-03   3.9976853e-04
   1.5321171e-01  -1.1686931e-01  -4.7462106e-02  -6.2552313e-05  -2.2240134e-03   3.1686786e-04
   1.6094156e-01   9.2562272e-04  -4.0122998e-02  -8.1853081e-04  -2.2513720e-03   6.8336087e-04
   1.6206884e-01  -8.6272351e-02  -1.3853346e-02  -1.5346165e-03  -2.2135702e-03   7.0606944e-04
   1.6816968e-01  -5.7945656e-02  -6.1350557e-03  -1.4318497e-03  -2.3839286e-03   5.6519928e-04
   1.6590755e-01  -6.7361225e-02  -3.1874154e-02  -7.5906200e-04  -2.5215928e-03   3.8531496e-04
   1.6939559e-01   3.7264432e-02  -1.9200917e-02  -1.5991810e-03  -2.5550759e-03   5.5445432e-04
   1.6896712e-01  -2.2201052e-02  -2.4533845e-02  -1.4237248e-03  -2.6179661e-03   5.9831739e-04
   1.9007172e-01  -1.1321704e-01  -3.9678515e-02  -2.5535142e-04  -3.1092749e-03   3.3779758e-04
   1.8929574e-01  -7.6110432e-02  -6.0885425e-02   1.0011361e-04  -3.1174621e-03   4.4528147e-04
   1.6785723e-01  -5.9681555e-03  -2.4234771e-02  -8.9533033e-04  -2.9224755e-03   2.0709185e-04
   1.6797566e-01  -6.2998937e-02  -1.8692918e-02  -1.7931636e-03  -2.7557617e-03   4.3408967e-04
   1.9064189e-01  -1.0608756e-01  -2.9134136e-02  -8.6118517e-05  -3.1384512e-03   6.2057062e-04
   2.1436873e-01  -1.6446056e-01  -2.8994015e-02   3.5967262e-04  -3.4565207e-03   7.2549861e-04
   2.1547957e-01   1.5322434e-02  -3.6944099e-02  -1.2510308e-03  -3.3974157e-03   6.1765141e-04
   1.9442299e-01  -2.3381690e-02   3.5415732e-02  -1.9586505e-03  -3.1495017e-03   6.9330482e-04
   2.1603586e-01  -9.1121684e-02  -1.9208482e-02  -4.8091778e-04  -3.5690858e-03   3.3066233e-04
   2.0097729e-01   5.4640012e-04   5.7161490e-03  -1.0952688e-03  -3.2608540e-03   6.7214899e-04
   2.2078244e-01  -1.2742662e-01  -2.0766763e-02  -1.1261771e-03  -3.4038094e-03   6.8426102e-04
   2.0514741e-01  -6.9093354e-02  -4.5242101e-02  -3.4423710e-04  -3.3263452e-03   3.9088038e-04
   2.1733284e-01  -3.1077542e-02   1.1697279e-02  -1.3568385e-03  -3.5884082e-03   5.3454201e-04
   2.0975849e-01  -4.2191243e-02   8.7650349e-04  -1.7795985e-03  -3.3165529e-03   8.3988448e-04
   1.7982707e-01  -1.4868162e-02  -4.6809335e-02  -1.1418101e-03  -3.0433979e-03   5.8547665e-04
   2.1560304e-01  -1.6548252e-01  -1.0820901e-01  -1.2004639e-04  -3.6377448e-03   6.6268761e-04
   2.0425799e-01   1.1869060e-02  -8.7985351e-02  -1.1176390e-04  -3.5087333e-03   2.6937341e-04
   1.9234175e-01  -1.0040538e-01  -8.6464487e-02   1.0538770e-03  -3.5214519e-03   1.0674500e-04
   1.8258033e-01  -1.1801354e-01  -5.4749800e-02   5.5545288e-04  -3.4298997e-03   2.2363014e-04
   1.7288323e-01  -1.6392656e-01  -4.4567438e-02  -3.2809736e-04  -3.2357452e-03   2.4531134e-04
   1.8287737e-01  -1.9559612e-01  -3.4819144e-02  -1.9546614e-04  -3.4366772e-03   7.9794152e-05
   1.8938894e-01  -1.6125917e-01  -4.1658961e-02   5.3950327e-04  -3.4305223e-03   2.2742816e-04
   1.9688191e-01  -1.7372732e-03  -6.8440788e-02  -8.0797990e-04  -3.4249042e-03   6.3908253e-04
   1.8386354e-01  -8.1278311e-02  -5.3182506e-02  -3.9467659e-04  -3.2109539e-03   6.5468064e-04
   2.4627506e-01  -4.3624968e-01   1.2861560e-01  -5.5444289e-04  -4.5157433e-03   7.7618137e-04
   2.3669060e-01   2.9640699e-02  -8.3135207e-02  -9.8792491e-04  -4.4601949e-03   2.8463807e-04
   2.5559909e-01   2.4411692e-01   1.7499899e-02  -1.9045433e-03  -5.1302697e-03   4.1971750e-04
   2.3039639e-01  -1.2570930e-01   9.9009502e-03  -1.7819734e-03  -4.5532514e-03   5.6219904e-04
   2.3793261e-01  -3.7104003e-02  -3.1519264e-02   2.0334912e-04  -4.6275670e-03   4.6954358e-04
   2.3744569e-01  -1.0043951e-01  -5.0509037e-03  -5.0688005e-04  -4.4989486e-03   3.9626790e-04
   2.0556544e-01  -5.0150989e-02  -4.7865672e-02   3.5643142e-04  -4.1368216e-03   6.4497391e-05
   2.2500585e-01  -2.2410112e-02   3.4755272e-02  -1.4798305e-03  -4.3240281e-03   4.3617598e-04
   2.1689996e-01  -4.1033053e-01  -1.2851870e-01   1.9937505e-03  -4.3110284e-03  -1.2251245e-04
   1.2461550e-01  -3.5190331e-01  -1.9460467e-01   2.8030438e-03  -3.2601884e-03  -6.7299380e-04
   1.3449334e-01  -2.3799794e-01  -1.4505980e-01   2.1520717e-03  -3.3216739e-03  -5.7044462e-04
   1.4319617e-01  -1.6162216e-01  -1.3506667e-01   8.9443142e-04  -3.5105663e-03  -4.8390244e-04
   1.5038719e-01  -2.6243225e-01  -1.7989647e-01   3.1357869e-03  -3.6610359e-03  -6.6105832e-04
   1.3989241e-01  -1.5347412e-01  -1.4148062e-01   2.1329874e-03  -3.4242435e-03  -8.7494371e-04
   1.5516438e-01  -3.2444126e-01  -1.7766929e-01   2.3727178e-03  -3.6630186e-03  -7.9204557e-04
   1.3619408e-01  -2.3746461e-01  -1.5434897e-01   2.4102412e-03  -3.5522496e-03  -1.0640308e-03
   1.6691649e-01  -2.3910768e-01  -1.8444954e-01   2.5946696e-03  -4.0280525e-03  -8.0138757e-04
   1.7700111e-01  -1.0876040e-01  -1.5556272e-01   1.3290362e-03  -4.1174268e-03  -6.1312333e-04
   1.4875335e-01  -1.6881330e-01  -1.7427902e-01   9.9414956e-04  -3.7847818e-03  -7.7904634e-04
   1.5187079e-01  -1.9150748e-01  -1.2840371e-01   2.2020322e-03  -3.7977018e-03  -8.7434750e-04
   1.4882988e-01  -2.3311459e-01  -1.7431754e-01   2.5951642e-03  -3.7595550e-03  -7.5948975e-04
   1.5724673e-01  -2.0124402e-01  -1.5993620e-01   2.2232584e-03  -3.8349056e-03  -6.4740643e-04
   1.6570422e-01  -9.4621016e-02  -1.4764512e-01   1.7881241e-03  -4.0287826e-03  -7.1663596e-04
   1.5519927e-01  -1.7416533e-01  -1.5813592e-01   9.9491818e-04  -3.8018896e-03  -5.3560281e-04
   1.8201443e-01  -2.5416406e-01  -1.8274301e-01   2.6853552e-03  -4.3271874e-03  -6.8942546e-04
   1.8409735e-01  -1.1111334e-01  -1.7196252e-01   1.9831345e-03  -4.2935991e-03  -5.2826501e-04
   1.9121818e-01  -1.3388344e-01  -1.5367981e-01   1.4549787e-03  -4.3163101e-03  -4.8373255e-04
   1.7645121e-01  -1.5693628e-01  -1.7255635e-01   1.6967368e-03  -4.0847384e-03  -3.9106942e-04
   1.6379506e-01  -1.0559568e-01  -1.7746482e-01   1.3757613e-03  -4.0024635e-03  -4.2919933e-04
   1.6654803e-01  -1.2087432e-01  -1.5912264e-01   2.6232805e-03  -4.0384011e-03  -4.3901887e-04
   1.6067698e-01  -1.1704087e-01  -1.8943461e-01   1.7717839e-03  -3.9235479e-03  -2.9839684e-04
   1.6319458e-01  -2.0429324e-01  -1.6201122e-01   1.9026825e-03  -4.0290713e-03  -3.9824071e-04
   1.4603747e-01  -2.1105167e-01  -2.0759115e-01   2.5066197e-03  -3.8270226e-03  -5.9842746e-04
   1.3420306e-01  -1.1801351e-01  -1.6245873e-01   2.5003387e-03  -3.6365299e-03  -5.4000916e-04
   1.3236475e-01  -1.4683905e-01  -1.8344741e-01   1.7523869e-03  -3.5172649e-03  -2.4037872e-04
   1.2317148e-01  -1.3653291e-01  -2.0522128e-01   2.7084372e-03  -3.3095766e-03  -3.6140480e-04
  -1.0304284e-01  -1.8555416e-01  -7.3995171e-01  -7.0587414e-04   8.8125650e-04  -4.9600256e-04
  -5.0316061e-02  -1.4480676e-01  -6.0273214e-01  -1.4075458e-03  -2.9449103e-04  -6.3015475e-04
  -4.3462138e-02  -1.9384624e-01  -5.4869376e-01  -5.8659835e-04  -4.5415423e-04  -3.5264017e-04
  -3.7820442e-02  -1.2666271e-01  -5.5984556e-01  -5.8088269e-05  -7.6727282e-04  -3.8560793e-04
   1.0709631e-02  -1.8695969e-01  -5.3486902e-01  -2.0573841e-04  -1.3752787e-03   8.0238236e-05
  -6.9017747e-04  -2.4578941e-01  -4.7193292e-01   4.9440812e-04  -1.0440991e-03   1.1598742e-04
   2.7473694e-03  -1.3358459e-01  -4.5798320e-01  -9.9049414e-04  -1.0762036e-03  -3.0187319e-05
   3.7971887e-02  -3.1021170e-01  -5.0764942e-01   4.1390626e-04  -1.7932560e-03  -5.6276447e-04
   2.7119839e-03  -7.1264899e-02  -4.8052876e-01  -1.0116646e-03  -1.3145455e-03  -5.2193255e-04
   1.5204118e-02  -2.2091405e-01  -5.4502166e-01   1.1384573e-03  -1.5603300e-03  -6.5053496e-04
   6.2655083e-03  -6.6824747e-02  -5.1895406e-01   6.9491881e-04  -1.4247224e-03  -5.9766758e-04
   7.3621212e-03  -1.5786763e-01  -5.2838152e-01   5.0719957e-04  -1.4684360e-03  -7.2134093e-04
   1.5629820e-02  -1.7901399e-01  -4.8063227e-01  -1.2590557e-04  -1.5246223e-03  -5.6026246e-04
   2.5318491e-02  -2.1922605e-01  -5.1350624e-01  -6.9089190e-06  -1.6135612e-03  -5.5495462e-04
   3.9837471e-02  -2.0272161e-01  -5.0716981e-01  -3.9410238e-04  -1.8259781e-03  -5.1311570e-04
  -6.2451354e-02  -2.1598615e-01  -2.4148812e-01  -1.6290472e-03  -9.6742871e-05  -1.3142820e-03
   2.5261612e-02  -2.7721998e-01  -4.9637024e-01  -2.1120585e-04  -1.6923995e-03  -1.6779615e-03
   4.7082957e-02   2.6339715e-02  -4.8653343e-01  -8.1649779e-04  -2.0934025e-03  -1.5071806e-03
   7.6252962e-03  -2.8876243e-01  -5.1936737e-01   1.7418495e-03  -1.5134826e-03  -1.7142818e-03
  -1.3076204e-02  -1.2978374e-01  -4.9724096e-01  -5.6145809e-05  -1.1489001e-03  -1.6756053e-03
  -7.9027973e-03  -1.9654406e-01  -4.8545724e-01   5.8334145e-04  -1.2235925e-03  -1.9139677e-03
  -1.1383628e-02  -3.8128686e-01  -5.0546404e-01   1.4194783e-03  -1.2732548e-03  -2.1684214e-03
  -1.8625223e-02  -2.7025452e-01  -5.2712142e-01   1.1164863e-03  -1.3770794e-03  -2.3289410e-03
  -6.0615366e-03  -3.5907297e-01  -5.3846725e-01   1.6991440e-03  -1.4468799e-03  -2.0006319e-03
  -2.4442763e-03  -2.3475702e-01  -5.2959669e-01   7.8627905e-04  -1.5669166e-03  -1.8862718e-03
   1.5864363e-02  -2.5302379e-01  -5.3411771e-01   1.3109870e-03  -1.8468532e-03  -1.9715137e-03
   2.3196896e-02  -2.9785218e-01  -4.7682237e-01   1.3697266e-03  -1.9606897e-03  -1.9160658e-03
   5.7746631e-02  -2.2901031e-01  -5.2332920e-01   1.0861978e-04  -2.5083657e-03  -1.8683405e-03
   4.8374460e-02  -3.0910638e-01  -5.5850199e-01   1.8004195e-03  -2.3639498e-03  -1.8086842e-03
   2.8161329e-02  -1.4690139e-01  -5.3898498e-01   8.9212714e-04  -2.1685984e-03  -1.7586242e-03
  -4.1364836e-04  -3.2201073e-01  -5.8388805e-01   2.9194825e-03  -1.9415565e-03  -2.6431580e-03
   4.9965885e-02  -3.4655728e-01  -5.2282223e-01   1.2748796e-03  -2.4719523e-03  -1.9823995e-03
   2.5067172e-02  -2.6188198e-01  -5.3492579e-01   1.4506052e-03  -2.0871806e-03  -1.8678852e-03
   6.2458844e-02  -3.3192142e-01  -5.5853209e-01   1.5156200e-03  -2.4411342e-03  -1.7113943e-03
   4.1109620e-02  -1.4193981e-01  -5.5968252e-01   1.8355028e-03  -2.4880851e-03  -2.3112387e-03
   4.7618036e-02  -5.0737223e-01  -5.2543349e-01   2.0464801e-03  -2.2064485e-03  -1.6282506e-03
   5.5920594e-02  -2.7371608e-01  -5.4080246e-01   2.5628633e-03  -2.3071001e-03  -1.4098551e-03
   6.8923238e-02  -2.5848949e-01  -4.9823973e-01   1.0527987e-03  -2.4214390e-03  -1.6438147e-03
   8.1924543e-02  -2.8271392e-01  -5.0907609e-01   2.1021088e-03  -2.7642693e-03  -1.8268655e-03
   6.2403919e-02  -1.5417344e-01  -5.0300416e-01   7.0276525e-04  -2.4821534e-03  -1.6150201e-03
   5.9440696e-02  -3.1345497e-01  -5.3414208e-01   2.1454816e-03  -2.5407820e-03  -2.0155661e-03
   6.1179701e-02  -2.8362687e-01  -5.2795700e-01   1.5142429e-03  -2.6157474e-03  -1.9560277e-03
   5.8490674e-02  -2.1530715e-01  -5.1241133e-01   1.2903261e-03  -2.7025840e-03  -1.8987146e-03
   5.7461818e-02  -1.3566127e-01  -5.3567091e-01   8.1646300e-04  -2.7277204e-03  -1.7465613e-03
   6.2364409e-02  -1.5514927e-01  -5.0430838e-01   1.3049362e-03  -2.7500392e-03  -1.8282895e-03
   3.7108167e-02  -2.3749282e-01  -5.2086366e-01   1.3263801e-03  -2.3393114e-03  -1.7897855e-03
   5.4253243e-02  -3.0353081e-01  -5.2959977e-01   1.9679345e-03  -2.6065036e-03  -1.9893405e-03
   8.5371596e-02  -3.7005230e-01  -2.8479466e-01   4.0211273e-03  -3.7901155e-03  -2.3171413e-03
   6.9686907e-02  -1.7242735e-01  -4.4719351e-01   2.2183149e-03  -3.0812735e-03  -2.2508567e-03
   9.1283607e-02  -1.8536417e-01  -4.4356551e-01   1.9043088e-03  -3.3116649e-03  -1.9036427e-03
   9.1632651e-02  -6.8589200e-02  -4.2844614e-01   1.2936329e-03  -3.3362106e-03  -1.6281741e-03
   1.0579802e-01  -2.4726296e-01  -4.5369233e-01   1.9962253e-03  -3.6168440e-03  -1.8534901e-03
   1.1425879e-01  -1.5089589e-01  -4.2576461e-01   2.0042729e-04  -3.6232236e-03  -1.6919273e-03
   9.4074736e-02  -1.1447804e-01  -4.1548457e-01   2.5332734e-04  -3.3793118e-03  -1.7337173e-03
   9.3483288e-02  -2.1401233e-01  -4.2754834e-01   1.3757155e-03  -3.4906189e-03  -1.8670767e-03
   9.1588438e-02  -7.7420808e-02  -4.2172116e-01   6.5384496e-04  -3.4790607e-03  -1.6263460e-03
   1.1236637e-01  -1.7120326e-01  -4.0598544e-01   1.0317408e-03  -3.6988861e-03  -1.6503064e-03
   1.0219336e-01  -1.7822401e-01  -4.0894150e-01   5.3966041e-04  -3.5371352e-03  -1.6048929e-03
   9.7884399e-02  -1.3410196e-01  -4.0075351e-01  -5.4342958e-04  -3.4266083e-03  -1.4821294e-03
   9.0333463e-02  -1.2421221e-01  -4.1320148e-01  -8.1032066e-05  -3.3584023e-03  -1.6192720e-03
   1.3550170e-01  -1.5053774e-01  -4.1698822e-01   1.9636798e-03  -3.8805746e-03  -1.4287354e-03
   1.3031982e-01  -2.1348814e-01  -4.4840327e-01   1.2278257e-03  -3.6979205e-03  -1.3143623e-03
   1.4613691e-01  -2.5197672e-01  -4.5014484e-01   1.9518839e-03  -3.9049835e-03  -1.3350352e-03
   1.3745376e-01  -1.7987584e-01  -4.3803287e-01   1.4661484e-03  -3.8803799e-03  -1.3369932e-03
   9.7856791e-02  -8.1666971e-04  -4.1424029e-01  -5.7635891e-04  -3.4748436e-03  -1.4973463e-03
   1.1737260e-01  -2.0953000e-01  -4.2809295e-01   1.1289518e-03  -3.6626815e-03  -1.5664949e-03
   1.1649055e-01  -1.5257996e-01  -4.4076766e-01   1.3641769e-03  -3.8015547e-03  -1.8409478e-03
   9.7494564e-02  -9.6690104e-02  -4.2304552e-01   1.0636730e-03  -3.5526233e-03  -1.7767555e-03
   9.6576297e-02  -2.0470837e-01  -4.0972328e-01  -4.8785294e-06  -3.4943260e-03  -1.9309548e-03
   7.7002093e-02  -1.4462857e-01  -4.2485630e-01  -1.3301996e-04  -3.2334184e-03  -1.8237659e-03
   1.0918243e-01  -1.9112735e-01  -4.5072560e-01   1.2863518e-03  -3.8164601e-03  -1.8459461e-03
   1.2580564e-01  -4.1249504e-02  -4.2814971e-01   8.1165461e-04  -3.9946448e-03  -1.5795852e-03
   1.0868210e-01  -2.4026610e-01  -4.9715031e-01   2.1525368e-03  -3.7403964e-03  -1.8636218e-03
   8.0091595e-02  -2.5084995e-01  -4.4308031e-01   1.3343889e-03  -3.2812987e-03  -2.0970761e-03
   6.6968712e-02  -4.1432533e-01  -4.9930824e-01   2.2083120e-03  -2.9240438e-03  -2.1752391e-03
   6.6411583e-02  -5.2113195e-01  -6.5937069e-01   5.3356852e-03  -3.4225171e-03  -3.0648842e-03
   5.3109436e-02  -3.9825125e-01  -5.6380227e-01   3.4794628e-03  -3.0794261e-03  -2.8501154e-03
   4.5040466e-02  -3.3592013e-01  -5.7740636e-01   4.0103673e-03  -3.2596847e-03  -3.0099358e-03
   4.5507864e-02  -2.8433682e-01  -5.6758999e-01   3.6952206e-03  -3.2435970e-03  -2.9169668e-03
   4.9109663e-02  -3.5345750e-01  -5.5506180e-01   3.4333540e-03  -3.2535280e-03  -3.0868039e-03
   4.8839268e-02  -2.6495505e-01  -5.3989948e-01   2.4140840e-03  -3.3288449e-03  -3.0329285e-03
   4.9817478e-02  -2.8300041e-01  -5.6712216e-01   2.8330179e-03  -3.4146837e-03  -3.1586171e-03
   6.3900856e-02  -2.5865245e-01  -4.9417967e-01   2.5937109e-03  -3.5109131e-03  -2.5754220e-03
   1.2198977e-01  -2.9174334e-01  -4.9953867e-01   2.0650811e-03  -4.3956119e-03  -2.2781318e-03
   1.0258745e-01  -1.4460756e-01  -5.0539196e-01   1.1434376e-03  -3.9964594e-03  -2.2991762e-03
   8.4013501e-02  -1.9841447e-01  -5.3191115e-01   1.9892722e-03  -3.6629428e-03  -2.3282801e-03
   9.3699330e-02  -2.7011289e-01  -5.2653201e-01   2.4314157e-03  -3.9143084e-03  -2.4499717e-03
   7.8914539e-02  -2.4244856e-01  -5.2906843e-01   2.0325069e-03  -3.6586424e-03  -2.3418508e-03
   9.6664027e-02  -2.8000524e-01  -5.4631478e-01   2.1437572e-03  -3.9110798e-03  -2.4272924e-03
   4.0200553e-02  -3.4852220e-01  -6.2638843e-01   3.5978999e-03  -3.3224313e-03  -2.8719533e-03
   6.9343994e-02  -3.4999735e-01  -5.5579890e-01   2.7365537e-03  -3.6693741e-03  -2.4587704e-03
   4.4438266e-02  -1.9046831e-01  -5.1690234e-01   1.0274793e-03  -3.3225054e-03  -2.2822643e-03
   5.0057818e-02  -2.3767774e-01  -5.6815098e-01   2.8049279e-03  -3.4741360e-03  -2.3487593e-03
   6.7277254e-02  -2.6580303e-01  -5.2132094e-01   2.2005580e-03  -3.5652797e-03  -2.2139197e-03
   3.1232778e-02  -1.8635132e-01  -5.3263308e-01   1.9116862e-03  -3.2648077e-03  -2.3942667e-03
   4.8774759e-03  -1.8147482e-01  -5.5714900e-01   1.5243134e-03  -2.9169033e-03  -2.7589913e-03
   8.9910601e-03  -4.9234391e-01  -3.8840947e-01   2.5623489e-03  -3.0179172e-03  -1.8070366e-03
   9.2934707e-02  -2.2857499e-01  -4.9524414e-01   5.0474483e-04  -3.7443516e-03  -1.8475754e-03
   6.5007926e-02   4.8930469e-02  -4.6053659e-01   6.0987609e-05  -3.5719351e-03  -1.8537904e-03
   3.5299492e-02  -1.4278919e-01  -4.4619396e-01  -4.2319807e-04  -3.1360323e-03  -1.8347446e-03
   5.9793069e-02  -2.0175685e-01  -4.6350359e-01   8.4150626e-04  -3.4372156e-03  -1.8586427e-03
   3.9811811e-02  -8.1156646e-02  -4.5318361e-01  -1.5215042e-06  -3.2017945e-03  -1.7880179e-03
   3.3462416e-02  -1.5003438e-01  -4.3428435e-01   2.0298126e-04  -3.1623204e-03  -1.8190428e-03
   1.7703166e-02  -1.9691237e-01  -4.1974720e-01   4.1770077e-04  -3.0226922e-03  -2.0835423e-03
   3.6267069e-02  -1.3582371e-01  -4.4345414e-01  -4.1749359e-05  -3.3134797e-03  -2.1171978e-03
   4.5400724e-02  -1.8351578e-01  -4.3957131e-01   1.6795159e-04  -3.4505442e-03  -2.0736404e-03
   5.4552296e-02  -2.3209061e-02  -4.3815827e-01   4.4865395e-04  -3.8003850e-03  -2.0476596e-03
   3.2713876e-02  -1.1244291e-01  -4.5739298e-01   6.4830650e-04  -3.4778447e-03  -2.2296084e-03
   5.5010227e-02  -2.1676225e-01  -4.7021210e-01   7.3550802e-04  -3.7246363e-03  -2.1006703e-03
   1.4711541e-02  -2.2695621e-01  -5.3018111e-01   2.0770499e-03  -3.2106772e-03  -2.6417360e-03
   2.3623338e-02  -4.0480608e-01  -5.0723466e-01   1.0268045e-03  -3.1906903e-03  -2.5524013e-03
   3.1594294e-02  -3.0084500e-01  -5.3014570e-01   1.9220936e-03  -3.3557532e-03  -2.5385889e-03
  -6.1725012e-03  -1.6751732e-01  -5.6684167e-01   1.9724876e-03  -3.0136598e-03  -2.8747778e-03
  -9.3293873e-03  -1.9958863e-01  -5.2454583e-01   2.6363191e-03  -3.1313934e-03  -3.0574571e-03
  -1.8057022e-02  -2.9654444e-01  -5.0702725e-01   1.9150996e-03  -3.0093082e-03  -2.9688832e-03
   1.7606348e-02  -2.1774007e-01  -5.1526358e-01   1.3725217e-03  -3.4546528e-03  -2.9522369e-03
   1.4972197e-02   3.8059094e-02  -5.3063139e-01   2.0309089e-03  -3.4852879e-03  -2.7539754e-03
   3.0055977e-02  -2.9506817e-01  -5.4793300e-01   2.1625648e-03  -3.6120128e-03  -2.7385891e-03
   1.1440156e-02  -1.0576455e-01  -5.1598502e-01   1.2024550e-03  -3.3757348e-03  -2.8509091e-03
  -4.3122539e-02  -2.6058155e-01  -6.3280059e-01   2.6381018e-03  -2.4489489e-03  -3.4511545e-03
  -4.7961334e-02  -3.5226449e-01  -5.8682199e-01   3.4256833e-03  -2.2356784e-03  -3.9497848e-03
  -3.9817099e-02  -4.9154303e-01  -6.1108349e-01   3.5117179e-03  -2.3750431e-03  -3.8589927e-03
  -2.5969983e-02  -1.8074066e-01  -5.8831271e-01   2.2011457e-03  -2.6813702e-03  -3.6021780e-03
  -1.8811218e-02  -3.4217913e-01  -6.2293680e-01   3.6598271e-03  -2.6136790e-03  -3.4221206e-03
  -3.5404886e-02  -4.0762778e-01  -5.9299235e-01   2.0733346e-03  -2.4681672e-03  -3.8788894e-03
  -7.4008043e-02  -1.8240198e-01  -6.2806284e-01   3.5387466e-03  -2.0810399e-03  -3.9767417e-03
  -2.1956729e-02  -2.6519179e-01  -6.3340387e-01   3.3632778e-03  -2.7911060e-03  -3.4135526e-03
  -3.6102619e-02  -1.2357225e-01  -5.7187368e-01   1.2756858e-03  -2.7071201e-03  -3.7913836e-03
  -3.0007289e-02  -2.7051445e-01  -5.8405810e-01   2.8222014e-03  -2.8116893e-03  -3.8347661e-03
  -2.9293896e-02  -2.9397765e-01  -5.6930773e-01   1.6448208e-03  -2.7873208e-03  -3.8196508e-03
  -4.9512390e-02  -2.3456161e-01  -5.5319166e-01   1.7576563e-03  -2.5324785e-03  -3.8452867e-03
  -5.1193575e-02  -2.8188703e-01  -5.8129654e-01   1.6064882e-03  -2.5233092e-03  -4.0256110e-03
  -7.0132379e-02  -2.0865237e-01  -5.8768062e-01   2.2297045e-03  -2.2640056e-03  -4.2240187e-03
  -4.6332524e-02  -2.3578082e-01  -5.6133760e-01   3.0738755e-03  -2.6872601e-03  -4.0081047e-03
  -5.9125098e-02  -2.0557962e-01  -5.8346739e-01   1.6001239e-03  -2.4814570e-03  -4.0448864e-03
  -3.9618410e-02  -2.7174432e-01  -6.0522843e-01   2.1676490e-03  -2.6619968e-03  -4.0696985e-03
  -3.0652981e-02  -3.2007186e-01  -5.7961116e-01   3.1945564e-03  -2.7764588e-03  -4.1355546e-03
  -2.9490337e-02  -4.4926255e-01  -5.7026552e-01   2.7946890e-03  -2.6416725e-03  -3.9490709e-03
  -3.5732523e-02  -1.6715712e-01  -6.0453303e-01   2.3369409e-03  -2.6910748e-03  -3.8694608e-03
  -2.1886504e-02  -3.1654908e-01  -5.7307225e-01   2.3029112e-03  -3.0211575e-03  -3.9177530e-03
  -6.1804262e-03  -3.3101553e-01  -5.8956690e-01   2.8519023e-03  -3.2407737e-03  -3.8653090e-03
  -2.1744088e-02  -1.5255796e-01  -5.5762896e-01   2.3723602e-03  -3.1966745e-03  -3.9363636e-03
  -1.4517780e-02  -2.2477428e-01  -5.4847579e-01   1.4029991e-03  -3.1895581e-03  -3.7258799e-03
  -1.4231794e-02  -1.9754206e-01  -5.8718748e-01   1.4897866e-03  -3.2599303e-03  -3.7628084e-03
   2.8429647e-02  -2.7274069e-01  -5.5434539e-01   2.8193551e-03  -3.7141077e-03  -3.5502459e-03
   1.5052841e-02  -2.0159579e-01  -5.3087675e-01   1.1368503e-03  -3.4752076e-03  -3.5037798e-03
   1.4566076e-03  -1.9656314e-01  -5.5863686e-01   9.8825492e-04  -3.3683453e-03  -3.6611156e-03
   1.0713944e-02  -2.4319607e-01  -8.8314443e-03   5.2196459e-04  -3.9387511e-03  -3.9476731e-03
   1.9242642e-02  -1.4907131e-01  -3.5597594e-01   2.1340228e-03  -4.1889031e-03  -4.2819612e-03
   1.0786255e-02  -2.0261199e-01  -5.4742383e-01   2.9171603e-03  -4.2630310e-03  -4.4396670e-03
   2.1041502e-02  -2.1282503e-01  -5.0663121e-01   3.7278542e-03  -4.3840756e-03  -4.3064623e-03
   1.2372329e-03  -2.3393988e-01  -5.0632526e-01   3.0417508e-03  -4.1597698e-03  -4.3364316e-03
   7.0152319e-02  -3.9993701e-01  -5.6135349e-01   4.0046313e-03  -5.2652616e-03  -4.4227796e-03
   6.0662330e-02  -2.5407803e-01  -4.9028597e-01   3.7087409e-03  -4.9696980e-03  -4.1260621e-03
   6.1242313e-02  -2.4385408e-01  -4.6644502e-01   2.9602113e-03  -4.9924336e-03  -4.1324907e-03
   2.3813926e-02  -1.8525045e-01  -4.8566738e-01   1.7171807e-03  -4.5529156e-03  -4.2427132e-03
   4.0331868e-02  -2.7028720e-01  -4.6649846e-01   2.0855974e-03  -4.7194661e-03  -4.2290795e-03
   3.7088739e-02  -3.6552376e-01  -5.1805441e-01   3.7704042e-03  -4.7080697e-03  -4.3034557e-03
   1.9251035e-02  -1.4081494e-01  -4.9907800e-01   2.3324958e-03  -4.5514861e-03  -4.2645177e-03
   1.9014079e-02  -3.1197168e-01  -5.1658483e-01   3.0986300e-03  -4.4161628e-03  -4.4425538e-03
   2.8530873e-02  -3.7167257e-01  -5.3145100e-01   3.8450481e-03  -4.6052970e-03  -4.4540259e-03
   6.8201366e-03  -1.8492475e-01  -5.0023809e-01   3.1543427e-03  -4.4269573e-03  -4.3991826e-03
   6.1566333e-03  -3.2811740e-01  -4.9885122e-01   2.7561045e-03  -4.3790333e-03  -4.5733405e-03
   1.3054562e-02  -2.7076126e-01  -5.0902841e-01   2.8062541e-03  -4.5793375e-03  -4.6100405e-03
   1.3564602e-02  -2.9611735e-01  -5.2138610e-01   3.5973103e-03  -4.6019163e-03  -4.5467203e-03
   1.2219984e-02  -3.0245017e-01  -4.9847000e-01   3.8761827e-03  -4.5717002e-03  -4.3864126e-03
  -6.0936817e-04  -2.7472075e-01  -5.0428699e-01   2.3134730e-03  -4.3510510e-03  -4.6017349e-03
   1.6179594e-02  -2.9517564e-01  -5.1894457e-01   3.1314414e-03  -4.5266039e-03  -4.5248066e-03
   2.3555583e-02  -2.5746640e-01  -4.9417769e-01   3.7135555e-03  -4.6581420e-03  -4.3666698e-03
  -1.9166611e-03  -2.3151513e-01  -4.9451817e-01   2.1262764e-03  -4.3020926e-03  -4.7425869e-03
   1.0093041e-03  -2.5710355e-01  -5.0125482e-01   3.1032494e-03  -4.4972973e-03  -4.8851861e-03
  -8.3763989e-03  -3.0171811e-01  -4.6021939e-01   2.6370714e-03  -4.2268496e-03  -4.5493535e-03
   6.5211647e-02  -6.6530153e-01  -4.7557579e-01   2.7689648e-03  -4.8057164e-03  -4.2176970e-03
   4.4205792e-02  -2.5273797e-01  -6.3428590e-01   3.2011557e-03  -4.4807697e-03  -4.5312029e-03
   5.1303151e-02  -1.4963052e-01  -5.3841389e-01   1.6881910e-03  -4.6589723e-03  -4.0379012e-03
   5.5251435e-02  -2.8928020e-01  -5.1703766e-01   2.3492192e-03  -4.7674319e-03  -4.1665148e-03
   4.0043345e-02  -2.7330093e-01  -5.3386532e-01   2.7589820e-03  -4.7760961e-03  -4.5550088e-03
   2.3566549e-03  -3.2571995e-01  -4.4155378e-01   2.2298848e-03  -4.2812341e-03  -4.5976499e-03
   3.7412647e-02  -2.9938314e-01  -4.9102529e-01   2.3859999e-03  -4.5770658e-03  -4.5548727e-03
   2.5342332e-02  -4.6802054e-01  -4.7499421e-01   3.3056416e-03  -4.7019222e-03  -4.6216495e-03
   2.3438355e-02  -2.8693967e-01  -5.0397696e-01   3.4202316e-03  -4.7772616e-03  -4.5246309e-03
   3.4953528e-02  -2.0625361e-01  -4.8276144e-01   2.6642204e-03  -4.8755739e-03  -4.5419152e-03
   3.2463967e-02  -2.9377847e-01  -4.6477980e-01   2.7885292e-03  -4.7021149e-03  -4.5832846e-03
   2.2861658e-02  -2.4831498e-01  -4.6231202e-01   1.9429986e-03  -4.5593473e-03  -4.5087955e-03
   3.0478449e-02  -2.3088092e-01  -5.0976928e-01   2.3626422e-03  -4.6836428e-03  -4.4837362e-03
   3.7025019e-02  -1.7378664e-01  -4.7436943e-01   3.1554315e-03  -4.8944123e-03  -4.4785461e-03
   1.8051469e-02  -2.4329981e-01  -5.1546697e-01   2.7540949e-03  -4.6211234e-03  -4.6172236e-03
   3.3773012e-02  -2.7716769e-01  -4.9412981e-01   2.6100722e-03  -4.7394735e-03  -4.5824217e-03
   1.6708273e-02  -2.4700871e-01  -4.7932944e-01   2.3022510e-03  -4.5807934e-03  -4.5923017e-03
   2.6122737e-02  -1.9637588e-01  -5.0849351e-01   2.0060632e-03  -4.7089218e-03  -4.4045939e-03
   3.6394735e-02  -2.0072480e-01  -4.7723876e-01   2.7492439e-03  -4.8545181e-03  -4.3363013e-03
   3.1179200e-03  -2.6830643e-01  -4.7777585e-01   2.4808052e-03  -4.3824001e-03  -4.3633745e-03
   8.0566797e-03  -2.1105071e-01  -5.2929277e-01   2.9573074e-03  -4.5085027e-03  -4.4221079e-03
