   0.0000000e+00   0.0000000e+00   0.0000000e+00   0.0000000e+00   0.0000000e+00   0.0000000e+00
   2.4833098e-02   2.1436510e-02  -1.4712521e-01   8.1180699e-04  -3.8196953e-04  -6.9174088e-04
   6.6966226e-03  -3.4988460e-02   3.1640321e-02   1.2803313e-04  -1.3549882e-04  -5.6257909e-04
   1.1663671e-02  -4.2690627e-02  -1.8931672e-01   1.5437674e-03  -3.9067610e-04  -1.0574881e-03
   1.3631778e-02  -2.7027389e-02  -4.8573361e-02   1.3014227e-03  -6.1693968e-04  -1.3033145e-03
  -9.1593015e-03  -8.3689772e-02  -1.6088475e-01   1.7668215e-03  -2.8121539e-04  -1.4950569e-03
  -7.9301739e-03   2.7850042e-02  -4.2172398e-03   2.3801680e-03  -6.3047897e-04  -1.8843118e-03
  -3.3366258e-03   3.1683249e-03  -8.4599462e-02   1.6427814e-03  -3.4681007e-04  -1.7356030e-03
  -2.3714914e-02   1.1456148e-02   5.7155751e-02   8.9263122e-04  -1.4332440e-04  -1.6849341e-03
   1.8123079e-02  -1.3004101e-01  -1.5540490e-01   2.4729441e-03  -1.0017673e-03  -1.1884027e-03
   5.2096408e-03   9.1426168e-02  -7.5954365e-02   1.9965154e-03  -7.0022417e-04  -9.7185861e-04
  -1.5078763e-02  -1.3623682e-01  -1.8157391e-02   2.9362549e-03  -1.9666092e-04  -1.1168606e-03
  -1.4284949e-02   1.1905308e-02  -1.2735672e-01   2.6209095e-03  -5.0578306e-04  -1.6925090e-03
  -1.1036508e-02   3.3702699e-02  -2.9293350e-02   2.0114520e-03  -6.6324070e-04  -1.5414322e-03
  -2.3856549e-03  -7.9702920e-02  -1.3166901e-01   3.1775271e-03  -1.0383709e-03  -1.7282747e-03
  -1.7799256e-02  -7.2817944e-02  -5.3946229e-02   3.2012768e-03  -4.1938650e-04  -1.7546473e-03
  -1.5543698e-02  -6.2725619e-02  -6.0221494e-02   3.5094721e-03  -8.4168651e-04  -2.0720017e-03
  -7.6503060e-04  -9.9238935e-02  -6.1311425e-02   4.1620526e-03  -9.5819245e-04  -1.8961441e-03
   1.7854971e-02  -1.1078999e-02  -4.4264441e-02   4.9932478e-03  -1.5590622e-03  -1.1178326e-03
   1.9330581e-02  -1.6999812e-01  -7.4070334e-02   5.8158626e-03  -1.4277446e-03  -8.9035973e-04
   2.2049282e-02  -2.3159202e-02  -4.6488998e-02   5.6462541e-03  -1.1395723e-03  -8.7156394e-04
  -7.3731766e-05  -2.7017148e-02  -6.2172605e-02   5.7891907e-03  -8.3796564e-04  -1.5108074e-03
   6.6120018e-03  -1.0832715e-01  -1.7817239e-02   5.6670501e-03  -1.1158425e-03  -1.4452099e-03
   5.0216883e-03  -9.7128276e-02  -5.8111261e-02   6.0693549e-03  -1.3880825e-03  -1.7567847e-03
   1.4932036e-02  -1.8665331e-01  -4.9127185e-02   7.5280054e-03  -1.5906635e-03  -1.7715265e-03
   2.0218280e-04  -6.7660432e-02   1.6364959e-02   7.0829443e-03  -1.3375104e-03  -2.1449552e-03
   9.9389106e-03  -7.0219941e-02  -6.2048607e-02   7.7424023e-03  -1.5807115e-03  -2.2396057e-03
   6.4116749e-03  -8.7923512e-02   4.6924147e-02   6.7839864e-03  -1.4961233e-03  -2.1781833e-03
   1.7880934e-02  -1.5033249e-01  -8.3622809e-02   8.5755867e-03  -2.2934609e-03  -2.7904776e-03
  -5.5211208e-03  -1.1161419e-01   6.2934765e-02   8.1773847e-03  -1.7701290e-03  -2.7141532e-03
  -6.0890343e-03  -1.4915336e-01   1.7072566e-02   9.4672294e-03  -1.9068946e-03  -2.9888560e-03
   3.6790007e-03  -1.4382316e-01   1.8946664e-02   9.4853021e-03  -1.8378265e-03  -3.0487620e-03
   4.8456565e-04  -1.0823369e-01   8.0159898e-02   8.3716845e-03  -1.7395678e-03  -3.1933460e-03
   1.1423277e-02  -1.4956914e-01  -5.0233696e-04   9.5115508e-03  -2.0490209e-03  -3.2779481e-03
   8.8334852e-03  -1.3711124e-01   5.2524139e-02   8.8674037e-03  -1.8444576e-03  -3.5286449e-03
  -1.6499402e-02  -9.9675359e-02   6.3962147e-02   9.6449871e-03  -1.4659213e-03  -3.8863647e-03
  -1.7375508e-02  -1.6281839e-01   1.3176040e-02   1.0026758e-02  -1.6513213e-03  -4.1466832e-03
  -2.2050386e-02  -1.5074654e-01   1.1592666e-01   9.5725992e-03  -1.4500227e-03  -4.4458453e-03
  -2.3088918e-02  -1.9174374e-01  -2.3520969e-02   1.0579745e-02  -1.8115063e-03  -4.7771549e-03
  -2.1016072e-02  -7.3880603e-02   3.1838826e-02   1.0233886e-02  -1.7792967e-03  -4.9185596e-03
  -4.4624594e-02  -1.0940906e-01   6.5369785e-02   1.0465860e-02  -1.4309076e-03  -5.1120636e-03
  -3.6016249e-02  -1.7148016e-01   3.8798220e-02   1.0316224e-02  -1.9009113e-03  -5.2331236e-03
  -2.9699888e-02  -1.2121895e-01   1.6004810e-02   1.0476805e-02  -2.0823436e-03  -5.5256904e-03
  -3.2348845e-02  -1.1334502e-01   6.1892057e-02   9.8868750e-03  -2.1701701e-03  -5.6045206e-03
  -1.4289468e-02  -1.4149576e-01   8.7115291e-02   9.7295695e-03  -2.6113786e-03  -5.6386292e-03
  -2.4947102e-02  -1.4445214e-01   3.7857269e-03   1.0098754e-02  -2.3812084e-03  -5.8918087e-03
  -4.2241945e-02  -1.5703495e-01   1.5902407e-01   1.0580539e-02  -1.7367984e-03  -5.7998861e-03
  -4.7516680e-02  -2.1219417e-01   6.0945418e-02   1.0838899e-02  -1.4602163e-03  -5.7764930e-03
  -3.4038740e-02  -1.0815722e-01   1.4535132e-01   1.0287097e-02  -1.5553389e-03  -5.5479301e-03
  -4.9996169e-02  -7.6747301e-02   1.3758843e-01   1.0237250e-02  -1.7109206e-03  -5.8664690e-03
  -2.6877070e-02  -1.1007316e-01   1.0803578e-01   1.0098419e-02  -2.0425361e-03  -5.6327445e-03
  -4.2752433e-02  -9.8601683e-02   1.5725659e-01   1.0542163e-02  -1.6752187e-03  -5.5294007e-03
  -4.5153044e-02  -1.0828671e-01   1.8104203e-01   1.1039413e-02  -1.8475503e-03  -5.9606475e-03
  -4.8500649e-02  -8.3366346e-02   1.5815089e-01   1.1186952e-02  -1.9357258e-03  -6.2872446e-03
  -5.0411422e-02  -1.9656123e-01   2.1666534e-01   1.1363977e-02  -2.1471304e-03  -6.3764678e-03
  -5.3936240e-02  -1.4718512e-01   1.1181074e-01   1.1932911e-02  -2.0693426e-03  -6.8663232e-03
  -4.9839449e-02  -8.3501967e-02   2.7260487e-01   1.0339153e-02  -2.1602053e-03  -6.5864980e-03
  -4.9919521e-02  -2.2586041e-01   1.1339231e-01   1.1191098e-02  -2.1196709e-03  -6.8871162e-03
  -5.3609350e-02  -9.8844243e-02   2.4881647e-01   1.1829759e-02  -2.1522755e-03  -6.9589177e-03
  -6.1405918e-02  -1.9540473e-01   1.6032602e-01   1.1585010e-02  -2.3902548e-03  -7.3930106e-03
  -4.8959428e-02  -1.5951649e-01   2.8467853e-01   9.7075533e-03  -2.0633859e-03  -6.6369835e-03
  -5.8982655e-02  -1.0804170e-01   2.5288462e-01   1.1110824e-02  -2.2984407e-03  -6.9200284e-03
  -4.2914106e-02  -2.6680062e-01   2.3379157e-01   1.1830349e-02  -2.4617511e-03  -6.7903783e-03
  -8.2414634e-02  -3.2719960e-02   2.2693446e-01   1.0676658e-02  -1.7694362e-03  -7.2026699e-03
  -7.3947360e-02  -1.2870274e-01   3.0471195e-01   1.1526421e-02  -1.7809963e-03  -6.9048050e-03
  -7.3968369e-02  -1.4894851e-01   2.2303246e-01   1.1256964e-02  -2.0436904e-03  -7.2093005e-03
  -6.4515223e-02  -1.5576225e-01   2.7366983e-01   1.1026842e-02  -2.2683098e-03  -7.3000043e-03
  -7.0461841e-02  -1.2828279e-01   1.9625695e-01   1.1547407e-02  -2.3359234e-03  -7.4978946e-03
  -6.6017670e-03  -1.9339868e-01   1.7402617e-01   1.1642548e-02  -2.8808312e-03  -5.5538889e-03
  -7.1243520e-02  -9.8549369e-02   2.1870585e-01   8.9821327e-03  -1.3691949e-03  -5.2181427e-03
  -5.3076819e-02  -2.0034461e-01   2.6060423e-01   1.0550104e-02  -1.8962072e-03  -5.4508376e-03
  -5.4763375e-02  -9.7563815e-02   2.2370637e-01   1.0774348e-02  -2.2715845e-03  -5.8546236e-03
  -5.1785531e-02  -1.1376623e-01   2.9052797e-01   1.0395244e-02  -2.4587492e-03  -6.0007106e-03
  -6.2689381e-02  -6.0540775e-02   2.8507884e-01   1.0230682e-02  -2.1620179e-03  -6.5186439e-03
  -5.2794543e-02  -1.3555404e-01   3.0126583e-01   1.0295910e-02  -2.3130953e-03  -6.5341385e-03
  -5.3423794e-02  -1.6590082e-01   2.8017440e-01   1.0464948e-02  -2.4341180e-03  -6.8663523e-03
  -3.5470315e-02  -2.2841427e-01   2.1756170e-01   1.1427584e-02  -2.7946116e-03  -7.1161991e-03
  -9.4873081e-02  -4.8082669e-01  -2.4084110e-01   1.6144873e-02  -3.5043914e-03  -8.0125567e-03
   3.2202822e-02  -6.9275547e-01   4.7122255e-02   1.5410425e-02  -4.5322451e-03  -3.7294400e-03
  -2.1473085e-02  -4.4801345e-01   1.2033961e-01   1.5234304e-02  -2.6960339e-03  -4.1090941e-03
  -6.1712437e-02  -1.7308424e-01   3.2627284e-01   1.3252466e-02  -3.0295023e-03  -4.2678601e-03
  -7.4476577e-02  -2.9171602e-01   2.2853292e-01   1.4874763e-02  -2.8518585e-03  -5.1922826e-03
  -7.4256673e-02  -1.9159752e-01   3.5201445e-01   1.4469350e-02  -2.8720815e-03  -5.4492076e-03
  -4.4219539e-02  -2.8295730e-01   2.1381275e-01   1.5482685e-02  -3.3411993e-03  -5.9533040e-03
  -3.9656672e-02  -1.8693011e-01   3.4959180e-01   1.4941583e-02  -3.1841403e-03  -5.9804987e-03
  -4.7889799e-02  -2.7440607e-01   2.6211946e-01   1.5793409e-02  -3.0442619e-03  -6.2615273e-03
  -3.5604185e-02  -2.6792241e-01   3.0930427e-01   1.5579363e-02  -3.4290187e-03  -5.9990611e-03
  -3.5076331e-02  -2.7330127e-01   3.0579894e-01   1.5140959e-02  -3.8363723e-03  -6.1234066e-03
  -5.2666263e-02  -3.1419076e-01   2.3210078e-01   1.6054079e-02  -3.2534785e-03  -6.2536978e-03
  -4.1524124e-02  -1.7135954e-01   3.8707249e-01   1.5877288e-02  -3.1373287e-03  -5.8977735e-03
  -3.8838145e-02  -2.9923324e-01   2.6115703e-01   1.6185263e-02  -3.7961208e-03  -6.3847139e-03
  -2.4993373e-02  -2.0569381e-01   3.6511074e-01   1.5901402e-02  -3.8851690e-03  -6.2029793e-03
  -3.2697157e-02  -2.8489702e-01   3.0048790e-01   1.6306626e-02  -3.6284427e-03  -6.3723053e-03
  -2.1791352e-02  -2.4621058e-01   2.7763366e-01   1.6822400e-02  -3.8921008e-03  -6.1571509e-03
  -3.1127810e-02  -1.5559776e-01   3.7384338e-01   1.1738615e-02  -3.1662522e-03  -5.7184671e-03
  -4.7167658e-02   1.1736360e-01   3.1486933e-01  -1.1412033e-03  -2.0785000e-03  -4.4649151e-03
  -6.7713939e-02  -9.1434986e-03   4.3583168e-01   4.6876227e-03  -2.0201748e-03  -4.6559952e-03
  -7.3163704e-02   5.0519999e-04   3.4829253e-01   6.7651354e-03  -2.6585097e-03  -5.5493653e-03
  -6.7274851e-02  -1.6230330e-02   3.9320847e-01   5.8135832e-03  -2.1394845e-03  -5.2738400e-03
  -6.4561166e-02   7.3254233e-02   4.5578654e-01   3.6634448e-03  -2.2355148e-03  -5.1738855e-03
  -4.3426630e-02   3.4587446e-02   3.9205989e-01   1.3531252e-03  -2.0884650e-03  -4.5870175e-03
  -7.6833053e-02  -1.3524844e-01   4.5965739e-01   6.3282039e-03  -1.5084675e-03  -5.1523645e-03
  -8.1305173e-02  -1.4322619e-01   2.9181898e-01   8.1526204e-03  -1.6517884e-03  -5.2866040e-03
  -8.6803220e-02   1.1475790e-01   5.0620812e-01   7.7791500e-03  -1.5427916e-03  -5.0203924e-03
  -8.0984968e-02  -1.1153264e-01   3.6512496e-01   8.6521208e-03  -1.8859410e-03  -5.0891797e-03
  -8.4731673e-02   2.9017778e-02   5.0523190e-01   8.5576841e-03  -1.8123134e-03  -5.3568759e-03
  -9.2710631e-02  -4.9052521e-02   4.2449881e-01   9.0205353e-03  -1.8842590e-03  -5.7633970e-03
  -8.4135486e-02  -1.4961735e-02   4.7692319e-01   8.3209798e-03  -2.0848787e-03  -5.7256653e-03
  -9.0701062e-02  -1.2893663e-01   4.4519863e-01   8.7625447e-03  -2.2164371e-03  -6.1460142e-03
  -7.5410689e-02  -1.0588488e-01   4.1631989e-01   8.9711469e-03  -2.4611274e-03  -6.3168547e-03
  -7.8211278e-02  -2.2340838e-02   5.1915488e-01   8.5185576e-03  -2.2012453e-03  -6.1997427e-03
  -8.4557434e-02  -1.0474310e-01   4.0530131e-01   9.3846559e-03  -2.5526873e-03  -6.7707899e-03
  -7.3188684e-02  -1.4466017e-01   5.3324319e-01   9.8486612e-03  -2.5126902e-03  -6.4617677e-03
  -6.7137846e-02  -1.5546867e-01   3.4329217e-01   1.1101413e-02  -2.9968080e-03  -6.9536341e-03
  -6.6917598e-02  -8.9005140e-02   5.3617766e-01   1.0338011e-02  -2.9455649e-03  -6.5565829e-03
  -8.4077368e-02  -9.1942902e-02   4.8401896e-01   9.7867177e-03  -3.0693967e-03  -6.9233325e-03
  -7.9513927e-02  -5.1685816e-02   4.9415175e-01   1.0467261e-02  -3.2732494e-03  -7.1119213e-03
  -9.3074665e-02  -5.0774618e-02   6.1306104e-01   9.5304227e-03  -3.1292919e-03  -7.2234865e-03
  -7.9968714e-02  -3.2785764e-01   4.7919153e-01   1.0753540e-02  -3.4856291e-03  -6.9924340e-03
  -1.0937258e-01   9.0277120e-03   4.7910546e-01   1.0421330e-02  -2.9394917e-03  -6.7448847e-03
  -9.7289217e-02  -7.5260220e-02   5.7050362e-01   1.0680988e-02  -2.8023911e-03  -6.9629851e-03
  -1.4583621e-01  -5.3184328e-02   4.9790393e-01   1.0039497e-02  -2.9702975e-03  -7.2686139e-03
  -8.3650131e-02  -1.7559664e-01   5.4732650e-01   1.1225752e-02  -3.4383498e-03  -6.8710393e-03
  -7.6352482e-02  -1.1803900e-01   4.4683520e-01   1.1587140e-02  -3.8022384e-03  -7.3498090e-03
  -8.1642161e-02  -7.0736105e-02   5.7491209e-01   1.0134373e-02  -3.4457381e-03  -7.1356317e-03
  -9.5269911e-02  -1.7202787e-01   4.5213793e-01   1.1339221e-02  -3.6220085e-03  -7.4499028e-03
  -6.7158292e-02  -1.1040833e-01   5.8685468e-01   1.0884249e-02  -3.6819996e-03  -7.1534202e-03
  -6.4734926e-02  -1.6700773e-01   4.4932019e-01   1.2231633e-02  -3.8996749e-03  -7.3333534e-03
  -8.3707259e-02  -4.3004977e-01   7.6811872e-02   1.7875018e-02  -4.4102917e-03  -6.4091403e-03
   3.3990574e-02   5.0923761e-03   2.8052084e-01  -1.2084640e-02  -5.0185535e-03  -3.9497447e-03
  -1.2353699e-01   1.5677391e-01   3.1094792e-01  -5.6484220e-03  -2.4889298e-03  -4.8973906e-03
  -7.4162844e-02   2.9503426e-01   4.9230241e-01  -1.3231866e-03  -2.0358953e-03  -3.9762250e-03
  -4.8632469e-02   7.4613458e-02   3.6821730e-01   1.7906759e-03  -2.4403843e-03  -3.6337108e-03
  -4.8896053e-02   1.4774010e-01   5.4020738e-01   1.7374915e-03  -2.9379996e-03  -3.8950627e-03
  -4.4422594e-02  -2.2661332e-02   4.1835694e-01   3.5027505e-03  -3.4738622e-03  -4.6569779e-03
  -4.6671759e-02   1.1464639e-01   5.7445025e-01   2.7118122e-03  -3.3358475e-03  -4.7486698e-03
  -8.1546184e-02  -8.7696811e-03   4.4609757e-01   3.9734851e-03  -3.6620373e-03  -4.8798156e-03
  -4.0774805e-02   1.6952863e-01   5.5235374e-01   3.4171882e-03  -3.6728320e-03  -4.6808604e-03
  -5.4879086e-02   7.6342577e-02   4.3240779e-01   4.4904937e-03  -3.7981777e-03  -5.1521185e-03
  -5.0704702e-02   1.4891842e-02   5.2478981e-01   5.0305223e-03  -3.7049654e-03  -5.3247266e-03
  -9.8774254e-02   5.7332576e-02   4.4052153e-01   4.6571016e-03  -4.2837427e-03  -5.9333652e-03
  -1.0279811e-01   5.5180739e-02   5.1931482e-01   5.0021062e-03  -4.4758364e-03  -5.6512270e-03
  -3.0645354e-02   1.1089494e-01   5.5932251e-01   4.4186106e-03  -4.4975381e-03  -5.3163523e-03
  -9.9916125e-02  -4.0860819e-02   4.4968466e-01   5.6736031e-03  -4.4153251e-03  -6.0296016e-03
  -7.2883203e-02   9.5135311e-02   5.8334417e-01   4.8784175e-03  -4.0700945e-03  -6.0403095e-03
  -9.4055713e-02  -5.9986546e-02   4.2240717e-01   6.6280391e-03  -4.3790187e-03  -6.4931948e-03
  -7.8090043e-02   7.6056104e-02   5.9924470e-01   6.0334306e-03  -3.9783773e-03  -6.3497274e-03
  -7.5381674e-02   2.6964257e-02   4.4439553e-01   6.5145822e-03  -4.0857507e-03  -6.5620013e-03
  -7.2032040e-02   8.8568014e-03   5.8016308e-01   7.3337010e-03  -3.8634114e-03  -6.4032499e-03
  -7.8178878e-02  -2.9331421e-02   4.9836204e-01   6.9610071e-03  -3.8768197e-03  -6.7582707e-03
  -6.1744805e-02   4.1341066e-02   5.4824251e-01   6.7636885e-03  -3.9004992e-03  -6.5904051e-03
  -7.7747121e-02   4.2930294e-02   5.6393756e-01   6.7368178e-03  -3.7412607e-03  -7.0478167e-03
  -5.4758216e-02  -6.4442726e-02   4.8353724e-01   8.0626405e-03  -4.3104419e-03  -7.0708974e-03
  -6.4153875e-02   7.7526382e-02   5.8961299e-01   7.1417726e-03  -4.1787079e-03  -6.9810159e-03
  -6.4321107e-02  -4.6563232e-02   4.9727323e-01   7.3665979e-03  -4.4075775e-03  -7.4176681e-03
  -6.6569819e-02  -3.9778772e-02   5.1966274e-01   7.8219851e-03  -4.2465309e-03  -7.5282898e-03
  -8.0836290e-02  -4.9432761e-03   5.6661871e-01   7.4863894e-03  -4.2522817e-03  -7.8417724e-03
  -6.5837017e-02   1.0376351e-02   5.1445509e-01   8.0363671e-03  -4.3611909e-03  -7.7553451e-03
  -4.1754257e-02   7.4176214e-03   5.7969143e-01   8.0521224e-03  -4.9262323e-03  -7.2923954e-03
  -4.6466501e-02  -1.0166730e-02   5.1895940e-01   8.2046406e-03  -4.9079065e-03  -7.4589506e-03
  -6.1667779e-02   5.5594409e-02   5.4454572e-01   5.0615851e-03  -3.7450671e-03  -6.4120596e-03
  -6.2107681e-02   6.0017457e-02   6.0880317e-01   5.7472054e-03  -3.8983568e-03  -6.5081666e-03
  -4.6942290e-02  -9.5812558e-02   4.5250387e-01   7.9589390e-03  -4.1444073e-03  -6.7315950e-03
  -4.2241329e-02   1.2623981e-01   5.8817062e-01   7.1285598e-03  -4.5681742e-03  -6.8365416e-03
  -3.5407895e-02  -5.0027827e-02   4.6287351e-01   8.7424512e-03  -4.9215860e-03  -6.9253947e-03
  -4.3261312e-02   1.0009223e-02   5.6645108e-01   8.0808733e-03  -4.5560673e-03  -6.7058217e-03
  -2.5213005e-02   6.0109367e-02   5.6127680e-01   7.8596921e-03  -4.5164497e-03  -5.9660127e-03
  -2.4798669e-02   1.1081064e-01   4.3517516e-01   7.8313408e-03  -4.1059858e-03  -5.3183128e-03
  -8.1115675e-03  -3.7621990e-02   3.9871935e-01   9.3650498e-03  -4.5013374e-03  -5.3859206e-03
  -2.6205486e-02  -5.7102318e-02   3.8417181e-01   9.2803730e-03  -4.2678744e-03  -5.8679252e-03
  -1.0911854e-03  -6.0115938e-02   3.1137142e-01   1.0114141e-02  -4.8627369e-03  -6.0956913e-03
  -8.9854224e-03  -2.7521349e-02   4.0748831e-01   8.8958358e-03  -4.7045542e-03  -6.0359854e-03
  -1.8553503e-02  -1.1603635e-01   3.2619954e-01   9.5034927e-03  -4.8120627e-03  -6.3765610e-03
  -7.6109527e-03  -9.2762319e-02   3.3559450e-01   1.0292762e-02  -4.8715869e-03  -6.4438812e-03
  -1.4678520e-02  -1.0346703e-02   3.8165523e-01   9.6588335e-03  -4.7788915e-03  -6.6943798e-03
  -6.9430281e-03  -8.0863722e-02   3.0138138e-01   1.0486383e-02  -5.0962660e-03  -6.9447567e-03
  -1.1492551e-02   4.6379665e-03   4.1668189e-01   9.1610102e-03  -4.8528372e-03  -6.8825582e-03
  -9.6056049e-03  -1.4106751e-01   2.4157794e-01   1.0355566e-02  -5.0569204e-03  -6.8618491e-03
  -1.1725271e-02   2.5619790e-02   3.6518303e-01   9.6116371e-03  -4.9348874e-03  -6.8296834e-03
  -2.7131851e-02  -6.8853055e-02   3.4456431e-01   9.5584614e-03  -4.6139986e-03  -6.6664656e-03
  -2.2111270e-02  -1.6033002e-01   2.9282775e-01   1.0302291e-02  -4.7017461e-03  -6.6623013e-03
   8.5765582e-03  -2.1998228e-02   2.9321583e-01   8.6875267e-03  -5.2721068e-03  -5.3974495e-03
   8.2131437e-02  -9.8892805e-02   2.8710260e-01   6.9069985e-03  -5.8760180e-03  -2.9376028e-03
  -3.6584299e-04   1.3546128e-01   3.0755211e-01   7.2458044e-03  -4.1391411e-03  -5.0617567e-03
  -4.4636597e-02  -2.8940105e-02   5.7299618e-01   7.2719078e-03  -4.4253255e-03  -4.7120193e-03
  -3.0974572e-02  -1.3199817e-01   4.0945899e-01   9.3840774e-03  -4.8349299e-03  -5.0613281e-03
  -2.6070390e-02   7.4229777e-02   5.0273723e-01   8.8653577e-03  -4.5769294e-03  -5.1282099e-03
  -1.1695091e-02  -7.3268938e-02   4.0146928e-01   1.0136995e-02  -4.7687592e-03  -5.2451926e-03
  -7.5273916e-04  -2.1712440e-02   5.3666633e-01   9.9643740e-03  -5.0522173e-03  -5.3847035e-03
  -2.4397430e-02  -8.0932220e-02   4.6852815e-01   9.2951447e-03  -5.0217962e-03  -5.7818786e-03
   1.3757649e-03  -1.0867367e-01   4.5891690e-01   9.7865401e-03  -5.4842027e-03  -5.7509751e-03
  -1.2389986e-02  -8.5618916e-02   5.0601135e-01   9.3553708e-03  -5.4238680e-03  -6.1858937e-03
  -1.1851284e-02  -9.8142483e-02   4.0459929e-01   1.0812294e-02  -5.4841183e-03  -6.2793328e-03
  -1.7266341e-02  -7.1872954e-02   5.6111685e-01   9.9125750e-03  -5.3281803e-03  -6.6489864e-03
  -1.2609177e-02  -1.5680926e-01   3.5697028e-01   1.1512939e-02  -5.6794485e-03  -6.9678228e-03
  -2.0521445e-02   6.8858062e-04   5.2331325e-01   1.0187616e-02  -5.2309497e-03  -6.9079507e-03
  -1.3330644e-02  -1.0772349e-01   3.5911195e-01   1.1285183e-02  -5.6207066e-03  -6.6553822e-03
  -1.2810014e-02  -8.2016028e-02   4.7139480e-01   1.1455062e-02  -5.4117689e-03  -6.7074314e-03
  -9.5230394e-03  -1.2719603e-01   3.7687716e-01   1.2144415e-02  -5.9751801e-03  -6.9657305e-03
   4.2134650e-04  -1.6564397e-01   4.2786065e-01   1.1754155e-02  -5.9244444e-03  -7.1352851e-03
   3.7304330e-03   1.9703158e-02   4.4854716e-01   1.1420697e-02  -6.0107015e-03  -7.2757254e-03
   1.8401362e-02  -1.5900910e-01   3.9129287e-01   1.2480397e-02  -6.4492182e-03  -7.3018508e-03
   1.2812533e-02  -1.6224641e-01   4.3965316e-01   1.1871620e-02  -6.0795720e-03  -7.3807411e-03
   1.7498029e-02  -1.7760934e-01   3.4915671e-01   1.2671358e-02  -6.3159639e-03  -7.4278805e-03
   7.2191564e-03  -1.1438752e-01   4.8535164e-01   1.2838698e-02  -6.2629798e-03  -7.4612658e-03
   9.4056230e-03  -1.3840098e-01   3.8398372e-01   1.3098185e-02  -6.7823594e-03  -7.9713264e-03
   2.0615040e-02  -7.8129096e-02   4.1381186e-01   1.2932344e-02  -6.9118163e-03  -7.7573223e-03
   8.4399252e-03  -1.5492247e-01   4.4900135e-01   1.2338191e-02  -6.6562659e-03  -7.8935067e-03
   1.4741203e-02  -2.0785962e-01   3.8657551e-01   1.3119036e-02  -6.5089615e-03  -7.9736485e-03
   7.7149586e-03  -1.1367300e-01   5.0842660e-01   1.3052666e-02  -6.3881566e-03  -7.7844215e-03
   1.0882311e-02  -2.3712292e-01   4.1300669e-01   1.3639008e-02  -6.7556138e-03  -7.8399669e-03
  -1.4092951e-02  -3.8661659e-01   7.3598437e-01   1.1818962e-02  -6.0070685e-03  -7.0029291e-03
   6.4191238e-02  -2.8499257e-01   2.8190765e-01   1.5648908e-02  -6.7884698e-03  -5.3146248e-03
   3.9520851e-02   2.1678624e-01   4.0268972e-01   1.3626506e-02  -6.6659227e-03  -5.0629108e-03
   2.0621032e-02  -1.1715821e-01   4.9892137e-01   1.3930802e-02  -6.6199789e-03  -5.4188828e-03
   1.3105894e-02  -1.2018260e-01   4.7127109e-01   1.4013175e-02  -6.7045458e-03  -5.9317276e-03
   1.8950598e-02  -1.8084376e-01   4.4492553e-01   1.4954879e-02  -6.7114999e-03  -6.3994558e-03
   2.2070201e-02  -1.0026197e-01   4.2975121e-01   1.4753496e-02  -6.9730852e-03  -6.7800702e-03
   2.4331646e-02  -2.0038914e-01   4.8874561e-01   1.4305319e-02  -6.9329020e-03  -6.6443878e-03
   1.3404151e-02  -1.8593745e-01   5.2496189e-01   1.3894438e-02  -6.5746953e-03  -6.6464551e-03
   2.3274872e-02  -2.0343528e-01   4.2829857e-01   1.5149702e-02  -6.9310504e-03  -6.7181838e-03
   1.8522397e-02  -1.6872846e-01   5.3405510e-01   1.4225093e-02  -6.8496280e-03  -6.9821101e-03
   1.0355831e-02  -2.5161201e-01   3.9297012e-01   1.5335556e-02  -7.0133638e-03  -7.3398920e-03
   9.5093915e-03  -1.7893336e-01   5.3407254e-01   1.4723565e-02  -6.8955485e-03  -7.4917889e-03
   2.7354817e-03  -2.2389883e-01   4.2649408e-01   1.4995274e-02  -7.0900101e-03  -7.7621790e-03
   1.6108125e-02  -2.1113079e-01   4.4279281e-01   1.4990419e-02  -7.1691199e-03  -7.6970443e-03
   3.0936003e-04  -1.2096652e-01   4.5596813e-01   1.2676842e-02  -6.5164075e-03  -6.9592249e-03
   1.2311133e-02  -1.9559711e-01   4.1286778e-01   1.4736041e-02  -7.0683716e-03  -7.5520235e-03
  -1.2246478e-02  -1.1813184e-01   4.8063201e-01   1.3948269e-02  -6.6766672e-03  -8.0426414e-03
  -5.6866991e-03  -2.1846236e-01   3.7968940e-01   1.5369956e-02  -6.8603570e-03  -8.0856107e-03
  -1.8260654e-03  -1.4529401e-01   5.0125850e-01   1.4655898e-02  -6.6461202e-03  -8.0077518e-03
  -1.9735794e-03  -2.0421421e-01   3.8337477e-01   1.5084392e-02  -6.6808420e-03  -8.2794624e-03
   6.8423375e-03  -1.3217813e-01   4.9440332e-01   1.4188143e-02  -6.8100942e-03  -8.1135577e-03
   1.4526597e-02  -2.1156875e-01   3.8401195e-01   1.5009240e-02  -7.1723857e-03  -8.2039947e-03
   1.2520446e-02  -1.5080594e-01   4.0523166e-01   1.4686503e-02  -7.0355919e-03  -8.0942450e-03
   4.3942746e-03  -1.9477743e-01   4.6260584e-01   1.4521161e-02  -6.8078619e-03  -8.3300937e-03
   2.1666584e-02  -2.7365144e-01   3.5071012e-01   1.5252823e-02  -7.3451253e-03  -8.3212329e-03
   1.5386663e-02   8.9974464e-03   4.3675001e-01   1.0505881e-02  -6.3314309e-03  -7.7905160e-03
  -3.4569591e-02  -2.2016000e-02   3.3883360e-01   6.3035853e-03  -3.9817374e-03  -6.9268014e-03
  -1.3843536e-02  -1.3648431e-01   3.1629393e-01   9.8568349e-03  -4.9907429e-03  -7.0461082e-03
  -5.6825032e-02   3.1813965e-01   4.8735940e-01  -1.7305420e-02  -3.2481896e-03  -4.8678563e-03
  -3.2041631e-02   1.2693357e-01   1.8718236e-01  -2.4871184e-03  -4.2297043e-03  -4.7432342e-03
  -8.6908475e-03   1.1052339e-01   3.7362321e-01   1.2052317e-03  -4.8656322e-03  -5.2261235e-03
   6.3918574e-04  -3.5360753e-02   8.6390228e-02   3.6747146e-03  -4.8151663e-03  -5.4364677e-03
   7.3879162e-02  -7.3490553e-01  -8.1420125e-01   1.7916153e-02  -4.0754376e-03  -2.3428293e-03
   9.7589483e-02  -2.3688417e-01  -1.2234134e-02  -2.3400910e-05  -4.6786315e-03   5.1715498e-05
   3.9342554e-02  -2.0150593e-02   7.0751253e-02   3.5407456e-03  -3.4401371e-03  -7.7422658e-04
   6.0638733e-02  -1.6382093e-01   4.8350428e-02   7.1386463e-03  -4.1075451e-03  -1.2113618e-03
   4.1661535e-02   3.2311771e-02   7.2207879e-02   6.7787271e-03  -4.1920312e-03  -1.7327863e-03
   7.0252722e-02  -8.9386801e-02   8.7755333e-02   7.8364045e-03  -5.0266891e-03  -1.7740678e-03
   5.4234086e-02  -3.7710177e-02   1.3320292e-01   7.4111470e-03  -4.9569109e-03  -2.0545899e-03
   6.6119509e-02  -1.1855967e-01   6.7975660e-02   8.4714036e-03  -5.6519755e-03  -2.4392286e-03
   7.0341333e-02  -6.4059716e-02   1.5584542e-01   8.0146079e-03  -5.7499552e-03  -2.6577810e-03
   4.4135807e-02  -3.1728365e-02   1.0303560e-01   8.5226301e-03  -5.1713547e-03  -3.3099301e-03
   6.4371032e-02  -2.3206149e-01   1.4984128e-01   9.5346433e-03  -5.8202035e-03  -3.0223160e-03
   4.3350327e-02  -8.4427645e-02   1.1827720e-01   9.7966791e-03  -5.5256264e-03  -3.1882604e-03
   7.2249159e-02  -1.6670642e-01   1.1107467e-01   1.0199419e-02  -6.5236014e-03  -3.4585613e-03
   5.8204447e-02  -1.1490190e-01   1.7053046e-01   9.8075561e-03  -6.2834216e-03  -3.6200081e-03
   6.0052243e-02  -1.1063708e-01   9.8729767e-02   1.0497450e-02  -6.1433719e-03  -3.3840308e-03
   5.5976427e-02  -4.3770779e-02   1.6416209e-01   1.0597444e-02  -5.9200274e-03  -3.2367453e-03
   3.9688882e-02  -1.2106706e-01   1.9327839e-01   1.0400061e-02  -5.7146432e-03  -3.4081926e-03
   7.2381553e-02  -3.4910157e-01   1.1093900e-01   1.2767265e-02  -6.1523473e-03  -3.3310945e-03
   2.1419167e-02  -1.2165911e-01   6.8213417e-02   1.1615842e-02  -5.7479559e-03  -3.1500249e-03
   4.3318553e-02  -1.0672934e-01   2.1570427e-01   1.0419804e-02  -5.5521727e-03  -3.1610870e-03
   2.4764290e-02  -2.0618518e-01   1.4210216e-01   1.1247636e-02  -5.3077851e-03  -3.5953576e-03
   5.4437174e-02  -1.4662193e-01   2.1264849e-01   1.1522499e-02  -5.9253153e-03  -3.8209722e-03
   2.0343226e-04  -1.6137985e-01   1.6515581e-01   1.1099494e-02  -6.0088377e-03  -4.4947755e-03
   7.4869829e-02  -2.4549613e-01   1.4649655e-01   1.2133139e-02  -6.8436170e-03  -4.3198513e-03
   6.6141471e-02  -1.0562752e-01   2.2876709e-01   1.1009641e-02  -6.4338424e-03  -4.4269313e-03
   4.7984989e-02  -1.5112625e-01   1.1341845e-01   1.1538448e-02  -6.5149746e-03  -4.8107268e-03
   4.7917184e-02  -1.0289593e-01   1.8278954e-01   1.1290826e-02  -6.2010674e-03  -4.6823927e-03
   3.8233909e-02  -1.4526554e-01   1.8938209e-01   1.1397429e-02  -5.9622833e-03  -4.7265768e-03
   6.2003457e-02  -2.6621304e-01   7.1151968e-02   1.2810310e-02  -6.3766974e-03  -4.8922586e-03
   3.8589057e-02   4.7759454e-03   2.4397741e-01   1.0367712e-02  -5.9997466e-03  -4.8302156e-03
   4.3622846e-02  -1.4380394e-01   1.5522333e-01   1.1715989e-02  -6.0123204e-03  -4.2754585e-03
   5.5313047e-02  -1.9102781e-01   1.6662253e-01   1.2313227e-02  -6.2130338e-03  -4.4622129e-03
   4.1945910e-02  -1.1752009e-01   1.6504267e-01   1.2015155e-02  -6.2173853e-03  -4.6495270e-03
   5.0613920e-02  -1.3019918e-01   1.3162832e-01   1.2335770e-02  -6.4286875e-03  -4.8091625e-03
   3.4972267e-02  -1.2950225e-01   1.8147090e-01   1.2057470e-02  -5.8034026e-03  -4.7856721e-03
   4.1088665e-02  -1.9395154e-01   1.7440063e-01   1.2390742e-02  -6.0988829e-03  -4.8527952e-03
   6.3009803e-02  -2.1688926e-01   1.2729110e-01   1.3212596e-02  -6.6942189e-03  -4.9598056e-03
   4.2823288e-02  -6.5511287e-02   2.1751272e-01   1.1349223e-02  -6.2906798e-03  -4.9434199e-03
   4.1352288e-02  -1.3663957e-01   1.5861500e-01   1.2382485e-02  -6.4127411e-03  -5.0676020e-03
   5.6253081e-02  -2.0961486e-01   1.8269760e-01   1.2897538e-02  -6.5106964e-03  -5.0115083e-03
   2.5938719e-02  -1.5195570e-01   1.4584840e-01   1.2116559e-02  -6.0391721e-03  -5.2668426e-03
   4.1084982e-02  -1.4104565e-01   1.4043976e-01   1.2756161e-02  -6.5388620e-03  -5.1588410e-03
   4.0586858e-02  -1.5029225e-01   1.3337256e-01   1.2597012e-02  -6.3392864e-03  -5.3003388e-03
   2.5152465e-02  -1.3467634e-01   1.8361586e-01   1.2190613e-02  -6.2099681e-03  -5.5375231e-03
   3.2164512e-02  -2.1456299e-01   1.1087806e-01   1.2900937e-02  -6.1736163e-03  -5.5386416e-03
   1.9495733e-02  -1.3905850e-01   2.3195011e-01   1.1896151e-02  -5.6883833e-03  -5.5587141e-03
   2.4065097e-02  -2.1872974e-01   1.0010411e-01   1.3002776e-02  -5.9273199e-03  -5.4351798e-03
   3.8190014e-02  -1.8813626e-01   1.9786873e-01   1.3024083e-02  -6.3616867e-03  -5.3794429e-03
   8.4479340e-03  -1.4277369e-01   1.3241462e-01   1.2994410e-02  -6.1919099e-03  -5.8239419e-03
  -3.0589272e-02  -1.4633936e-01   2.0087499e-01   1.2084572e-02  -5.7604978e-03  -5.8859595e-03
   1.2893575e-02  -2.0193843e-01   1.8840319e-01   1.2609791e-02  -6.1208125e-03  -5.9791577e-03
   3.0771420e-02  -2.4903862e-01   1.1108478e-01   1.3635260e-02  -6.5116918e-03  -5.7365029e-03
   1.3839921e-02  -1.7271594e-01   1.9793089e-01   1.2475147e-02  -5.9320844e-03  -6.1134410e-03
   3.7474978e-03  -2.8227879e-01   1.3812539e-01   1.3345661e-02  -5.8517348e-03  -6.0832937e-03
   4.2905612e-02  -2.3935647e-01   1.6293299e-01   1.3345514e-02  -6.1062209e-03  -5.4975069e-03
   1.6284504e-02  -1.4678655e-01   1.4275276e-01   1.2998940e-02  -5.8782881e-03  -5.6593252e-03
   3.4635284e-02  -2.2206908e-01   1.7273733e-01   1.3651299e-02  -6.1163895e-03  -5.7269829e-03
   1.1567518e-02  -1.4944158e-01   2.1702759e-01   1.3209338e-02  -5.6204011e-03  -5.8312892e-03
   6.3029823e-03  -1.7852692e-01   1.3554405e-01   1.3801845e-02  -5.4921722e-03  -5.7682708e-03
   1.0891629e-02  -2.0433660e-01   2.2135411e-01   1.4090704e-02  -5.5048409e-03  -5.7759926e-03
   1.1279238e-02  -2.7110989e-01   1.4422406e-01   1.4698741e-02  -5.9593434e-03  -5.9916785e-03
   2.1615579e-02  -2.1889279e-01   1.3140612e-01   1.4921319e-02  -5.9391056e-03  -5.9548836e-03
   1.4619808e-02  -1.6165818e-01   2.1081497e-01   1.4362345e-02  -5.9575404e-03  -6.2356924e-03
   3.2195831e-02  -2.2005081e-01   1.0021397e-01   1.5239494e-02  -6.3243873e-03  -6.4141292e-03
   4.2832757e-02  -2.8638322e-01   1.7974086e-01   1.5088569e-02  -6.3655428e-03  -6.4083322e-03
   1.5322614e-02  -2.4371023e-01   1.9140454e-01   1.5109711e-02  -5.9481668e-03  -6.5766093e-03
   3.8836564e-02  -3.1764585e-01   9.9509626e-02   1.6026000e-02  -6.4478652e-03  -6.6957722e-03
   3.5184338e-02  -1.3710681e-01   1.7268623e-01   1.4985175e-02  -6.2397489e-03  -6.6245041e-03
   2.5686343e-02  -2.4207936e-01   9.2039069e-02   1.5266163e-02  -6.4531431e-03  -6.7722549e-03
   3.1755212e-02  -2.9277533e-01   9.4085161e-02   1.6106060e-02  -6.2179849e-03  -6.8671443e-03
  -4.0768715e-03  -2.0785284e-01   5.7912233e-02   1.5998241e-02  -5.6501845e-03  -7.2649092e-03
   2.4550381e-02  -3.2562207e-01   4.9549855e-02   1.6400960e-02  -6.0072276e-03  -7.1170754e-03
   2.0515144e-02  -2.6554861e-01   1.4974018e-01   1.5084277e-02  -5.9936152e-03  -7.3991722e-03
   2.7253370e-02  -3.3842776e-01  -4.5067950e-04   1.6806299e-02  -6.1311965e-03  -7.6677006e-03
   3.2232502e-02  -2.1395673e-01   1.0467123e-01   1.5923483e-02  -6.2137797e-03  -6.8525688e-03
   8.6446843e-02  -2.8731095e-01  -1.5176005e-01   1.4849457e-02  -5.9795605e-03  -4.9488232e-03
   5.7391719e-02  -4.0233944e-02   1.3478413e-01   1.2690321e-02  -5.3962922e-03  -4.6086181e-03
   4.7925739e-02  -1.6902886e-01   2.0080138e-01   1.3488959e-02  -5.1753818e-03  -4.1987134e-03
   4.0981758e-02  -2.3507853e-01   1.7406105e-01   1.4940505e-02  -5.5276877e-03  -4.6978200e-03
   3.4440802e-02  -1.5466935e-01   2.7057679e-01   1.4135019e-02  -5.6005706e-03  -4.7877078e-03
   3.0133622e-02  -1.7873286e-01   2.3062742e-01   1.4880422e-02  -5.6754188e-03  -5.2076261e-03
   4.8417630e-02  -2.5485467e-01   2.3531931e-01   1.5681960e-02  -5.9521222e-03  -5.1077797e-03
   4.0865531e-02  -2.1867578e-01   2.9838945e-01   1.5073795e-02  -5.9806769e-03  -5.3537224e-03
   5.3979720e-02  -2.5085733e-01   2.0651790e-01   1.5526436e-02  -6.0993297e-03  -5.6397789e-03
   6.8206570e-02  -1.5646366e-01   2.9932416e-01   1.5129730e-02  -6.4232183e-03  -5.4840157e-03
   5.1618064e-02  -2.4868010e-01   2.4872157e-01   1.4848324e-02  -6.3504388e-03  -5.9443507e-03
   7.5108771e-02  -2.8269436e-01   1.6705862e-01   1.5470873e-02  -6.6018287e-03  -5.8156638e-03
   6.5571011e-02  -1.3225848e-01   2.8544692e-01   1.4640467e-02  -6.5180711e-03  -5.8439526e-03
   5.3918344e-02  -1.9853186e-01   2.0160738e-01   1.4719539e-02  -6.4108553e-03  -5.7166274e-03
   5.5728182e-02  -2.4679160e-01   2.2923148e-01   1.5923758e-02  -6.3493273e-03  -5.9783925e-03
   3.3617445e-02  -2.1816939e-01   2.8244100e-01   1.5645117e-02  -6.1302992e-03  -6.0406791e-03
   6.0136711e-02  -2.7544829e-01   1.5862078e-01   1.6560504e-02  -6.7717019e-03  -6.1038331e-03
   5.9823007e-02  -1.9615144e-01   2.8783618e-01   1.5753246e-02  -6.5486335e-03  -6.1822544e-03
   4.9853604e-02  -2.3218089e-01   2.6477812e-01   1.5679880e-02  -6.6235017e-03  -6.2420309e-03
   5.9851816e-02  -2.7200597e-01   1.9814823e-01   1.6700024e-02  -6.9562458e-03  -6.4866842e-03
   6.0391626e-02  -2.5708958e-01   3.0131115e-01   1.5167674e-02  -6.9008538e-03  -5.9802543e-03
   5.4466141e-02  -2.9054389e-01   2.0239914e-01   1.5706725e-02  -6.7562729e-03  -5.7302526e-03
