   0.0000000e+00   0.0000000e+00   0.0000000e+00   0.0000000e+00   0.0000000e+00   0.0000000e+00
  -6.2912960e-03   2.0818209e-02  -1.4611624e-01   5.1558855e-04  -1.6339014e-04   3.3860289e-04
  -7.9326966e-04   4.8967010e-02  -1.4430567e-01  -4.6945769e-05  -1.5779556e-04   3.3404973e-04
  -8.6447036e-03  -6.5704203e-02  -5.5306470e-02   6.3127848e-04   2.1711223e-04   9.4894182e-06
  -6.6534511e-03   4.4150256e-02  -1.5311091e-01   4.1735943e-04  -4.7415184e-05   2.2013151e-04
  -1.4506684e-02  -7.1685751e-02  -5.1318363e-02   6.0506384e-04   2.4655429e-04   1.5140433e-05
   3.0160717e-04   1.3273540e-02  -1.6332850e-01   6.2402557e-04  -1.0066283e-04   2.9947484e-04
  -2.8916389e-03   5.2362069e-02  -6.3926462e-02   4.9739203e-04   1.5765879e-04   6.3027045e-05
  -1.7014055e-02  -4.2524950e-02  -1.1667260e-01   1.2960827e-03   2.3435788e-04   1.1846046e-04
  -1.0537747e-02   1.6330229e-01  -1.3563979e-01   3.2635793e-04   3.4265911e-06   2.4924634e-04
  -5.8200668e-03  -6.1750306e-02  -3.8147464e-02   8.8453454e-04   1.4488944e-04  -8.8424030e-05
   3.7917656e-03   6.9789943e-02  -1.4283018e-01   8.9507279e-04  -2.6387520e-04   2.4874802e-04
  -6.4748108e-03  -3.7096676e-02  -4.1492384e-03   1.2756801e-03   1.1396124e-04  -1.9348020e-04
   8.1853454e-03  -9.1401900e-03  -1.6330883e-01   1.1776634e-03  -2.2190333e-04   1.6008887e-04
   1.4755760e-02   1.1752180e-02  -2.8544093e-02   9.5157042e-04  -2.6301917e-05   1.2043241e-04
   1.8315094e-02  -4.4419650e-02  -1.5339298e-01   2.1634881e-03  -4.1716069e-04   2.0680389e-04
   1.4535236e-02   1.3098553e-01  -1.3167911e-02   8.6581303e-04   2.2129252e-05   1.5174065e-04
   3.6240215e-02  -6.8291451e-02  -1.4035834e-01   1.8165086e-03  -4.4928156e-04   4.2244246e-04
   4.8604113e-02   1.3738086e-01  -8.7539449e-02   1.1101838e-03  -6.4043639e-04   5.5240607e-04
   3.2126397e-02  -9.5915959e-02  -5.7991714e-02   2.1302584e-03  -2.6290839e-04   4.0475497e-04
   3.3683914e-02   1.1050819e-01  -1.5822396e-01   1.2257160e-03  -6.4928351e-04   1.2121802e-04
   2.5824183e-02  -2.9089558e-02  -7.8689921e-02   1.5248822e-03  -2.8205411e-04   2.7161077e-04
   1.6869791e-02   1.5357853e-02  -9.4511032e-02   1.1349692e-03  -3.1185710e-04  -1.3336468e-05
   2.1249535e-02  -4.3163255e-02  -1.0482129e-01   1.9623525e-03  -1.4225762e-04   1.3451355e-04
   2.0829704e-02   1.2707496e-01  -6.7978250e-02   1.1762140e-03  -1.1068572e-04   9.7121861e-05
   2.3650367e-02  -7.5069715e-02  -1.3585033e-01   2.3234841e-03  -1.6962112e-04  -1.3166815e-04
   2.5631292e-02   2.2706508e-02  -3.9632341e-02   1.3588524e-03  -1.9377327e-04   2.4925264e-04
   3.7599662e-02  -2.0769002e-02  -1.6156854e-01   2.2094135e-03  -4.5205712e-04   4.5463375e-04
   3.1982931e-02   1.6042650e-02  -1.6619048e-02   1.7780488e-03  -2.7281324e-04   1.8460902e-04
   3.9530028e-02   4.6373248e-02  -1.6361824e-01   1.9464530e-03  -2.1681120e-04   4.2965186e-04
   2.4589093e-02  -9.6539345e-03  -1.1445902e-02   2.7561881e-03   7.8401249e-05   2.1678435e-04
   4.5476349e-02   2.7025350e-02  -1.4752386e-01   2.1602521e-03  -5.2000328e-04   3.4644928e-04
   2.3432937e-02  -4.4339139e-02  -2.1046014e-02   2.5174772e-03   1.0677562e-04   2.5229127e-04
   3.7177311e-02   2.9612967e-02  -1.2527125e-01   2.1004236e-03  -3.0911683e-04   3.2133395e-04
   2.0920669e-02  -9.1276817e-02  -1.3227785e-02   2.8015860e-03   3.2071208e-04   1.8140929e-04
   2.5117630e-02   7.3814358e-02  -1.1160403e-01   1.9816016e-03  -5.5258903e-06   3.2973959e-04
   9.1984077e-03  -5.1648202e-02  -4.7115036e-02   2.5373366e-03   4.8172683e-04  -5.3058673e-05
   2.3198391e-02  -4.5765426e-03  -1.0444279e-01   2.5679279e-03  -1.0307843e-04   2.0571045e-04
   1.1124151e-02  -8.0513205e-02  -5.2882106e-02   3.0624642e-03   3.5238626e-04  -7.2170809e-05
   1.5058257e-02   9.3659713e-02  -1.1298818e-01   2.7131838e-03   1.0682344e-04   3.8686167e-05
   2.1771262e-02  -1.4319578e-01  -1.4657188e-02   3.1525431e-03   2.5192945e-04  -2.2501869e-06
   5.2296636e-03  -1.2017200e-03  -8.8404604e-02   2.2756482e-03   3.1873257e-04  -3.9711175e-05
  -2.4975281e-04  -1.0001995e-01   3.0210013e-02   2.5714651e-03   4.6484009e-04  -3.7936051e-04
  -3.4093414e-03   1.3315977e-02  -3.6014606e-02   2.3598034e-03   3.8896975e-04  -3.7752891e-04
  -1.5057512e-02  -3.0544042e-02   2.6602633e-02   3.1299576e-03   5.0909062e-04  -5.2196555e-04
  -6.5422436e-03   4.1183820e-02  -3.2748353e-02   2.4192573e-03   1.6036875e-04  -5.8661569e-04
  -1.9394717e-02  -1.4312519e-01   8.0991655e-03   3.5811721e-03   8.3501870e-05  -5.0375683e-04
  -2.6368287e-03   3.4443737e-02  -2.9490808e-02   2.2806418e-03  -8.0332362e-05  -6.7752382e-04
  -2.2969128e-02  -1.3510208e-01   5.6623543e-02   4.1745355e-03   4.3758907e-04  -7.6339133e-04
  -1.1025065e-02   3.8770083e-02  -8.1772279e-02   2.6379423e-03  -2.0336824e-05  -5.3212508e-04
  -1.9288817e-02  -8.6859398e-02   7.9773243e-02   2.5367061e-03   7.5935338e-04  -6.2037997e-04
  -2.1050807e-02  -1.0366411e-01  -9.2477746e-02   3.2138005e-03   6.8883777e-04  -4.3057717e-04
  -1.0946832e-02  -4.4307735e-03   5.9389225e-02   2.6543910e-03   7.0314517e-04  -5.5621451e-04
  -6.3796720e-03  -5.0531233e-02  -6.4290622e-02   4.2425527e-03   3.5340234e-04  -5.6071454e-04
  -2.9887072e-02  -1.0771745e-01   7.2488538e-02   3.6276492e-03   1.1523515e-03  -7.2148530e-04
  -3.4126673e-03  -6.7964192e-02  -9.3808405e-02   3.7373136e-03   5.4523660e-04  -5.9099975e-04
  -3.7244843e-02  -1.3613393e-01   1.0030435e-01   3.9955745e-03   1.5758623e-03  -9.9931883e-04
  -6.5611260e-03  -1.1946980e-01  -1.0480342e-01   5.0197164e-03   5.4487001e-04  -6.5840710e-04
  -1.5674146e-02  -1.2390764e-01   8.6368133e-02   4.9740866e-03   8.6137680e-04  -7.3841978e-04
   1.4611071e-03  -4.2112218e-02  -8.4803118e-02   3.7335633e-03   5.7720294e-04  -6.1948873e-04
   6.8244190e-03  -1.3496862e-01   1.0771267e-01   3.7053449e-03   9.4214136e-04  -5.8433683e-04
   1.3655195e-02  -1.9933289e-02  -5.7281931e-02   3.2663855e-03   4.5516774e-04  -6.2051151e-04
   8.7151933e-03  -7.5146521e-02   7.6436213e-02   3.6298524e-03   8.9597268e-04  -6.6043494e-04
   7.9287976e-03  -5.4030384e-02  -2.1476531e-02   4.1600067e-03   7.6542048e-04  -7.6096454e-04
  -8.7310612e-03  -9.2481986e-02   8.1259052e-02   3.9645825e-03   9.4011401e-04  -7.1998820e-04
   6.8660252e-03   1.1164393e-02  -1.8110351e-02   4.9804018e-03   5.5114623e-04  -5.8685478e-04
  -1.8437789e-02  -1.3434453e-01   7.4731159e-02   4.1392333e-03   1.3246353e-03  -1.1438499e-03
   1.9249986e-02   6.2797164e-02  -7.8120784e-02   4.4363770e-03   5.7683397e-04  -7.0153527e-04
   1.7304602e-02  -1.2329318e-01   8.6305086e-02   3.6220222e-03   9.1093685e-04  -7.4096778e-04
   6.7712213e-03  -4.4318510e-02  -1.3029391e-02   3.0505244e-03   9.9636829e-04  -6.4704526e-04
   1.6019052e-03  -1.6262918e-01   8.4707421e-02   4.1794843e-03   1.1478075e-03  -4.6299027e-04
  -1.3043540e-03   3.1580455e-02  -5.5987841e-02   3.8258950e-03   7.5410467e-04  -6.8587259e-04
  -4.3792621e-03  -1.5083244e-01   1.3952463e-01   4.2606976e-03   1.1972076e-03  -8.8303883e-04
  -3.6186373e-03  -9.4370323e-02  -9.7056479e-03   4.9076276e-03   1.0088552e-03  -5.5083930e-04
   2.8203282e-02  -2.9328007e-02   1.2562003e-01   3.9382000e-03   7.5597062e-04  -5.8027851e-04
   3.2772627e-02  -1.3060105e-01   1.9814923e-02   4.5919817e-03   5.8970139e-04  -4.9557342e-04
   2.1375000e-02  -3.2568719e-02   5.7009343e-02   4.0907100e-03   8.7523450e-04  -6.4136798e-04
   1.1101781e-02  -1.9930783e-01   1.6538389e-02   4.8532647e-03   9.7207464e-04  -5.3417766e-04
   1.5978691e-02   9.3018515e-03   3.4105196e-02   3.9606189e-03   1.0497625e-03  -5.7489707e-04
   3.3328934e-02  -1.7643487e-01   7.2687713e-03   5.3821526e-03   8.9127307e-04  -5.4289840e-04
   1.8657443e-02  -6.2578577e-02   6.3598840e-02   4.6308855e-03   1.0672957e-03  -3.7768777e-04
   3.0485352e-02  -1.6161862e-01   1.3522227e-02   5.4501712e-03   7.6792109e-04  -5.5090283e-04
   2.6158243e-02  -3.5251236e-02   7.0388224e-02   4.7472319e-03   1.1942784e-03  -7.5593774e-04
   1.9384989e-02  -1.9045198e-01   9.9446021e-03   5.6234172e-03   1.3652288e-03  -4.1192932e-04
   4.3800637e-02  -5.9370319e-02   1.1395289e-01   4.8996770e-03   8.1557641e-04  -2.4692555e-04
   1.5695574e-02  -1.1755066e-01  -1.4111905e-02   5.5407750e-03   1.2612132e-03  -5.9189727e-04
   3.3613285e-02  -1.0387296e-01   1.5569014e-01   5.3408164e-03   9.1525758e-04  -4.6140400e-04
   3.9176575e-02  -1.3912284e-01  -5.9784324e-02   6.2163916e-03   3.3283491e-04  -3.6869251e-04
   3.7256931e-02  -3.4441526e-02   9.0779685e-02   4.3891857e-03   5.1521543e-04  -5.8473738e-04
   2.6089359e-02  -2.6067122e-01   9.3540536e-03   5.2458203e-03   2.8517220e-04  -7.9171187e-04
   4.2266478e-02   2.7515020e-02   3.3696938e-02   4.1015396e-03   1.2262547e-04  -8.0847142e-04
   2.4115198e-02  -1.5747881e-01   3.2286408e-02   4.6378211e-03   3.9477725e-04  -6.6793103e-04
   2.8490928e-02  -2.4998747e-02   4.9764002e-02   3.8690486e-03   2.5970439e-04  -8.8558067e-04
   1.6239005e-02  -1.6943060e-01   1.3777130e-02   4.7616909e-03   5.9596803e-04  -8.4026655e-04
   2.3861709e-02  -3.5416032e-02   4.0496500e-02   5.3035810e-03   3.9698538e-04  -7.3469012e-04
   3.1390333e-02  -1.9854859e-01   8.5499862e-02   5.9078633e-03   7.9234075e-05  -5.4414202e-04
   1.6298737e-02  -3.9212501e-02  -4.9905086e-03   5.0819212e-03   3.3166006e-04  -1.1079942e-03
   5.8356912e-03  -1.5085070e-01   1.0756683e-01   4.5578609e-03   9.0440053e-04  -1.0971843e-03
   8.6316600e-03  -1.1604879e-01  -4.5020800e-02   4.9673755e-03   7.1803299e-04  -1.1050449e-03
   7.1149351e-03  -1.0548165e-02   2.2062995e-02   4.6332710e-03   8.6683539e-04  -1.1582179e-03
  -9.8830283e-03  -2.1520336e-01   7.5337152e-02   5.8973297e-03   1.1705471e-03  -1.1094824e-03
   5.8105766e-03  -2.2476952e-02  -2.2640663e-02   5.0526705e-03   6.4557063e-04  -1.2104255e-03
   2.2364775e-03  -2.1892462e-01   7.9477707e-02   5.9749609e-03   7.6615452e-04  -1.4213441e-03
  -1.0912133e-02  -5.1100465e-02  -4.3163447e-02   5.3661490e-03   8.1510617e-04  -1.1129215e-03
   5.6931605e-03  -1.4944871e-01   1.0882678e-01   5.2587292e-03   6.0442744e-04  -1.1563738e-03
  -1.4103196e-02  -1.3350262e-01  -2.4510291e-03   5.3832479e-03   9.6514330e-04  -1.2079167e-03
  -9.3794494e-03  -3.3129962e-02   9.2522486e-02   5.0717108e-03   1.1075142e-03  -1.2991888e-03
  -1.0217050e-02  -2.3063381e-01   1.7504334e-02   5.9975809e-03   8.9332736e-04  -1.1741315e-03
  -6.1999039e-04  -5.1464423e-02   7.2211714e-02   5.4006765e-03   6.9653468e-04  -1.2640839e-03
  -2.4961487e-02  -2.2512908e-01   6.8137198e-02   6.7228482e-03   1.1106041e-03  -1.4872548e-03
  -4.6663307e-03   2.7983653e-02   3.7587802e-02   5.4466836e-03   5.4436528e-04  -8.4699113e-04
  -1.7495123e-02  -1.9580763e-01   1.1557973e-01   6.3493148e-03   9.8985113e-04  -1.3482972e-03
  -5.1018553e-05  -2.0443434e-02  -2.1233967e-02   5.3322764e-03   4.2623575e-04  -1.2764220e-03
  -2.5777079e-03  -1.3993158e-01   1.1605720e-01   4.7986269e-03   6.4405412e-04  -1.2734439e-03
  -3.5136244e-03  -2.0220887e-01   9.2013084e-03   5.6583535e-03   3.4511267e-04  -1.4660417e-03
  -5.8179229e-03   2.4134940e-02   9.2555969e-02   5.5832559e-03   3.7581514e-05  -1.4099563e-03
  -1.6522301e-02  -2.1345351e-01   4.8843203e-03   5.8453864e-03   1.4794753e-05  -1.5725109e-03
   1.0146310e-03   4.4864676e-02  -3.8087360e-02   5.5133700e-03  -1.1695999e-03  -1.4905825e-03
  -2.5355427e-02  -1.9205677e-01   9.8049613e-02   5.3149917e-03  -2.1561786e-05  -2.0960883e-03
  -2.3625092e-02  -5.7204347e-02  -4.6125828e-02   5.0186086e-03  -3.5379357e-04  -1.8262971e-03
  -2.2914493e-02  -1.7963092e-01   9.4156419e-02   5.5135249e-03  -3.0853960e-04  -2.2349369e-03
  -2.9891690e-02  -4.3391155e-02  -6.2866380e-02   5.9975863e-03  -1.0047244e-03  -2.1239560e-03
  -4.5398159e-02  -1.7989976e-01   1.1424056e-01   6.1499069e-03  -3.7070612e-04  -2.2738617e-03
  -2.3990552e-02  -1.1762888e-01  -4.6604680e-02   6.2077744e-03  -9.6186664e-04  -2.0800344e-03
   6.6882305e-03  -1.1894762e-01   1.3615968e-01   5.8590484e-03  -1.0624441e-03  -2.0455723e-03
  -5.9465845e-03  -2.4151639e-01  -2.6273443e-02   6.0909998e-03  -1.1009680e-03  -2.0470813e-03
  -1.8978206e-02  -1.8142913e-01   9.7771986e-02   5.3550526e-03  -7.1413991e-04  -2.0672159e-03
  -8.6634665e-03  -2.6282999e-01  -2.6715554e-03   6.4601966e-03  -1.1570957e-03  -2.1090846e-03
  -1.7826681e-02  -4.8231266e-02   3.4879019e-02   5.8115237e-03  -1.0499003e-03  -2.2543068e-03
  -4.0367254e-02  -2.1312723e-01   9.9966078e-02   6.5044214e-03  -8.5234171e-04  -2.5322815e-03
  -2.7301810e-02  -1.2226366e-01  -4.0131022e-02   6.6486414e-03  -1.4220328e-03  -2.6143699e-03
  -2.1413463e-02  -1.8960445e-01   1.2568230e-01   6.6365515e-03  -8.7238684e-04  -2.2575742e-03
  -3.1053704e-02  -1.1266986e-01  -1.7348587e-02   6.8578221e-03  -1.0743071e-03  -2.1642787e-03
  -2.5619933e-02  -1.7649565e-01   1.3103610e-01   6.7429425e-03  -9.6734583e-04  -2.3688629e-03
  -2.1852708e-02  -1.5271530e-01  -3.5971648e-02   6.9448658e-03  -1.1699383e-03  -2.2706374e-03
  -1.8040093e-02  -1.9402852e-01   1.4279221e-01   6.7392234e-03  -8.8507425e-04  -2.3175034e-03
  -2.3058954e-02  -2.2553130e-01  -3.8527972e-02   7.1276563e-03  -1.2684076e-03  -2.2724282e-03
  -1.2316194e-02  -1.2543272e-01   1.3941913e-01   6.8012492e-03  -1.3092543e-03  -2.1290740e-03
  -2.7263341e-02  -2.6675704e-01   4.0263566e-03   6.9404379e-03  -1.4264187e-03  -2.3568721e-03
   1.5797624e-02  -1.0341244e-01   6.9191374e-02   7.2042416e-03  -1.7366118e-03  -1.7399319e-03
   9.1078659e-03  -3.0837928e-01   4.0141715e-02   8.3309440e-03  -1.5220749e-03  -1.9991346e-03
   1.7559779e-02  -1.1247597e-01  -7.2195357e-02   7.5320698e-03  -1.7376297e-03  -2.1078827e-03
   6.5144742e-03  -2.0111291e-01   1.0701780e-01   8.0067911e-03  -1.0320807e-03  -2.0379684e-03
   3.1574729e-02  -1.9248983e-01  -9.6176074e-02   7.8783499e-03  -1.8457039e-03  -1.5814758e-03
   8.0564020e-03  -2.2739743e-01   3.7437899e-02   6.9721540e-03  -1.0918015e-03  -2.2367431e-03
  -1.3759857e-02  -2.4840468e-01  -9.4319472e-02   6.9039524e-03  -4.3255503e-04  -2.0247502e-03
  -1.5002286e-02  -1.3068153e-01   5.3793061e-02   6.8149972e-03  -3.8263836e-04  -2.3072339e-03
  -1.7591066e-02  -2.1803527e-01  -5.4772393e-02   7.2444184e-03  -2.2133037e-04  -2.1000922e-03
  -2.0324523e-02  -1.5252570e-01   7.7962271e-02   7.1621793e-03  -1.0594009e-04  -2.0141863e-03
  -3.1324911e-02  -3.2765820e-01  -4.7305247e-02   7.8196584e-03  -9.3245133e-05  -2.0712562e-03
  -1.3438442e-02  -1.9015262e-01   1.0804797e-01   7.9048878e-03  -1.6377161e-04  -2.0582880e-03
  -2.1838199e-02  -2.5918034e-01  -1.2478493e-02   7.6230731e-03  -3.1982997e-04  -2.2613830e-03
  -1.1947912e-02  -1.6161673e-01   9.9902138e-02   7.1635208e-03  -4.9787260e-04  -2.0274131e-03
  -4.4934323e-03  -2.9452892e-01   4.5829077e-02   8.7851920e-03  -1.1350661e-03  -2.0132202e-03
   1.7254247e-03  -1.6098736e-01   8.8817176e-02   7.6993890e-03  -9.9136787e-04  -2.0490281e-03
  -5.4014179e-03  -3.4544146e-01   8.4244012e-02   9.3487220e-03  -1.3453341e-03  -1.9775357e-03
   8.1686066e-03  -1.0432964e-01  -7.3978633e-02   8.0893737e-03  -1.8380567e-03  -2.0582764e-03
  -4.7829372e-03  -2.8671818e-01   8.4356594e-02   7.0569208e-03  -1.0096803e-03  -2.5899750e-03
  -3.1714109e-02  -3.0205449e-01  -7.9436590e-03   7.7033870e-03  -5.1939591e-04  -2.5439354e-03
  -2.0688849e-02  -1.2336064e-01   7.4017806e-02   8.1747106e-03  -7.2660349e-04  -2.4612977e-03
  -1.2063985e-02  -2.8236827e-01   4.2944340e-02   9.5164291e-03  -1.6554208e-03  -2.1633576e-03
  -3.1362913e-02  -1.4639723e-01  -2.4082101e-03   7.4247592e-03  -8.1189393e-04  -2.5964599e-03
  -1.9477474e-02  -3.0459190e-01   1.1796715e-01   8.0001117e-03  -7.1536789e-04  -2.3083356e-03
  -5.8611924e-02  -1.7788102e-01  -7.5075489e-02   7.9890130e-03  -9.0337278e-04  -2.8992936e-03
  -4.0499190e-02  -2.7216769e-01   7.7562735e-02   7.5179260e-03  -8.1068310e-04  -2.8548285e-03
  -3.0055109e-02  -2.2073528e-01  -7.9790833e-02   7.5432564e-03  -1.0179939e-03  -2.6719873e-03
  -3.9480053e-02  -2.9547070e-01   1.1218977e-01   8.7600780e-03  -8.7074026e-04  -2.7239488e-03
  -3.0852168e-02  -2.4159514e-01  -5.2278975e-02   7.7230326e-03  -1.1829383e-03  -2.8704368e-03
  -3.9270290e-02  -2.6431861e-01   9.6832859e-02   7.8637235e-03  -1.0193956e-03  -2.7370226e-03
  -3.5350217e-02  -2.7708827e-01  -6.8408005e-02   8.2819054e-03  -1.2305674e-03  -2.7207352e-03
  -4.5597425e-02  -1.3187853e-01   2.8948104e-02   7.0981965e-03  -1.0254265e-03  -2.7378339e-03
  -4.5239977e-02  -3.0286947e-01   3.7503338e-02   8.4930645e-03  -1.1033998e-03  -2.6303527e-03
  -2.8395267e-02  -1.5967255e-01  -3.4288118e-02   7.4004145e-03  -1.2303422e-03  -2.6965045e-03
  -7.8908587e-02  -3.0437489e-01   8.1994362e-02   6.8937313e-03  -5.3411861e-04  -3.1699744e-03
  -1.0090394e-01  -1.8609539e-01  -1.2807084e-01   7.5021502e-03  -2.7350630e-04  -4.1678222e-03
  -1.2356934e-01  -1.8363815e-01   1.6977286e-02   7.0346089e-03   2.0412609e-04  -4.3334433e-03
  -9.8125659e-02  -1.8636264e-01  -1.2556984e-01   7.6077098e-03  -3.3295518e-04  -3.9521892e-03
  -1.4617108e-01  -2.4543470e-01   1.1978559e-01   7.8771283e-03   8.1467520e-04  -4.3183058e-03
  -1.3381812e-01  -2.5430178e-01  -1.0961541e-01   8.0569262e-03   6.0658935e-04  -4.2071751e-03
  -1.4516064e-01  -2.0660468e-01   1.1883478e-01   7.7063940e-03   1.1101074e-03  -4.4830775e-03
  -1.1406988e-01  -2.8462744e-01  -9.8132446e-02   8.9218487e-03   2.5670910e-04  -3.9458409e-03
  -1.3638524e-01  -1.8748851e-01   1.1129912e-01   7.8739177e-03   1.0192480e-03  -4.2228194e-03
  -1.3820956e-01  -2.9086271e-01  -5.3157766e-02   8.5452032e-03   9.5023170e-04  -4.2736731e-03
  -1.4930834e-01  -2.0870596e-01   1.0873079e-01   7.9282739e-03   1.2143555e-03  -4.1701518e-03
  -1.3607972e-01  -3.0316402e-01  -2.5289968e-02   8.4111285e-03   9.8272882e-04  -4.0589305e-03
  -1.3041492e-01  -2.2534423e-01   1.4393533e-01   7.9500759e-03   1.1441491e-03  -4.1680869e-03
  -1.2224291e-01  -2.8341033e-01  -4.6907676e-02   8.4941681e-03   5.1055748e-04  -3.9733188e-03
  -8.1588480e-02  -1.4139973e-01   5.0000933e-02   7.7024690e-03  -1.5869773e-04  -3.4466091e-03
  -1.0851117e-01  -2.6185998e-01   4.0935854e-02   8.1668220e-03  -1.5018042e-05  -3.7034248e-03
  -1.0634676e-01  -1.0833151e-01  -6.4482127e-03   7.3875755e-03   2.2481123e-05  -3.7861436e-03
  -1.2696437e-01  -3.2448012e-01   1.0877422e-01   7.2887023e-03   5.2896895e-04  -3.9239639e-03
  -9.5356699e-02  -2.3269300e-01  -4.4091117e-02   8.0063409e-03  -2.0512120e-04  -3.9919105e-03
  -9.5447658e-02  -2.1129377e-01   9.5616637e-02   7.4725673e-03  -9.4851245e-05  -3.8901281e-03
  -9.9583738e-02  -2.9429192e-01  -2.5764009e-02   9.7221745e-03  -6.8041069e-04  -3.7656336e-03
  -1.0041198e-01  -9.9475689e-02   4.1513997e-02   6.9101910e-03  -2.8079289e-04  -3.6208510e-03
  -8.9288085e-02  -3.2757453e-01   4.8091897e-02   9.1552413e-03  -5.7754880e-04  -3.4516963e-03
  -7.1576508e-02  -8.9517954e-02  -6.6020979e-02   7.2889600e-03  -1.2438231e-03  -3.6036398e-03
  -9.5213882e-02  -2.9372792e-01   1.0668601e-01   6.8090624e-03  -3.4095703e-04  -4.1093830e-03
  -1.1052484e-01  -2.7835015e-01  -4.4892955e-02   8.9042658e-03  -8.7835305e-04  -3.9268767e-03
  -1.1907141e-01  -1.4734016e-01   1.4405603e-01   6.9279480e-03  -4.8291251e-04  -4.0832720e-03
  -1.1818994e-01  -1.5179511e-01  -1.0188543e-01   8.0025939e-03  -9.7805229e-04  -3.3284542e-03
  -9.7745334e-02  -5.3441434e-02  -7.9040839e-02   6.2581303e-03  -8.6777339e-04  -3.7727742e-03
  -1.0630609e-01  -3.2926876e-01   2.3470966e-02   6.6643911e-03   1.4189075e-05  -3.6529213e-03
  -9.8899505e-02  -1.3720820e-01  -9.5562301e-02   6.8960406e-03  -3.3658427e-04  -3.7060061e-03
  -1.1438118e-01  -2.4315440e-01   3.3282244e-02   7.5749349e-03   2.2523159e-04  -3.5911709e-03
  -9.5821095e-02  -1.0820867e-01  -9.7724285e-02   7.0922415e-03  -2.2212505e-04  -3.1952225e-03
  -9.9211409e-02  -1.6913495e-01   4.6289849e-02   7.1943484e-03  -2.6399206e-04  -3.4158282e-03
  -1.0196777e-01  -2.4473217e-01  -6.5654227e-02   7.1912206e-03  -3.6097393e-04  -3.6435867e-03
  -1.0702302e-01  -2.3279200e-01   8.7847462e-02   6.8905011e-03  -8.9860438e-05  -3.4425362e-03
  -8.4302316e-02  -2.8605723e-01  -1.0254243e-01   8.2206958e-03  -5.8663226e-04  -3.1830960e-03
  -5.2915439e-02  -1.6339013e-01   1.1227809e-02   7.1636476e-03  -1.0030262e-03  -2.8337494e-03
  -3.5305442e-02  -2.6352208e-01  -7.0378818e-02   7.7374934e-03  -1.4375469e-03  -2.5997471e-03
  -4.1960970e-02  -1.0737344e-01  -1.5666489e-02   6.2847359e-03  -1.1271378e-03  -2.9899283e-03
  -5.3137647e-02  -2.3408545e-01   8.6324294e-03   6.8987617e-03  -8.5522141e-04  -2.9648690e-03
  -2.6423742e-02  -1.3704949e-01  -9.8391499e-02   7.1451464e-03  -1.6536720e-03  -2.4126132e-03
  -6.0087032e-02  -2.6669075e-01  -8.0002433e-02   6.8789477e-03  -7.4568974e-04  -2.9871938e-03
  -3.4103594e-02  -1.7995504e-01  -4.5538694e-02   6.7803171e-03  -1.1051278e-03  -2.7741766e-03
  -6.3449199e-02  -2.9895667e-01  -6.8982852e-02   7.1400079e-03  -3.2187010e-04  -3.0159145e-03
  -4.3914255e-02  -1.4458457e-01  -5.2255593e-02   7.7502271e-03  -8.2091645e-04  -2.7014581e-03
  -9.2512586e-03  -3.2228444e-01  -8.6508513e-02   8.2407752e-03  -1.3735656e-03  -1.6764870e-03
  -1.2428852e-02  -1.2795723e-01  -4.6558467e-03   6.3874238e-03  -9.3208896e-04  -1.8751555e-03
  -3.2297955e-02  -3.3258917e-01  -5.4660144e-02   7.6607535e-03  -8.3503049e-04  -2.1301357e-03
  -3.9434099e-02  -1.9735224e-01   1.2448905e-02   7.5927130e-03  -1.1471651e-03  -2.0902597e-03
  -2.3511744e-02  -2.2671234e-01  -8.0280132e-02   7.3763592e-03  -1.4774638e-03  -1.9541486e-03
  -1.0874451e-02  -9.4915816e-02  -3.6017497e-02   5.3173191e-03  -1.3780350e-03  -1.7037983e-03
  -9.1219135e-02  -2.9659051e-01   6.1369389e-03   5.5239411e-03  -6.4140041e-04  -2.3835736e-03
  -8.0607793e-02  -1.2864305e-01  -7.8627097e-02   6.1109303e-03  -4.9805646e-04  -2.1730143e-03
  -1.0364614e-01  -3.5836974e-01   5.1318443e-03   6.2096635e-03   1.0501944e-04  -2.6180348e-03
  -8.1778540e-02  -2.4401553e-01  -1.2417107e-01   7.4156249e-03  -5.4065947e-04  -2.2552048e-03
  -1.2009970e-01  -2.5850280e-01   7.1936959e-02   6.8518115e-03   1.7207365e-04  -2.5560591e-03
  -1.1476406e-01  -2.2783097e-01  -3.6927746e-02   6.5748210e-03   2.3041520e-04  -2.5978703e-03
  -1.2052176e-01  -3.2215508e-01   7.1006532e-02   6.0896004e-03   5.3803472e-04  -2.4870094e-03
  -9.6544566e-02  -3.0961479e-01  -9.8093984e-02   6.9105793e-03  -2.3596756e-04  -2.1543795e-03
  -1.5173770e-01  -1.4513181e-01   6.1724965e-02   5.0406494e-03  -5.6031786e-05  -3.0894568e-03
  -1.3134683e-01  -2.2491839e-01  -7.4867483e-02   5.8136611e-03   2.6422828e-05  -2.7866155e-03
  -1.2773870e-01  -2.0733678e-01   7.2299637e-02   5.6864027e-03  -2.8074532e-04  -2.8039119e-03
  -1.1265541e-01  -1.8396141e-01  -1.9644836e-02   6.0039695e-03  -5.6831453e-04  -2.7059243e-03
  -1.2324950e-01  -1.4397044e-01   1.2001169e-01   6.6161017e-03  -3.2635388e-04  -2.2537635e-03
  -1.2980315e-01  -2.0545477e-01  -1.5990475e-02   6.7025606e-03  -9.2001432e-04  -2.8316834e-03
  -1.3592641e-01  -1.9766077e-01   1.0560726e-01   5.6143945e-03  -1.3669302e-04  -2.9766401e-03
  -1.2032332e-01  -2.2272004e-01  -1.1674865e-02   6.1287042e-03  -7.0861548e-04  -2.4164652e-03
  -1.0213405e-01  -5.5906518e-02   1.7448386e-02   3.5328335e-03  -8.0482711e-04  -2.2063162e-03
  -1.2916982e-01  -2.6765224e-01   4.0444069e-02   5.2394914e-03   6.2515376e-05  -2.6618526e-03
  -1.2655450e-01  -1.1541967e-01  -5.9844404e-03   5.0301267e-03   7.1374681e-05  -2.3457770e-03
  -1.1621396e-01  -2.7835536e-01   5.3546542e-02   6.5197694e-03  -9.3018952e-05  -2.4061108e-03
  -1.2138176e-01  -1.7336755e-01  -1.4381046e-02   5.4632706e-03   1.7635179e-05  -2.2925328e-03
  -1.1305465e-01  -2.4847748e-01   9.9513365e-02   6.6573474e-03   1.0745266e-04  -2.3498310e-03
  -6.9342119e-02  -1.5497739e-01  -1.0238116e-01   6.2310998e-03  -9.0891350e-04  -1.6525528e-03
  -4.7115686e-02  -6.1789498e-02  -2.7141130e-02   4.1920051e-03  -1.3227455e-03  -1.4780479e-03
  -6.6328365e-02  -2.5084168e-01  -2.3865849e-02   5.0420087e-03  -8.9359061e-04  -1.7035679e-03
   4.8245426e-03  -2.9454223e-02  -1.9725285e-01   4.1146042e-03  -2.3388936e-03  -1.1182149e-03
  -2.7919157e-02  -2.0852522e-01  -3.5618428e-02   3.7025203e-03  -1.6193649e-03  -1.7651206e-03
  -5.1642615e-02  -1.2393712e-01  -1.5001810e-01   4.2161791e-03  -1.5442696e-03  -1.6668198e-03
  -5.0209379e-02  -1.1662954e-01  -1.4925975e-02   4.6300349e-03  -1.4676418e-03  -1.7584656e-03
  -4.6770843e-02  -9.5476042e-02  -1.5474559e-01   6.4162656e-03  -2.2023465e-03  -1.2277513e-03
  -6.5368182e-02  -5.5314509e-02  -6.4626005e-02   4.3075287e-03  -1.3190284e-03  -2.1049580e-03
  -8.9885713e-02  -2.4558239e-01  -5.2954653e-02   4.4773744e-03  -4.1760686e-04  -2.1107060e-03
  -6.2695524e-02  -7.1824792e-02  -4.2031708e-02   4.6668217e-03  -1.0760443e-03  -1.6486980e-03
  -2.5412398e-02  -6.4414531e-02   2.6304502e-02   3.1811130e-03  -9.7949501e-04  -2.7835066e-04
  -7.3098348e-03   8.0262329e-02   1.2652379e-02   1.7078578e-03  -1.3857714e-03   1.0503739e-04
  -5.6268326e-02  -1.0292113e-01   6.0995970e-03   3.2441087e-03  -4.1719477e-04   9.8974656e-06
  -6.9083781e-02  -4.4827946e-02  -3.5974373e-02   2.4371553e-03   2.7025989e-04  -9.6685938e-04
  -7.8301180e-02  -2.3259657e-01   2.6554250e-02   2.8827541e-03   6.0824131e-04  -1.2572581e-03
  -7.0447889e-02  -1.5433008e-02  -1.0084466e-01   2.7944672e-03   4.8436407e-04  -9.5801061e-04
  -7.9834364e-02  -1.4498177e-01   3.0182732e-02   3.5466683e-03   6.2666880e-04  -1.2115480e-03
  -6.7107435e-02  -1.3791083e-01  -1.1461595e-01   3.8553110e-03   4.1478120e-04  -1.0185709e-03
  -8.5140952e-02  -2.1755444e-01   3.5604509e-02   4.4196177e-03   5.2664595e-04  -1.3408493e-03
  -6.7949656e-02  -2.1459221e-01  -9.9909303e-02   5.8972864e-03  -1.4223829e-04  -1.2178152e-03
  -7.3089759e-02  -2.3768031e-01   9.1623650e-02   4.5500434e-03  -9.9237634e-05  -1.3390309e-03
  -4.9969210e-02  -1.6104911e-01  -5.2873545e-02   3.8600903e-03  -6.9539291e-04  -1.3310465e-03
  -4.1708931e-02  -2.1549308e-01   7.3277196e-02   5.6693344e-03  -7.3970132e-04  -1.2177960e-03
   3.3026696e-02   5.3533146e-03  -1.0935697e-01   2.1935756e-03  -2.4293299e-03   3.1954981e-04
  -1.0994024e-02  -2.0376979e-01  -6.3830061e-03   2.0935899e-03  -1.3375017e-03  -7.5881649e-04
  -2.5797629e-02  -1.7893018e-01  -1.0895236e-01   3.0408633e-03  -7.0859328e-04  -8.3852139e-04
  -5.0539977e-02  -1.6425637e-01   4.9479234e-02   3.1342605e-03  -1.3507752e-04  -1.1420099e-03
  -2.7133315e-02  -1.7384762e-01  -1.3247093e-01   4.9427373e-03  -1.2096805e-03  -7.5888390e-04
   4.8230060e-04   1.6317554e-02  -6.3691538e-02   3.7470498e-03  -2.4425797e-03   8.5726800e-05
  -4.3834366e-02  -1.8179281e-01   8.7394640e-03   3.6683502e-03  -8.8139133e-04  -8.9338113e-04
  -2.8196192e-02  -6.9020247e-02  -3.5646361e-02   3.3332455e-03  -1.1812275e-03  -8.3128414e-04
  -2.0611668e-02  -1.7325233e-01  -5.3255079e-03   3.4997328e-03  -1.3392128e-03  -5.4193171e-04
   6.5429255e-02   1.0178036e-01  -2.3465906e-01   1.7155828e-03  -2.1510972e-03   4.9794711e-04
   9.1759217e-03  -4.7872580e-02  -3.8033859e-02   2.9487320e-04  -1.6496342e-03   2.8912776e-04
  -7.1056632e-03  -2.8937700e-02  -1.4660734e-01   1.9607313e-03  -1.1424374e-03  -2.1488319e-04
  -2.2956120e-02  -1.4244829e-01   1.1926563e-02   3.3560903e-03  -1.0463364e-03  -3.6313541e-04
  -2.9679910e-02  -5.1132275e-02  -1.3331188e-01   1.5848191e-03  -2.5590425e-04  -2.7732046e-04
  -3.2673172e-02  -8.4626337e-02   4.3247549e-02   1.5246883e-03  -1.8110896e-04  -4.9223677e-04
  -4.3873012e-02  -4.6584824e-02  -1.0912667e-01   2.5899585e-03  -8.6419016e-04  -4.9248056e-04
  -3.7796823e-02   3.2186681e-02  -1.6889665e-02   2.4089837e-03  -5.0629077e-04  -4.6387055e-04
  -4.8705346e-02  -1.2951572e-01  -3.7908702e-02   2.7134004e-03  -6.0738200e-04  -2.3058711e-04
  -2.6644638e-02   3.6805514e-02  -1.2037289e-01   1.9670466e-03  -1.6012356e-03  -7.4413019e-04
  -8.4972877e-02  -1.2352677e-01  -7.4396959e-03   2.2416791e-03  -1.7043149e-04  -8.5818732e-04
  -5.7252054e-02  -3.9313185e-03  -9.8765990e-02   3.7033704e-03  -8.6113207e-04  -5.1030765e-04
  -5.0170083e-02  -2.0099804e-01   1.0616113e-03   4.6602254e-03  -8.2660693e-04   1.5210054e-03
  -6.6110236e-02  -5.3640045e-02  -1.0715929e-01   3.0835591e-03  -6.3222249e-04   1.4607440e-04
  -9.1403585e-02  -1.4580900e-01   1.8479734e-02   3.4077971e-03   6.4801006e-05  -3.5579655e-04
  -8.0629524e-02  -6.8785756e-02  -1.3037537e-01   3.7227428e-03  -2.2832673e-04  -1.9986632e-04
  -1.0350683e-01  -2.1438175e-01   1.1253457e-02   3.9734646e-03   2.2337887e-04  -4.0090970e-04
  -7.4068743e-02  -7.0887514e-02  -1.1402854e-01   4.2045533e-03  -3.3950323e-04  -3.7106395e-04
  -3.9341079e-02  -6.0775763e-02   3.8868854e-02   3.0052250e-03  -4.9677600e-04   6.0118521e-04
  -3.9261375e-02  -1.0290796e-01  -2.3146248e-02   2.6650743e-03  -5.5528877e-04   6.6356902e-04
  -5.6800348e-02  -3.1569337e-02  -1.7030876e-02   2.5221896e-03  -1.3729396e-04  -1.3090098e-04
  -7.7497820e-02  -1.1293961e-01  -2.6525820e-02   2.8866841e-03   1.3503458e-04  -2.8362156e-04
  -6.4862145e-02  -3.3399992e-02  -1.1155623e-01   2.8705629e-03  -1.2901037e-04  -3.4851220e-04
  -7.6087273e-02  -1.9057182e-01   2.3265437e-02   3.5341550e-03   2.1498552e-04  -2.9358739e-04
   1.1768886e-02  -2.1601201e-02  -1.6582559e-01   4.6631056e-03  -1.5027889e-03   6.7223100e-04
   3.3639297e-02  -7.8598072e-03  -2.6986065e-02   2.2191327e-03  -2.1237544e-03   1.5052364e-03
   8.9993072e-03  -1.0668846e-01   8.1161060e-03   2.7844811e-03  -2.1205487e-03   1.1990603e-03
   3.5758642e-03   3.1380604e-02  -1.0753655e-01   2.7498974e-03  -2.4526291e-03   1.3845406e-03
   5.0216544e-02  -6.7360659e-03  -1.0802517e-01   2.0524920e-03  -2.6276084e-03   1.6989191e-03
   6.3986067e-02  -8.2978440e-02   7.9999471e-02   1.4307425e-04  -2.7933723e-03   1.6986477e-03
   2.0454052e-02   8.6980625e-03  -1.4815358e-01   1.1578190e-03  -2.0891612e-03   9.1833962e-04
   1.4946741e-02  -4.3644991e-02   6.7630930e-03   1.4842325e-03  -1.0936984e-03   7.3433190e-04
   8.7206154e-03  -7.7470183e-02  -1.7505277e-01   2.6717412e-03  -1.0208161e-03   9.2293607e-04
   1.2243514e-02   6.5422942e-02  -4.1417427e-02   2.4923063e-03  -1.1128768e-03   8.4821748e-04
  -5.0491576e-03  -1.3342451e-01  -1.5994496e-01   3.0603089e-03  -6.9336247e-04   5.5262750e-04
  -6.5289397e-03   9.5505977e-03  -1.0625685e-01   2.8823515e-03  -4.0295624e-04   2.1634133e-04
  -3.1157217e-03  -1.8545313e-01  -9.2955706e-02   4.0478611e-03  -4.0300713e-04   4.4577984e-04
   9.0792929e-03  -3.7994080e-02  -1.7264455e-01   4.0841645e-03  -8.9784339e-04   7.7129237e-04
   1.6479030e-02  -2.0801083e-01  -3.5684142e-02   4.7944238e-03  -7.5435908e-04   7.1133205e-04
   2.4034736e-02  -2.6658808e-02  -1.8811102e-01   3.8304707e-03  -1.1062244e-03   6.2331335e-04
   3.3160402e-02  -1.8145567e-01   7.0220478e-02   4.2710684e-03  -1.1261930e-03   9.2576471e-04
   3.5989710e-02  -7.7445748e-02  -1.2096859e-01   4.2156530e-03  -2.0087487e-03   6.5581407e-04
   6.6373704e-02  -3.0149358e-03  -1.5446647e-01   4.2140532e-03  -2.8024594e-03   1.0806998e-03
   3.9115178e-02  -2.0576791e-01  -1.6742083e-02   4.4855465e-03  -2.0620485e-03   6.1936727e-04
   4.6837517e-02  -1.8788544e-02  -1.2216646e-01   3.7646157e-03  -2.5684216e-03   6.0850862e-04
   5.7440186e-02  -8.6317958e-02   1.9948870e-02   1.6682864e-03  -2.1019290e-03   1.7613105e-03
   7.4062314e-02   2.7336796e-02  -1.2228772e-01   1.6971830e-03  -2.6740178e-03   1.7519893e-03
   4.0129228e-02  -8.0759622e-03  -4.5334678e-02   2.1018492e-03  -2.0236425e-03   9.6683420e-04
   2.4136053e-02  -1.0598668e-01  -6.5783783e-02   4.1062287e-03  -1.9947936e-03   6.8131885e-04
   4.8562142e-02   5.8132480e-02  -1.0830752e-01   2.4204377e-03  -2.2887962e-03   1.0259478e-03
   8.7860308e-02  -5.4242557e-02  -2.3042340e-02   2.0286972e-03  -2.8250219e-03   2.0879064e-03
   1.0548175e-01   7.4475885e-02  -2.1255705e-01   2.3569099e-03  -3.5286964e-03   2.6844627e-03
   2.8537983e-02  -1.7794521e-02  -1.6129236e-01   1.1693494e-03  -2.5904020e-03   9.2604432e-04
   1.5072171e-02  -5.8790538e-02  -4.5739148e-02   1.9433409e-03  -1.9942605e-03   7.6888384e-04
   1.4210793e-02   6.3271586e-02  -2.0405630e-01   1.6667385e-03  -1.8603990e-03   4.8429048e-04
  -2.1468904e-04  -8.6528359e-02  -8.3425055e-02   3.0153333e-03  -1.3348941e-03   1.2161736e-04
  -4.0790456e-03  -9.6571557e-03  -2.1546659e-01   3.2409199e-03  -1.4953093e-03   8.5858321e-05
  -8.8601254e-03  -1.5612398e-01  -7.4327656e-02   4.3416191e-03  -1.1909020e-03  -7.8110880e-05
  -4.8107967e-03  -5.6696070e-02  -1.4848507e-01   3.4506012e-03  -1.5719436e-03   4.3091003e-05
   1.7530115e-02  -1.8864008e-01  -4.7397094e-02   4.7167013e-03  -2.2138031e-03   1.8079191e-04
   5.6905844e-02   1.2643022e-01  -2.4648402e-01   2.2895066e-03  -3.3902875e-03   1.2426048e-03
