   0.0000000e+00   0.0000000e+00   0.0000000e+00   0.0000000e+00   0.0000000e+00   0.0000000e+00
  -2.3309999e-03   4.3453656e-03  -6.1816541e-02   4.5498798e-05  -1.3962957e-04  -5.1096069e-05
  -4.1364161e-03   6.4985424e-03  -1.5288794e-01   2.5597580e-04  -2.8372042e-04  -1.5407733e-04
   1.2605696e-03  -2.9686364e-02  -1.7872760e-01   7.9990286e-04  -4.7061948e-04  -3.7550597e-04
   5.6144596e-03  -2.3748075e-02  -2.1166792e-01   6.2363645e-04  -5.8766112e-04  -5.9727759e-04
  -2.9876859e-03  -5.2260060e-02  -2.2562189e-01   4.3630383e-04  -4.2276079e-04  -5.5648293e-04
  -5.2016201e-03  -1.8549606e-01  -1.7056951e-01   6.1274242e-04  -2.8673922e-04  -5.7653848e-04
   8.8575458e-03  -1.2126820e-01  -1.6188179e-01   4.4490921e-04  -5.8391728e-04  -4.8110806e-04
   7.7299182e-03  -1.5106440e-01  -2.2167197e-01   5.3657863e-04  -6.5998830e-04  -4.6681389e-04
   1.0072129e-02  -1.4973954e-01  -2.5214618e-01   7.1450511e-04  -6.2010517e-04  -5.1919840e-04
   5.8994553e-03  -2.8272135e-02  -2.6120627e-01   5.0779864e-04  -5.8193234e-04  -4.4680723e-04
  -9.7189242e-03   1.8413770e-02  -2.9427646e-01   9.4459884e-04  -5.6129135e-04  -5.7046997e-04
   1.0249232e-02  -4.8330060e-02  -2.8470720e-01   1.1001845e-03  -8.2020968e-04  -4.9397890e-04
   1.6205611e-02  -3.1505760e-02  -2.1184112e-01   2.4891295e-05  -7.5939855e-04  -5.6446622e-04
   1.7618719e-02  -1.2045591e-01  -2.1509500e-01  -4.6242959e-06  -9.0620032e-04  -5.0000151e-04
   1.2559786e-02  -1.8351332e-01  -2.2465490e-01   3.7332184e-04  -8.9226339e-04  -5.2547606e-04
   2.0214521e-02  -9.4360530e-02  -2.7536751e-01   1.3399605e-04  -1.0361174e-03  -4.2552814e-04
   2.3913888e-02  -8.4163143e-02  -2.8363389e-01   5.9243987e-04  -1.0790053e-03  -4.3193693e-04
   2.6246539e-02  -6.7924974e-02  -2.9627504e-01   9.5871221e-04  -1.0941227e-03  -6.3456110e-04
   3.3520220e-02  -1.4315257e-03  -3.1329694e-01   9.1250132e-04  -1.2364156e-03  -6.2890828e-04
   2.8049091e-02   1.3587722e-02  -3.1456046e-01   7.3116134e-04  -1.2713567e-03  -5.9497899e-04
   2.2532511e-02  -6.6944032e-02  -3.1070916e-01   7.0328013e-04  -1.1547690e-03  -4.1682538e-04
   3.8795528e-02  -1.0349804e-01  -3.1188285e-01   6.0237974e-04  -1.3401802e-03  -4.5781859e-04
   4.8296603e-02  -1.7129672e-01  -2.6089226e-01  -4.4339918e-05  -1.3684358e-03  -3.3070366e-04
   3.8531516e-02  -1.5548676e-01  -2.8668640e-01   2.9976459e-04  -1.3666582e-03  -2.9762692e-04
   4.9295086e-02  -9.1507319e-02  -2.8448437e-01  -1.6767302e-06  -1.5937842e-03  -2.2795907e-04
   5.1453226e-02  -1.0748662e-01  -2.9672465e-01   5.0791798e-04  -1.5538955e-03  -1.3196155e-04
   3.8543197e-02  -8.3079887e-02  -3.4955263e-01   4.2755218e-04  -1.3742720e-03  -2.8297323e-04
   3.1131324e-02   1.4788982e-04  -3.1584609e-01   3.9900446e-04  -1.2565497e-03  -4.3102576e-04
   4.2158634e-02   6.8692815e-03  -3.3662014e-01   4.9455573e-04  -1.3804063e-03  -4.5727598e-04
   3.5591936e-02  -2.5908892e-02  -3.2211744e-01   3.0759217e-04  -1.2719357e-03  -2.7089615e-04
   4.6709429e-02  -5.9336418e-02  -2.9738031e-01   3.1146502e-04  -1.4391218e-03  -2.3649631e-04
   4.4427975e-02  -1.0690018e-01  -2.0446176e-01  -2.5115479e-04  -1.3233839e-03   4.1913786e-05
   3.1764350e-02  -1.1618565e-01  -1.1834593e-01  -9.6087162e-05  -1.0060316e-03   1.4872958e-04
   3.4887617e-03  -1.8698475e-01  -4.8154715e-02   5.8241495e-04  -2.0930082e-04  -8.0588645e-05
   1.5950976e-02   1.1394438e-01  -1.7122488e-01   3.3973953e-04  -8.6204333e-04  -2.5165328e-05
   3.8999815e-02  -7.9274032e-02  -2.4041778e-01   4.4254608e-04  -1.4531849e-03   2.0636361e-05
   4.0433505e-02  -6.7154128e-02  -3.0200522e-01   3.2723038e-04  -1.4796439e-03  -2.7731667e-05
   3.4052416e-02  -1.0271679e-02  -3.6658339e-01   5.0639030e-04  -1.4783332e-03  -2.2173078e-04
   4.0128835e-02   1.7404732e-02  -3.1796180e-01   1.0429619e-04  -1.3997493e-03  -2.3671454e-04
   5.1831949e-02   1.8735628e-03  -2.3860891e-01   1.7154853e-05  -1.5469851e-03  -9.3102475e-05
   4.9435582e-02  -8.2413143e-02  -2.9001557e-01  -2.7702891e-04  -1.5958788e-03   2.8686372e-05
   3.7540532e-02  -7.9792191e-02  -3.8948046e-01   6.0305506e-04  -1.4357489e-03  -1.9209491e-04
   5.1146619e-02  -5.4893640e-02  -3.0850915e-01   3.7459511e-04  -1.4377772e-03  -2.2059919e-04
   6.8061756e-02  -6.6559444e-02  -2.8715095e-01   1.1928427e-04  -1.5421897e-03  -2.1654489e-04
   6.9322678e-02  -4.7422662e-03  -2.7342159e-01  -3.9697889e-04  -1.6826100e-03  -1.4020064e-04
   6.1063915e-02  -2.9474552e-02  -3.3019152e-01  -5.6086901e-04  -1.7294606e-03  -5.6665504e-06
   5.4738788e-02  -1.2510676e-01  -3.9321583e-01   4.5366797e-04  -1.4124842e-03  -1.7490750e-04
   4.6627542e-02  -6.3237357e-02  -3.8862439e-01   7.8428459e-04  -1.3084317e-03  -5.4916458e-04
   6.3337020e-02   1.0204527e-01  -3.1375054e-01   4.1679841e-04  -1.7722026e-03  -2.9919258e-04
   4.9203338e-02  -1.2756884e-01  -3.3808830e-01   2.6343136e-05  -1.5953245e-03  -3.8027696e-04
   5.3076397e-02  -2.6656078e-02  -3.5734660e-01  -1.9597183e-05  -1.6897519e-03  -4.0524517e-04
   5.7751521e-02  -6.9011915e-02  -3.8836348e-01  -2.2420598e-04  -1.6509631e-03  -3.7998048e-04
   5.1923263e-02   6.4092519e-02  -3.5423420e-01   3.7088096e-04  -1.5837059e-03  -3.7852361e-04
   7.3375820e-02  -2.3961586e-02  -4.2358815e-01   1.1574981e-03  -1.8902549e-03  -4.4970156e-04
   6.9801058e-02  -2.5976889e-03  -3.6995684e-01  -7.7913706e-05  -1.6694601e-03  -5.0819955e-04
   7.4710814e-02  -1.6673023e-01  -3.0608504e-01   5.1547028e-04  -1.6860876e-03  -3.4006829e-04
   3.7027680e-02  -1.7104791e-01  -4.9290664e-01   3.5042655e-03  -1.7736037e-03  -4.3767708e-04
   7.4803228e-02   6.5147830e-02  -3.1463383e-01   1.2122671e-03  -1.9425582e-03   1.6242529e-04
   7.5154745e-02  -2.0651075e-02  -3.5029727e-01   6.6663825e-04  -2.0230020e-03   2.0718408e-04
   7.6464161e-02  -1.9727485e-02  -3.0862769e-01   1.5972513e-04  -1.9164104e-03   1.9309718e-04
   7.6594675e-02  -2.5720778e-02  -3.0944621e-01   5.5067491e-04  -1.9975350e-03   2.2366371e-04
   6.5336435e-02   1.1690100e-01  -3.0813583e-01   6.7935090e-04  -1.9713037e-03  -6.4939047e-05
   6.7554018e-02  -5.5502509e-02  -3.4291510e-01   9.9230701e-04  -1.8449321e-03  -1.7434215e-04
   6.3502661e-02  -1.7379377e-02  -2.7881935e-01   4.7134509e-04  -1.6501013e-03  -2.0188864e-04
   6.6677726e-02  -4.7623255e-02  -2.8160513e-01  -3.4469867e-05  -1.8431969e-03   2.4175898e-05
   7.2563514e-02  -1.4268570e-01  -3.3050638e-01   6.4684881e-04  -1.9107750e-03  -1.3704210e-04
   6.6937721e-02  -3.3022502e-02  -3.5636578e-01   6.0339860e-04  -1.9699594e-03  -3.9058176e-04
   6.6156367e-02  -3.4240059e-02  -2.9615639e-01   4.5222551e-04  -1.8974968e-03  -4.0252249e-04
   7.0777416e-02   4.6165030e-02  -3.0316300e-01   6.5034572e-04  -1.9706609e-03  -4.3529085e-04
   8.1763752e-02  -3.8158683e-02  -3.5475521e-01   1.1620919e-03  -2.1095370e-03  -4.7963627e-04
   7.0558779e-02  -3.3616214e-02  -2.8200034e-01  -3.0777642e-04  -1.9607897e-03  -3.3878862e-04
   6.4257570e-02  -1.3209699e-01  -2.6337661e-01  -1.7248905e-04  -1.8241910e-03  -2.1764054e-04
   6.9563734e-02  -5.5611702e-02  -3.0044457e-01  -7.5569934e-05  -2.0620746e-03  -2.6064352e-04
   5.4402523e-02  -1.8677752e-02  -3.9139413e-01   7.6493432e-05  -1.8526315e-03  -3.7700620e-04
   6.3536603e-02  -4.0446982e-02  -4.0127226e-01   1.5572204e-03  -2.0790595e-03  -4.3202006e-04
   7.9157897e-02   5.8431775e-02  -3.0498966e-01   1.6071262e-04  -2.0275393e-03  -3.3933746e-04
   5.8895189e-02  -9.9951757e-02  -3.6950132e-01   7.8009105e-04  -1.8753111e-03  -3.5859710e-04
   6.5192028e-02  -1.9138338e-01  -3.9383668e-01   1.1393946e-03  -1.9606052e-03  -4.5943175e-04
   6.4196943e-02  -2.8294001e-02  -4.2276239e-01   7.5883567e-04  -1.6421132e-03  -2.9925552e-04
   5.8530039e-02  -1.3164912e-01  -5.0701909e-01   2.7563903e-03  -1.6556577e-03  -7.4608106e-04
   6.9174307e-02  -6.2705273e-03  -3.9974323e-01   1.3687415e-03  -1.7275881e-03  -6.6411977e-04
   6.0944860e-02  -1.3929200e-01  -3.4452305e-01   1.2877902e-03  -1.5136597e-03  -5.2579784e-04
   1.6386225e-02  -6.1766121e-02  -4.7049477e-01   2.0371699e-03  -1.2439452e-03  -4.9530475e-04
   6.2473436e-02  -6.1998986e-03  -3.4135442e-01   1.5452982e-03  -1.7276547e-03   2.1038362e-04
   6.6004032e-02  -7.4302224e-02  -3.2522060e-01   1.3628247e-03  -1.7868259e-03   4.1356966e-04
   6.0682529e-02  -2.9522386e-02  -2.9234126e-01   8.1593158e-04  -1.9479627e-03   2.7921755e-04
   6.5206120e-02  -2.0090886e-02  -3.4246809e-01   6.1069211e-04  -1.9803129e-03   1.4469758e-04
   6.8766792e-02   6.8056290e-02  -3.6093779e-01   4.3745149e-04  -1.9687252e-03   9.9913569e-05
   8.1039511e-02  -8.0833280e-03  -4.0379165e-01   1.1647239e-03  -2.0497541e-03  -9.8412850e-05
   8.0483408e-02   4.0828340e-02  -3.9115777e-01   7.1535547e-04  -2.0080390e-03  -9.7995126e-05
   8.8958496e-02   1.6980051e-02  -3.5653246e-01   4.1184795e-04  -2.0207280e-03   7.0330150e-06
   7.0538959e-02  -1.4631294e-01  -3.0688939e-01   3.3989027e-04  -1.5105118e-03   1.8040855e-04
   4.9065833e-02  -8.6521264e-02  -3.3088768e-01   4.6535430e-04  -1.1795755e-03   2.5447212e-04
   4.7464785e-02  -6.1337654e-02  -3.4447316e-01   4.9762323e-04  -1.2153346e-03   2.8798400e-04
   3.9611076e-02   6.7022639e-02  -3.9225423e-01   4.3373515e-04  -1.0986199e-03   1.4136381e-04
   5.3321065e-02  -2.5405164e-02  -3.5554652e-01   1.3216990e-03  -1.4326187e-03   1.6557372e-04
   4.2902804e-02  -1.2699453e-02  -3.2711115e-01   2.1065265e-04  -1.0894864e-03   2.4095394e-04
   3.3036576e-02  -2.6183725e-02  -2.5595047e-01  -4.1441169e-04  -1.0075311e-03   2.4396149e-04
   2.6263496e-02  -3.9976578e-02  -3.1268102e-01   3.9495102e-04  -9.3170467e-04   3.2003285e-04
   4.0394765e-02  -1.0722220e-01  -3.8150497e-01   1.6046720e-04  -7.9678795e-04   5.1546323e-04
   7.1769374e-02  -1.8344957e-01   1.7493776e-03   1.7023302e-03  -3.9427008e-04   1.2129260e-03
   3.3480028e-02  -1.0415570e-01  -1.8255332e-01   8.6582280e-04  -2.8666136e-04   7.7433303e-04
   1.0919663e-02   1.5177850e-01  -4.6019143e-01   2.9214376e-03  -9.0297120e-04   7.1262844e-04
   2.5254108e-02  -6.1831477e-02  -2.7596986e-01   1.4129669e-03  -9.9352922e-04   1.0418543e-03
   2.9721444e-02  -5.9631651e-02  -2.5868568e-01   3.4220163e-04  -1.4538515e-03   1.1285083e-03
   5.0168418e-03  -1.6775678e-02  -3.2718874e-01   9.6917455e-04  -1.3027197e-03   6.9387100e-04
   3.3415141e-03   6.1609636e-02  -2.9514620e-01   1.0685005e-03  -1.5138160e-03   6.4452129e-04
   9.8913086e-03   1.0084713e-02  -2.0223510e-01  -1.4477669e-04  -1.6215700e-03   7.8492407e-04
   1.4160324e-02  -7.7097452e-02  -2.4277910e-01   1.2723855e-04  -1.6989780e-03   6.6068346e-04
   8.4363593e-03   7.4856172e-02  -3.5600428e-01   6.1260012e-05  -1.8885080e-03   1.6821127e-04
   2.8573927e-02  -2.0405271e-03  -2.8900646e-01   9.3626506e-04  -1.9951583e-03   3.6486741e-04
   2.0190235e-02   5.8577445e-02  -2.4411855e-01   2.5053019e-05  -1.9424331e-03   3.6545086e-04
   3.7836040e-02  -4.3593512e-02  -2.6901903e-01   1.9891617e-04  -2.3308641e-03   3.7142356e-04
   3.8637635e-02   1.4643051e-02  -3.3320862e-01   8.7602131e-05  -2.3873498e-03   2.1689831e-04
   3.7789048e-02  -2.5179114e-02  -3.7153853e-01   1.6264870e-03  -2.4213962e-03  -7.0434910e-05
   3.9886509e-02   7.7801334e-02  -2.5209269e-01   5.3829745e-04  -2.3795748e-03   1.4953373e-04
   3.6022293e-02  -8.5521249e-02  -2.8123992e-01   7.8180621e-05  -2.3373656e-03   3.4100713e-04
   3.7639172e-02  -3.1649747e-02  -3.6560319e-01   1.6789616e-04  -2.3126906e-03   2.0162013e-04
   3.0128549e-02   2.0000727e-02  -3.9909289e-01   9.7992292e-04  -2.5280642e-03  -1.7869778e-04
   3.6963727e-02  -4.3100151e-03  -3.1529069e-01   7.7587171e-04  -2.4566982e-03  -6.5913501e-05
   4.0397616e-02  -3.4381107e-03  -2.9437822e-01  -1.0407386e-04  -2.4632737e-03   7.4541085e-05
   3.3748754e-02  -1.7655563e-02  -2.6438872e-01  -1.5321361e-04  -2.3855977e-03   1.7082622e-04
   3.7275495e-02   4.4937267e-03  -2.8749248e-01  -1.3395009e-04  -2.5114758e-03   1.1773784e-04
   3.4696526e-02   4.1184516e-02  -3.0919445e-01  -1.1489532e-04  -2.4435426e-03   2.0457876e-04
   3.5313308e-02   1.1244000e-01  -2.8942161e-01   4.6495260e-04  -2.5012622e-03   1.1091135e-04
   3.7983424e-02   5.3253596e-02  -3.1046142e-01   1.2166249e-03  -2.3702188e-03   2.3378260e-04
   3.1808192e-02   1.3112075e-01  -3.4805999e-01   3.4651731e-04  -1.8609426e-03   1.9255216e-04
   3.5551926e-02   8.2906750e-02  -2.7612814e-01   5.1134948e-05  -1.5384743e-03   2.4768233e-04
   3.0904518e-02  -6.1977840e-02  -2.7230749e-01   7.1233880e-04  -1.5037693e-03   1.4369663e-04
   4.2783366e-02  -3.7101620e-02  -2.8827360e-01   3.7208160e-04  -1.8735540e-03   1.4229185e-04
   5.8313304e-02  -6.4817215e-02  -2.7748918e-01   2.1295536e-04  -2.0390008e-03   3.1426114e-04
   6.7007611e-02  -1.7540144e-02  -3.1329009e-01   6.3264822e-04  -1.9785650e-03   2.7920376e-04
   6.6081703e-02   8.0295562e-02  -3.4404566e-01   5.1059715e-04  -1.8170893e-03   2.2833622e-04
   7.3206651e-02   5.3262405e-02  -3.8362012e-01   1.2370699e-03  -1.7830809e-03   1.1060417e-04
   6.8349094e-02   4.9885768e-02  -3.9963484e-01   1.1610710e-03  -1.6346205e-03  -4.7972204e-05
   7.6894575e-02   1.6204804e-02  -3.2430350e-01   6.7579551e-04  -1.6254217e-03   1.5267444e-04
   6.3358631e-02  -4.5481745e-02  -3.5425457e-01   4.6067553e-04  -1.2223714e-03   2.1508510e-04
   5.8616094e-02  -1.2509717e-01  -3.4168725e-01   9.9793481e-04  -9.7026213e-04   4.4921409e-04
   6.3460112e-02  -1.1932234e-01  -3.3197517e-01   8.9069511e-04  -7.9212786e-04   5.2201285e-04
   6.9803202e-02  -6.2840197e-03  -4.2186318e-01   7.0468735e-04  -9.9285853e-04   3.7976233e-04
   7.0437833e-02  -3.7309046e-02  -3.2265440e-01   1.2150258e-03  -1.0584131e-03   5.4543258e-04
   6.9461048e-02   9.0886808e-03  -3.0344713e-01   6.8741091e-04  -1.0575527e-03   5.2906262e-04
   5.9556485e-02   7.5496335e-02  -2.9522537e-01   1.1568303e-03  -7.7801445e-04   3.4439736e-04
   5.9068061e-02   1.9312272e-02  -3.5272647e-01   8.8996970e-04  -6.9551953e-04   4.0823675e-04
   4.8216305e-02  -3.8081182e-02  -3.7048247e-01   1.1644015e-03  -3.8476487e-04   3.3184243e-04
   5.3358884e-02  -5.8543881e-02  -3.6214567e-01   8.5955176e-04  -4.3573559e-04   6.3543882e-04
   4.1427052e-02  -1.0892305e-01  -3.5320211e-01   9.8914439e-04  -3.3510570e-04   4.7479384e-04
   2.5486035e-02  -1.2987044e-01  -3.9553583e-01   1.5080921e-03  -3.7355582e-04   2.6290974e-04
   3.4011179e-02   9.0168916e-03  -3.5381649e-01   1.1047634e-03  -4.3825826e-04   1.9143262e-04
   3.9148154e-02  -1.0567107e-02  -3.9435614e-01   1.4570804e-03  -4.4551892e-04   1.5344978e-05
   4.8152115e-02  -1.2882731e-01  -4.6898699e-01   3.6041816e-03  -1.0333158e-03  -5.7533371e-04
   1.9669985e-02   1.2150146e-01  -5.6766715e-01   2.9962954e-03  -9.3783790e-04  -1.9882611e-04
   6.2910365e-02  -9.8561366e-02  -3.8324025e-01   2.4062310e-03  -9.4738688e-04   2.0601986e-04
   6.6128160e-02  -4.3595663e-03  -3.0837872e-01   1.8893344e-03  -8.6394593e-04   3.2613512e-04
   7.6353959e-02  -4.5001510e-02  -3.0744578e-01   1.0936300e-03  -1.0634168e-03   5.8679885e-04
   8.7181350e-02  -4.9710096e-03  -3.3906302e-01   1.1682262e-03  -1.2818356e-03   6.5551297e-04
   8.1716285e-02   1.1453446e-05  -3.4432523e-01   1.6553260e-03  -1.0315516e-03   6.4439462e-04
   6.7537415e-02   3.3968808e-02  -3.4840231e-01   1.3965317e-03  -8.5521993e-04   4.1798650e-04
   6.8454391e-02   7.6697426e-02  -4.0560553e-01   1.8081821e-03  -9.5393966e-04   2.0895698e-04
   7.4539756e-02   7.4160347e-02  -3.6214123e-01   1.3063703e-03  -7.9917428e-04   4.7064363e-04
   7.7113175e-02  -5.9977811e-02  -3.1492799e-01   7.8907870e-04  -6.9112483e-04   6.3194286e-04
   7.3897114e-02  -1.1464175e-02  -3.4970249e-01   1.7029269e-04  -8.4116468e-04   7.2867479e-04
   7.9504979e-02   3.7685810e-02  -4.0190680e-01   9.8978789e-04  -9.0004598e-04   6.1386055e-04
   7.9901384e-02   4.0920472e-02  -4.3639264e-01   1.6891043e-03  -1.1516184e-03   3.6985350e-04
   7.9961382e-02   9.9381146e-02  -3.9899257e-01   9.1412150e-04  -1.0299687e-03   2.9512604e-04
   7.8097494e-02  -2.4681415e-03  -3.5941921e-01   7.5382846e-04  -6.8340731e-04   5.3893958e-04
   9.0618688e-02  -1.7165590e-01  -3.7115294e-01   1.5104138e-03  -9.3995336e-04   6.3949029e-04
   7.9553406e-02  -6.8103624e-02  -4.0590014e-01   2.2631765e-03  -1.1268580e-03   4.0562376e-04
   6.7262826e-02  -6.6791749e-02  -3.8836039e-01   2.1312465e-03  -9.6771094e-04   2.5645555e-04
   5.9746772e-02   1.2444370e-02  -4.2203374e-01   2.6559729e-03  -1.0592450e-03  -5.2777240e-06
   4.8922083e-02  -1.0481382e-02  -4.5709011e-01   2.5539157e-03  -9.6627964e-04  -1.1553040e-04
   5.9945542e-02  -8.7979481e-02  -3.2962545e-01   2.4185758e-03  -1.1722019e-03  -4.3480345e-05
   6.2202486e-02  -1.4251670e-01  -3.4301761e-01   2.9104905e-03  -1.4116950e-03  -4.4891663e-05
   6.0676894e-02  -1.8015208e-02  -3.8035896e-01   2.3000729e-03  -1.5459443e-03  -2.5831171e-04
   4.1701320e-02   3.1944330e-02  -4.0743840e-01   2.3296342e-03  -1.2198078e-03  -3.0634768e-04
   3.4210496e-02   4.9190998e-02  -4.2239148e-01   2.4840185e-03  -1.4312916e-03  -5.4365141e-04
   4.9904228e-03  -5.8793295e-03  -4.0346622e-01   2.8481688e-03  -9.8636433e-04  -6.3133467e-04
   1.3494558e-02  -6.0615883e-02  -3.3921142e-01   2.4328727e-03  -1.0663843e-03  -5.4810740e-04
   1.5761651e-02  -1.0545112e-01  -3.2235074e-01   1.9588262e-03  -1.2647965e-03  -6.8462203e-04
   5.1500317e-03  -7.9999172e-02  -3.6440712e-01   2.1963618e-03  -9.7332888e-04  -7.5399103e-04
  -7.5257787e-03  -6.8819891e-03  -4.2749420e-01   2.5636908e-03  -8.8645576e-04  -9.6064313e-04
  -2.0736881e-02   4.5931214e-02  -3.8814497e-01   2.3286613e-03  -6.6618831e-04  -8.3696470e-04
  -2.0198897e-03  -2.7550128e-03  -3.0584989e-01   2.0295210e-03  -9.4653359e-04  -6.2976885e-04
  -1.3760195e-02  -1.0864778e-01  -3.1643510e-01   1.9694889e-03  -7.0150685e-04  -5.9108007e-04
  -7.8877171e-03  -9.7175043e-02  -3.8758832e-01   2.1223724e-03  -7.9422346e-04  -7.9414309e-04
   1.1760156e-02  -1.5957402e-02  -3.7608946e-01   2.2672825e-03  -1.0920324e-03  -8.3704468e-04
  -6.0007200e-04  -1.1506789e-02  -3.9256184e-01   2.7392227e-03  -9.5452587e-04  -8.7400998e-04
   6.2090378e-03  -9.5871896e-02  -4.0682865e-01   3.0305782e-03  -9.8642299e-04  -8.6001638e-04
  -9.9954863e-03   8.0258304e-03  -3.7011873e-01   2.3695515e-03  -7.5904567e-04  -5.1581864e-04
  -3.8210460e-02   7.8760282e-03  -5.0970703e-01   3.6254157e-03  -5.7222965e-04  -1.0976409e-04
  -3.7149906e-03  -9.6311763e-03  -3.3831854e-01   2.4078006e-03  -7.1017511e-04   3.2767466e-04
   1.2689831e-03  -1.5886992e-01  -3.0710790e-01   2.7351340e-03  -8.8057273e-04   4.8755057e-04
   1.3085329e-02  -5.1074504e-02  -2.8811172e-01   2.0337182e-03  -1.1044983e-03   3.8628976e-04
   2.7164338e-02  -6.2139106e-02  -3.0962663e-01   2.2039641e-03  -1.3813189e-03   2.7857981e-04
   1.9929101e-02   1.5770230e-02  -2.8688990e-01   2.1711155e-03  -1.3243094e-03   1.4107036e-04
   2.2594128e-02   3.3828291e-02  -3.0119432e-01   1.7093528e-03  -1.4652367e-03   3.9615590e-05
   2.6290088e-02   8.4187194e-02  -3.3464496e-01   1.9291597e-03  -1.5575473e-03  -6.7667184e-05
   2.3983222e-02   3.9120383e-02  -3.4037739e-01   2.2827851e-03  -1.6436376e-03  -2.8846037e-04
   1.6275525e-02   1.1517435e-01  -3.6218305e-01   2.3842557e-03  -1.6633290e-03  -3.8792681e-04
   4.0997670e-02   6.2234151e-03  -3.9496114e-01   2.7881582e-03  -2.0837870e-03  -4.4591926e-04
   4.8814728e-02   6.2475983e-02  -3.1840104e-01   1.2324724e-03  -1.8124441e-03  -3.7864937e-04
   5.2234346e-02  -7.8093839e-02  -3.2775189e-01   1.3806773e-03  -1.6743957e-03  -3.5552481e-04
   6.4962163e-02  -1.7410799e-02  -3.7625815e-01   1.5193390e-03  -1.9563263e-03  -3.5840535e-04
   6.8349426e-02   1.3318394e-02  -4.3554558e-01   1.6344880e-03  -2.0666466e-03  -4.8958463e-04
   8.4307917e-02   3.7568050e-02  -4.7263429e-01   2.8235426e-03  -2.2038358e-03  -4.5801026e-04
   9.1298409e-02   7.5921095e-02  -3.9037590e-01   1.1743238e-03  -2.0691462e-03  -3.5689583e-04
   8.4358679e-02  -4.5282986e-02  -3.7733885e-01   1.2725835e-03  -1.9232931e-03  -3.4403599e-04
   6.3031752e-02  -2.4778730e-02  -4.1242052e-01   8.1242117e-04  -1.6074164e-03  -9.4414781e-05
   5.4326889e-02   8.5980047e-02  -3.6563219e-01   8.9069757e-04  -1.5481122e-03  -1.3359752e-04
   6.0953515e-02   1.0709183e-01  -3.3913066e-01   1.8277797e-03  -1.8574057e-03  -2.5628808e-04
   6.4792038e-02   1.0471733e-01  -3.5713162e-01   1.5320419e-03  -2.0446054e-03  -4.5477361e-04
   5.9276287e-02   9.4042668e-02  -3.3796828e-01   4.1183763e-04  -1.7263095e-03  -2.6775217e-04
   5.8559012e-02   2.2531679e-02  -3.3562376e-01   9.6691191e-04  -1.7478183e-03  -2.9148445e-04
   4.9528693e-02  -1.1692888e-02  -3.3742813e-01   1.2322380e-03  -1.7353535e-03  -3.0878298e-04
   5.7097203e-02  -4.1677335e-02  -3.5556578e-01   1.5379000e-03  -1.9825621e-03  -2.5424090e-04
   6.2198484e-02   9.8361497e-03  -3.8452675e-01   1.7293621e-03  -2.1465498e-03  -3.6903578e-04
   5.0946697e-02   5.0911101e-02  -3.9472743e-01   1.8752807e-03  -2.0489955e-03  -4.8006072e-04
   4.2024255e-02   8.9648486e-02  -3.9132680e-01   1.9724719e-03  -1.8738617e-03  -4.4152356e-04
   4.8881572e-02   1.5940555e-02  -4.4343612e-01   1.9269703e-03  -1.9609929e-03  -5.0973059e-04
   6.7115515e-02  -5.3878129e-02  -4.3541669e-01   2.0450309e-03  -2.2655826e-03  -5.6135900e-04
   7.1603211e-02  -1.3598906e-02  -3.8956398e-01   1.2469564e-03  -2.1840875e-03  -5.1192632e-04
   6.4984898e-02  -7.1638296e-02  -3.8575097e-01   1.4628987e-03  -2.0905761e-03  -5.0730862e-04
   6.2198758e-02  -2.3895730e-02  -3.9649310e-01   1.3088317e-03  -2.1248518e-03  -4.2664432e-04
   5.5344653e-02   2.5055923e-02  -4.0199937e-01   6.2794066e-04  -1.9929107e-03  -4.5853271e-04
   6.3192175e-02   3.5918543e-02  -3.6073106e-01   1.6618578e-03  -2.1486053e-03  -4.8460854e-04
   7.0483796e-02   9.9014012e-02  -4.0515492e-01   2.1535915e-03  -2.3661428e-03  -5.6543315e-04
   6.9739772e-02   1.1660504e-01  -4.1016334e-01   1.7051322e-03  -2.3700558e-03  -6.0353787e-04
   7.6509264e-02   1.5241283e-02  -4.3613174e-01   1.6879791e-03  -2.3998744e-03  -7.6084924e-04
   6.8574136e-02  -3.4742958e-02  -3.8919837e-01   1.6012887e-03  -2.1927500e-03  -6.0680701e-04
   7.4909200e-02  -8.6120046e-02  -4.1179779e-01   1.6456411e-03  -2.5599909e-03  -5.5646026e-04
   7.8545213e-02  -1.6331614e-02  -3.8242096e-01   1.8534631e-03  -2.8063256e-03  -6.1835378e-04
   5.9822401e-02  -9.8400617e-03  -3.9223838e-01   1.9720551e-03  -2.7413907e-03  -8.0816021e-04
   5.0096155e-02   2.6531188e-02  -3.9230976e-01   1.8813233e-03  -2.4973798e-03  -8.5144844e-04
   4.8887839e-02   9.3889147e-02  -4.1904725e-01   2.0133475e-03  -2.4570179e-03  -8.4289593e-04
   4.1371194e-02   5.0029205e-02  -4.2610659e-01   2.9100107e-03  -2.5836721e-03  -1.1041902e-03
   5.5263549e-02   2.1730497e-02  -3.7607304e-01   2.0721836e-03  -2.5709775e-03  -9.3410279e-04
   3.9635394e-02   1.1204206e-02  -2.9618056e-01   1.1912210e-03  -2.2742976e-03  -8.3567513e-04
   3.7005012e-02  -1.3737348e-02  -2.9537830e-01   1.3940297e-03  -2.2879913e-03  -9.1085922e-04
   3.1671561e-02  -9.7504924e-02  -3.4352827e-01   2.0742858e-03  -2.4238801e-03  -1.0078764e-03
   3.6053061e-02  -7.5008334e-03  -3.1539229e-01   1.2710599e-03  -2.5074403e-03  -9.6774845e-04
   4.5681681e-02   3.3639746e-02  -3.3042391e-01   2.1489079e-03  -2.5020617e-03  -1.0239252e-03
   4.9155980e-02   3.9791518e-03  -3.6504859e-01   2.7381305e-03  -2.6279535e-03  -1.2972265e-03
   4.0387458e-02   7.1621520e-03  -3.5796378e-01   2.6111381e-03  -2.5084260e-03  -1.3106948e-03
   3.5611214e-02  -2.2687043e-02  -3.9279605e-01   2.5447142e-03  -2.4304708e-03  -1.3950149e-03
   3.7721508e-02  -1.5760614e-02  -3.3727490e-01   2.4973378e-03  -2.6203191e-03  -1.5400576e-03
   4.5286219e-02  -5.2078579e-02  -3.4556023e-01   2.3195082e-03  -2.7656129e-03  -1.3971769e-03
   5.1239668e-02  -8.2037766e-02  -3.6000641e-01   2.2738458e-03  -2.9779358e-03  -1.3603919e-03
   4.2249458e-02  -4.2733114e-02  -4.6501791e-01   2.4935917e-03  -2.8107570e-03  -1.5353369e-03
   7.8771417e-02  -1.1319408e-01  -1.4051476e-01   2.5563428e-03  -2.5100205e-03  -1.1515873e-03
   4.8889541e-02  -2.1327694e-01   4.3860014e-02   2.3994006e-03  -1.5747360e-03  -7.8304862e-04
   3.4938244e-02   4.4250125e-02  -2.1727208e-01   2.9075206e-03  -1.9152490e-03  -1.0710644e-03
   9.6688358e-03   1.6726852e-01  -4.6962023e-01   4.5998181e-03  -2.0670513e-03  -8.2856244e-04
   5.2724260e-02  -3.1969722e-02  -2.9805507e-01   2.4786970e-03  -2.2813158e-03  -6.1195807e-04
   5.9566029e-02  -7.1608945e-02  -3.2446174e-01   2.6935633e-03  -2.5005786e-03  -8.3184569e-04
   6.1174154e-02  -5.5791607e-03  -3.2918841e-01   2.9401527e-03  -2.9123914e-03  -8.8877466e-04
   5.9586917e-02   2.5528934e-02  -3.3944209e-01   2.3052817e-03  -3.0139060e-03  -9.2425964e-04
   5.4846064e-02   3.4264468e-02  -3.6921529e-01   3.0943161e-03  -3.0619463e-03  -1.0124095e-03
   7.1733733e-02   2.9600447e-02  -2.9171041e-01   2.1733431e-03  -2.7793159e-03  -8.5162013e-04
   5.1387323e-02  -7.8983319e-02  -2.7398465e-01   2.6528688e-03  -2.6206626e-03  -8.8730739e-04
   6.0063570e-02  -2.3156524e-02  -3.3110732e-01   2.4360294e-03  -3.1622324e-03  -9.0474147e-04
   6.0824055e-02   7.9557000e-02  -3.3883125e-01   2.6900549e-03  -3.3684030e-03  -9.1327670e-04
   5.8224469e-02   7.1531174e-02  -3.5343017e-01   3.1729694e-03  -3.3451438e-03  -1.1220509e-03
   7.2715410e-02   1.1032113e-01  -3.6139519e-01   2.7917253e-03  -3.2059229e-03  -1.1380637e-03
   7.2937342e-02   2.6658191e-02  -3.3857656e-01   2.4966007e-03  -3.0228592e-03  -1.0158474e-03
   7.7257757e-02  -3.3070134e-02  -3.7831403e-01   2.1346205e-03  -3.2954948e-03  -8.2590479e-04
   8.1516414e-02  -8.9919419e-02  -4.3215766e-01   2.8417721e-03  -3.1135898e-03  -8.0512912e-04
   7.2711166e-02  -1.5958987e-01  -5.0706003e-01   3.6356611e-03  -2.7286228e-03  -1.0717004e-03
   9.3868837e-02  -5.1020019e-02  -3.5173739e-01   2.9600720e-03  -2.9159543e-03  -9.9635894e-04
   8.0293842e-02   1.0216056e-02  -3.7152774e-01   2.2986634e-03  -2.3402596e-03  -8.3469899e-04
   1.0498083e-01  -4.8683867e-02  -3.6424528e-01   1.4432353e-03  -2.7742811e-03  -6.9846309e-04
   1.1710059e-01  -5.8894934e-02  -3.7604110e-01   1.0265011e-03  -3.1410968e-03  -8.0203618e-04
   1.2657878e-01   1.5354363e-02  -3.4541831e-01   1.0065047e-03  -3.0851397e-03  -4.4819957e-04
   1.3594950e-01   1.0562299e-01  -3.9695909e-01   1.3960691e-03  -3.2929774e-03  -4.1173389e-05
   5.0097738e-02   1.6640641e-01  -5.3218809e-01   2.9351167e-03  -1.5944016e-03   2.3605824e-04
   1.0222581e-01   1.6960166e-02  -3.5764187e-01   1.9199458e-03  -2.9501609e-03   2.8201221e-04
   1.1595464e-01  -3.9255257e-02  -3.0314664e-01   1.7847340e-03  -3.8462297e-03   1.4881209e-04
   1.1080612e-01   7.4995879e-03  -3.1947724e-01   1.7047150e-03  -4.0685684e-03   4.7527765e-05
   1.0910777e-01  -1.4050912e-02  -3.3716252e-01   1.7511889e-03  -4.1015703e-03  -1.6355007e-04
   1.0771726e-01   5.3924497e-02  -3.3450845e-01   1.5754727e-03  -4.1447420e-03  -3.9976381e-04
   1.0568767e-01   1.4632441e-01  -3.6605229e-01   1.7405024e-03  -4.3127712e-03  -6.7761585e-04
   9.9000647e-02   1.5755913e-01  -3.2975569e-01   2.0804315e-03  -4.4413620e-03  -9.8122959e-04
   1.1584090e-01   5.6423273e-02  -3.0378874e-01   1.3584147e-03  -4.5248477e-03  -9.5623820e-04
   1.1058652e-01  -2.0917728e-02  -3.0714251e-01   1.4803760e-03  -4.5780812e-03  -1.0584934e-03
   8.3455716e-02   5.1847083e-02  -3.3936481e-01   1.3923881e-03  -4.3885633e-03  -1.5737510e-03
   8.9337384e-02   1.3651232e-01  -3.2406033e-01   1.5830899e-03  -4.5593931e-03  -1.9039287e-03
   8.4136425e-02   1.1780508e-01  -3.4254702e-01   2.3592914e-03  -4.7835687e-03  -2.1519763e-03
   1.0110413e-01   8.9137182e-02  -3.6762094e-01   2.9176580e-03  -4.8472431e-03  -2.3926321e-03
   1.1262842e-01   4.3008417e-02  -2.5947005e-01   1.5220513e-03  -4.8133063e-03  -2.0956800e-03
   9.0945855e-02  -1.0436345e-02  -2.9540010e-01   1.9308318e-03  -4.7469261e-03  -2.0722377e-03
   8.9658261e-02  -6.2568125e-02  -3.4631933e-01   2.7477029e-03  -4.9348199e-03  -2.1609330e-03
   8.4773843e-02   4.3569007e-02  -3.0921317e-01   2.2584946e-03  -5.1793994e-03  -2.3379900e-03
   8.9463391e-02   1.1529869e-01  -3.3574863e-01   2.8415556e-03  -5.2570956e-03  -2.4346474e-03
   9.5309230e-02   1.5000729e-01  -3.2786396e-01   2.9701477e-03  -5.2367605e-03  -2.5406627e-03
   8.8476644e-02   2.3212451e-02  -3.8943019e-01   2.4399187e-03  -5.0118823e-03  -2.4201983e-03
   9.1479875e-02  -1.7008023e-02  -3.8487439e-01   2.5260493e-03  -4.7598860e-03  -2.4512184e-03
   9.9216543e-02  -1.5108482e-01  -3.3737505e-01   2.6914288e-03  -4.5279632e-03  -2.3735007e-03
   1.0586681e-01  -2.5015014e-02  -3.2768663e-01   2.5475551e-03  -4.9612996e-03  -2.2495738e-03
   1.1095383e-01  -6.3251948e-02  -3.4141409e-01   2.6900444e-03  -5.1112698e-03  -2.2096644e-03
   1.1909236e-01   2.2423559e-02  -3.9244378e-01   2.5218811e-03  -5.2187160e-03  -2.3335271e-03
   1.2702704e-01   8.1084642e-02  -4.0885230e-01   3.1143085e-03  -5.5454418e-03  -2.4025516e-03
   1.3864866e-01   4.5405099e-02  -4.0101602e-01   2.9986066e-03  -5.7153881e-03  -2.6624545e-03
   1.3472106e-01  -4.1699788e-02  -4.0158447e-01   3.0826358e-03  -5.6423578e-03  -2.4956218e-03
   1.3844457e-01   1.1721001e-02  -3.7515315e-01   2.8616696e-03  -5.7537626e-03  -2.5591530e-03
   1.1983400e-01  -1.3122122e-01  -4.0581843e-01   3.9815810e-03  -5.7946271e-03  -2.7786084e-03
   1.0351299e-01  -6.6510124e-02  -4.0447295e-01   3.6818479e-03  -5.5552469e-03  -2.9718725e-03
   1.0468735e-01   3.6979435e-02  -4.0151645e-01   2.9218632e-03  -5.4779804e-03  -2.7644884e-03
   1.0043437e-01   1.1898622e-01  -4.2902444e-01   2.8964490e-03  -5.5004230e-03  -2.7251774e-03
   1.1052222e-01   1.1471232e-01  -4.6055628e-01   3.8884906e-03  -5.7132905e-03  -2.7184317e-03
   1.0538326e-01  -4.5841856e-02  -4.6846740e-01   3.6736745e-03  -5.5554329e-03  -2.8959355e-03
   9.3786052e-02  -3.0402041e-02  -4.0497574e-01   3.0301287e-03  -5.1852703e-03  -2.9807765e-03
   7.2962509e-02  -1.8430203e-01  -4.5278585e-01   3.3264162e-03  -4.7541434e-03  -2.6608434e-03
   6.4127466e-02  -9.8158920e-03  -4.3842056e-01   3.4329418e-03  -4.6286847e-03  -2.5851419e-03
   7.3694894e-02  -8.3383540e-03  -4.5976899e-01   3.7692101e-03  -5.0917229e-03  -2.6904987e-03
   6.8393078e-02   7.4850503e-04  -4.2442690e-01   4.0605169e-03  -5.3291839e-03  -2.8190911e-03
   5.7824886e-02   2.5104045e-02  -4.6054537e-01   3.9072131e-03  -5.0045363e-03  -2.8415320e-03
   6.2470490e-02  -2.8314050e-02  -3.9176355e-01   3.7931763e-03  -4.8964997e-03  -2.8591327e-03
   5.8161713e-02  -4.3273146e-02  -3.8497017e-01   3.4825921e-03  -5.0552004e-03  -2.4518965e-03
   7.4049515e-02  -2.1111711e-01  -4.5342088e-01   4.1468448e-03  -5.1110984e-03  -2.4502009e-03
   6.5165256e-02  -1.0838094e-02  -4.2230680e-01   3.7838863e-03  -5.1625405e-03  -2.6218101e-03
   7.5958153e-02   9.9998785e-02  -4.2903866e-01   4.0677627e-03  -5.3405511e-03  -2.9263013e-03
   8.5350771e-02   7.5239510e-02  -4.6374097e-01   3.6523735e-03  -5.0181576e-03  -2.9859718e-03
   9.4265697e-02  -9.2047321e-02  -4.1058255e-01   3.4763642e-03  -4.7839938e-03  -2.8977318e-03
   1.1079610e-01  -1.2624216e-01  -4.3737814e-01   3.3413205e-03  -4.7737932e-03  -2.7027603e-03
   9.7643668e-02  -1.2740998e-01  -5.0064633e-01   3.4441172e-03  -4.3700161e-03  -2.4316988e-03
   9.2845423e-02  -6.4865711e-02  -5.2383269e-01   3.7308862e-03  -4.2680894e-03  -2.6536694e-03
   8.9474397e-02  -5.2166339e-02  -5.3644097e-01   4.0304140e-03  -3.9571063e-03  -2.4117736e-03
   9.5742194e-02  -2.9344873e-02  -4.2890406e-01   3.4482779e-03  -3.5593736e-03  -1.8273319e-03
   9.8138638e-02  -8.4976639e-02  -4.5964114e-01   2.9422465e-03  -3.5371978e-03  -1.5676653e-03
   1.0462293e-01  -1.0125488e-01  -5.0567639e-01   3.5270930e-03  -3.6462019e-03  -1.6819135e-03
   1.0218617e-01  -8.3138676e-03  -4.7151977e-01   3.3996009e-03  -3.4802110e-03  -1.8671004e-03
   1.1201565e-01   1.0805547e-02  -4.7905285e-01   3.8919541e-03  -4.1712696e-03  -2.0430201e-03
   1.1729125e-01  -5.0559417e-02  -4.4183799e-01   3.5417785e-03  -4.4207394e-03  -2.1761509e-03
   1.1548059e-01  -9.4983162e-02  -3.7770000e-01   3.5726080e-03  -4.6127511e-03  -2.3730025e-03
   9.8862213e-02  -1.1247803e-01  -4.1095491e-01   3.4559873e-03  -4.3696728e-03  -2.5010470e-03
   9.0109995e-02  -3.8905019e-02  -4.4323632e-01   3.2071466e-03  -4.2864137e-03  -2.4106670e-03
   8.9572517e-02  -3.8737421e-02  -4.3910603e-01   3.7457591e-03  -4.4562141e-03  -2.4980092e-03
   1.0133242e-01  -6.7609508e-02  -4.1043588e-01   5.0491601e-03  -4.6494366e-03  -2.7529908e-03
   9.5496240e-02  -3.8477387e-02  -4.0478535e-01   3.6609136e-03  -4.8208407e-03  -2.8522163e-03
   8.1482113e-02  -5.3994728e-02  -4.0037939e-01   3.1944380e-03  -4.5663879e-03  -2.6789254e-03
   7.3655047e-02  -1.1648725e-01  -4.0809024e-01   3.6349352e-03  -4.6010195e-03  -2.4777076e-03
