   0.0000000e+00   0.0000000e+00   0.0000000e+00   0.0000000e+00   0.0000000e+00   0.0000000e+00
  -4.2253423e-03   8.8664912e-02  -7.3937144e-02  -2.8887327e-04  -5.4639082e-05   1.4463153e-04
  -1.5918331e-02   2.7097364e-02  -8.1570003e-03  -3.2440048e-04   2.1108547e-04   6.5015597e-05
   4.3928338e-03   4.8492671e-02  -6.9221568e-02  -2.2432800e-04  -1.7868944e-04   1.5297965e-04
   1.0013473e-04   6.6713417e-02  -1.9419689e-02  -6.9662131e-04  -9.8884739e-06   3.2899806e-04
   6.1070985e-03   5.6580331e-02  -3.1430613e-02   1.1431266e-04   1.7758579e-05   3.0437220e-04
  -1.8603020e-02   1.8657473e-01  -3.6079330e-02  -4.2838560e-04   3.0451997e-04   4.6575669e-04
  -1.6540735e-02  -3.2755968e-02  -4.4483848e-02   3.2744024e-04   4.7359930e-04   3.8613621e-04
  -1.1123113e-02   3.7210459e-02  -1.9398214e-02  -2.6984564e-04   3.4114878e-04   4.1473915e-04
   1.4485560e-02   4.7069981e-02  -5.2979299e-02   6.2285289e-05  -6.9309337e-05   3.5278682e-04
   1.0287876e-02   1.7779019e-01   6.3852072e-03  -1.2708153e-03   8.0393658e-05   6.2907454e-04
   2.2375298e-02   6.2752625e-02  -4.4613643e-02  -3.0195069e-04  -1.5437310e-04   4.8837822e-04
   7.3692726e-03   3.5314509e-02   9.3393254e-03  -3.0164436e-04   1.4470625e-04   6.4536733e-04
   9.3779361e-03   7.7851764e-02  -5.0710257e-02   3.3724063e-04  -3.0370580e-06   6.8400201e-04
   4.0696172e-03   1.3791039e-01  -2.8654107e-02  -3.8014902e-04  -3.6180130e-05   5.3448215e-04
   8.4120000e-03   4.2323499e-02  -1.9286053e-03   2.5616967e-04   1.0883004e-04   5.6560912e-04
   1.9345553e-02   1.7034222e-01  -2.2115334e-02  -5.5630682e-04  -7.0450958e-05   7.5081357e-04
   3.3112816e-02   1.7884470e-02  -1.6158998e-02   3.1022779e-05  -1.2629762e-04   7.9896850e-04
   2.7393147e-02   1.5941660e-01  -7.9087656e-02  -2.2037041e-04  -2.3712827e-04   8.3924527e-04
   2.3482027e-02   4.2164992e-02  -2.5251510e-02   6.4783205e-04  -8.1330199e-05   8.8522472e-04
   1.8971448e-02   9.5682223e-02  -6.5446222e-02   3.0362662e-04  -1.1565441e-04   8.8249378e-04
   7.2065564e-04   4.2131824e-02  -3.6074455e-02   8.9204364e-04   2.8891923e-04   1.0261828e-03
  -1.9333183e-03   1.1346109e-01  -6.9903221e-02  -1.0477658e-05   1.4250338e-04   9.2345059e-04
   7.2894882e-03   3.6587424e-02  -7.0173182e-02   9.5657113e-04   2.3466267e-05   8.1922330e-04
   1.1544023e-02   8.7703580e-02  -8.5484013e-02   5.6620808e-04  -2.0329407e-04   8.8147810e-04
   1.2357170e-02  -6.3748560e-03  -1.9702298e-02   1.7275068e-03   1.0121438e-05   8.7694366e-04
   8.5979984e-03   2.2084112e-02  -2.3777061e-02   9.4695492e-04   2.3028663e-05   9.3428063e-04
   1.0616521e-02   3.0846535e-02  -6.0369235e-02   1.6298070e-03  -2.2628362e-04   7.4682078e-04
   1.5660175e-02   1.9212746e-01  -6.6007863e-02   8.9184704e-04  -4.1141185e-04   8.0700622e-04
   2.3684259e-02  -1.1715440e-01   1.5481907e-02   1.7550995e-03  -2.6672045e-04   8.0225373e-04
   2.0533898e-02   3.4205663e-02   7.0019044e-03   1.1143804e-03  -4.1459803e-04   7.5898126e-04
   3.7158493e-02  -6.6977528e-02  -1.1787826e-02   1.7913231e-03  -6.2012090e-04   7.1286440e-04
   2.5307662e-02   6.0513083e-02   2.2822607e-02   9.5669366e-04  -4.7732759e-04   7.0451989e-04
   3.4346707e-02  -4.9212786e-02  -2.0827771e-02   1.9156881e-03  -6.2177811e-04   5.9767571e-04
   3.7579608e-02   9.7590139e-02  -3.0013336e-03   1.0496199e-03  -7.8363692e-04   6.8899502e-04
   5.9470233e-02  -4.7326223e-02  -3.4200760e-02   1.7210767e-03  -1.2151938e-03   6.3347607e-04
   3.4582059e-02  -1.1872156e-02   1.8394277e-02   1.4751261e-03  -8.1947883e-04   6.8810211e-04
   5.7965463e-02  -1.3573229e-02  -5.0337589e-02   1.6492041e-03  -1.3070409e-03   7.3065833e-04
   6.7179096e-02  -1.6915769e-03   1.7587531e-02   1.6188819e-03  -1.4194157e-03   8.4904305e-04
   6.7890691e-02  -3.1956177e-02  -5.2423412e-03   1.8965874e-03  -1.4910852e-03   9.3271939e-04
   6.6155593e-02  -6.8846263e-02  -1.1765848e-02   2.3848106e-03  -1.4720175e-03   9.6023264e-04
   6.6255074e-02   6.1487559e-02  -3.5147406e-02   1.4731667e-03  -1.5650024e-03   1.0049663e-03
   5.8121877e-02  -3.7120637e-02  -4.1700285e-02   2.1819308e-03  -1.2926835e-03   1.0083429e-03
   5.2101261e-02  -2.6697310e-03  -2.6608382e-02   2.3335867e-03  -1.2700636e-03   1.1425843e-03
   7.1111263e-02  -4.3166001e-02  -9.4783001e-02   2.3013468e-03  -1.7654845e-03   1.1239642e-03
   6.4575463e-02   2.6536734e-02  -3.9480444e-02   2.3617602e-03  -1.3643718e-03   1.2974211e-03
   6.1075765e-02  -8.6689534e-02  -6.8470509e-02   2.7755363e-03  -1.3312377e-03   1.3156184e-03
   6.3222969e-02  -5.6189811e-02  -7.6897275e-02   3.0038097e-03  -1.3085002e-03   1.4569346e-03
   7.5474636e-02  -9.8382888e-03  -1.1309728e-01   2.5151918e-03  -1.5364185e-03   1.5170974e-03
   7.4711887e-02  -1.4030022e-01  -8.7651546e-02   3.5007020e-03  -1.2474920e-03   1.8717489e-03
   6.9641675e-02  -3.7547083e-02  -6.7072837e-02   2.9861098e-03  -1.1589605e-03   2.0143106e-03
   7.9651683e-02  -1.4758609e-01  -1.1104178e-01   3.6005271e-03  -1.3515768e-03   2.0744386e-03
   7.9780339e-02  -3.8670784e-02  -5.1665480e-02   3.0536016e-03  -1.2797057e-03   2.2997096e-03
   9.1612271e-02  -1.0992138e-01  -9.5266859e-02   3.4285393e-03  -1.5260393e-03   2.3119657e-03
   8.5932489e-02  -1.7948742e-01  -2.9257929e-02   3.8473729e-03  -1.1542406e-03   2.5650534e-03
   8.5066102e-02  -5.0567208e-02  -5.1640426e-02   3.5664422e-03  -1.2372009e-03   2.7526616e-03
   9.8574116e-02  -1.6089135e-01  -1.1868138e-02   4.2065954e-03  -1.2833067e-03   2.9064424e-03
   9.7575791e-02  -7.0006777e-02  -2.6302500e-02   3.6000537e-03  -1.3908436e-03   3.0912921e-03
   1.1796155e-01  -1.6411083e-01  -3.7534071e-02   4.0577065e-03  -1.8105002e-03   3.1480524e-03
   1.0368736e-01  -3.3326952e-02  -2.6694026e-02   3.7687066e-03  -1.6601910e-03   3.5132922e-03
   1.3363798e-01  -2.4360452e-01  -1.3160679e-02   4.9354163e-03  -2.1073583e-03   3.5170721e-03
   1.3519461e-01  -1.2790632e-01   4.6408051e-03   4.5576659e-03  -2.0806905e-03   3.7955058e-03
   1.3565305e-01  -2.4982256e-01  -1.6268364e-02   5.1792391e-03  -2.1446302e-03   3.6878963e-03
   1.3032475e-01  -7.0033491e-02  -4.9842069e-02   4.4625196e-03  -2.3039997e-03   3.7597507e-03
   1.2456374e-01  -1.7755370e-01   3.2218875e-02   4.8162390e-03  -1.7821155e-03   3.9435024e-03
   1.3414238e-01  -2.1106441e-01  -6.5466573e-03   5.2610032e-03  -1.9760067e-03   3.9152928e-03
   1.2473306e-01  -9.7273267e-02   1.4135314e-02   5.2308725e-03  -1.8786573e-03   3.8862641e-03
   1.3071788e-01  -2.6904832e-01   5.9253032e-02   5.5197404e-03  -1.8237290e-03   4.0080418e-03
   1.3292177e-01  -5.4662705e-02   5.7600347e-03   4.5345757e-03  -2.0126221e-03   4.0461322e-03
   1.2401609e-01  -2.7290516e-01   1.0467293e-01   5.3847521e-03  -1.4805251e-03   4.1721223e-03
   1.3142922e-01  -2.6167542e-01   5.6066312e-02   5.9833453e-03  -1.6193551e-03   4.0727375e-03
   1.2871510e-01  -1.7554710e-01   9.3049623e-02   5.7120428e-03  -1.4790355e-03   4.3335092e-03
   1.4698665e-01  -2.0053413e-01   5.3533433e-02   5.8061543e-03  -1.8306586e-03   4.2160827e-03
   1.4396202e-01  -1.8414140e-01   9.9091217e-02   5.2742007e-03  -1.6417558e-03   4.5090031e-03
   1.5241297e-01  -3.0170249e-01   8.4566102e-02   6.1764389e-03  -1.6012933e-03   4.5464148e-03
   1.3819348e-01  -1.3751967e-01   1.0470197e-01   5.5840300e-03  -1.3197362e-03   4.8280036e-03
   1.4975300e-01  -2.7370331e-01   1.2116484e-01   6.4727482e-03  -1.3965085e-03   4.9541684e-03
   1.4786713e-01  -1.6571431e-01   1.1615204e-01   6.0765687e-03  -1.4190572e-03   5.1366588e-03
   1.4060593e-01  -3.2726695e-01   9.0216395e-02   6.5790027e-03  -1.3915330e-03   5.1080547e-03
   1.4416959e-01  -1.3659516e-01   9.0903235e-02   5.7670794e-03  -1.3967960e-03   5.2832172e-03
   1.4674054e-01  -3.1668455e-01   8.0285220e-02   7.0127903e-03  -1.2357237e-03   5.2785377e-03
   1.4485734e-01  -2.1545231e-01   1.0356970e-01   7.0239358e-03  -1.1387682e-03   5.5470760e-03
   1.5888673e-01  -3.3220439e-01   7.1486582e-02   6.8586398e-03  -1.4447675e-03   5.5588330e-03
   1.5759792e-01  -2.1722715e-01   1.2287181e-01   6.4452787e-03  -1.3255364e-03   5.7173715e-03
   1.6060136e-01  -2.7052949e-01   1.0229623e-01   6.9336250e-03  -1.3869129e-03   5.6831715e-03
   1.5123231e-01  -3.1586168e-01   1.3241464e-01   7.0074650e-03  -1.1370847e-03   5.8394508e-03
   1.4984932e-01  -2.1531975e-01   8.7690499e-02   6.4526712e-03  -1.1772279e-03   5.9533940e-03
   1.5883485e-01  -2.6670063e-01   9.7750921e-02   6.9385275e-03  -1.0915677e-03   6.1172953e-03
   1.2957135e-01  -2.4558854e-01   8.6696519e-02   6.8229522e-03  -3.4234159e-04   6.6167428e-03
   1.2535466e-01  -3.1447099e-01   1.0229300e-01   7.8439038e-03  -8.2812472e-05   6.9148946e-03
   1.1487113e-01  -2.8510789e-01   1.1480624e-01   7.6849782e-03   3.8705061e-04   7.6109619e-03
   1.3774652e-01  -3.3209100e-01   7.2810131e-02   8.0794604e-03  -1.4360105e-04   7.4015185e-03
   1.3660955e-01  -3.4402681e-01   1.0744529e-01   8.3007743e-03  -1.1958300e-05   7.5278742e-03
   1.3774720e-01  -2.9260544e-01   6.9606275e-02   8.5828401e-03  -1.3288423e-04   7.4495449e-03
   1.3672591e-01  -3.9160660e-01   1.3995716e-01   9.2198125e-03   1.9799250e-04   7.8836897e-03
   1.4595371e-01  -3.5169196e-01   1.0249720e-01   8.8590513e-03  -6.5442235e-05   7.9504712e-03
   1.5561847e-01  -3.7662513e-01   1.0585457e-01   9.3556759e-03  -1.5333748e-04   8.0864565e-03
   1.4036730e-01  -2.9335450e-01   1.2860694e-01   8.7217760e-03   1.8309106e-04   8.3319723e-03
   1.4723973e-01  -4.0431887e-01   1.1546139e-01   9.4189921e-03   1.4611589e-04   8.3602934e-03
   1.5090767e-01  -2.5654529e-01   1.1861412e-01   8.4005667e-03   3.4847650e-04   8.8524010e-03
   1.7200834e-01  -3.2506487e-01   8.2284111e-02   8.8835144e-03   3.0150061e-05   8.7806748e-03
   1.5980036e-01  -3.5316619e-01   1.7252833e-01   8.5071261e-03   4.0300790e-04   8.9597417e-03
   1.5973226e-01  -4.4094796e-01   1.4467652e-01   9.2996237e-03   5.7827140e-04   9.1096614e-03
   1.4722664e-01  -2.8812854e-01   1.5017021e-01   8.4027537e-03   8.7829040e-04   9.4638516e-03
   1.5881458e-01  -3.8084387e-01   1.3683954e-01   9.0886726e-03   7.1840190e-04   9.5576386e-03
   1.5017405e-01  -3.1191074e-01   1.6505445e-01   8.8382449e-03   9.8464081e-04   9.8587195e-03
   1.5622270e-01  -4.0837054e-01   1.3573507e-01   9.4436378e-03   8.8459321e-04   9.8046604e-03
   1.4062973e-01  -3.1410398e-01   1.4609507e-01   9.1790387e-03   1.1012769e-03   9.9196391e-03
   1.4466321e-01  -4.7268800e-01   1.1023918e-01   9.9886271e-03   1.1104243e-03   1.0032381e-02
   1.4285064e-01  -3.3424437e-01   1.6236509e-01   9.3029189e-03   1.2511182e-03   1.0309642e-02
   1.5276072e-01  -3.6636308e-01   1.0313077e-01   9.3097735e-03   8.7770852e-04   1.0102080e-02
   1.5173086e-01  -3.9481349e-01   1.9364567e-01   9.3965263e-03   1.1897406e-03   1.0312836e-02
   1.2585527e-01  -4.0348437e-01   9.1654677e-02   9.1988099e-03   1.4256332e-03   1.0182084e-02
   1.3248592e-01  -3.9150297e-01   1.6240337e-01   9.5194141e-03   1.6110485e-03   1.0570949e-02
   1.4406846e-01  -3.2802719e-01   1.3833621e-01   9.4965053e-03   1.4089743e-03   1.0472322e-02
   1.4417563e-01  -4.1216402e-01   2.2535030e-01   9.7833788e-03   1.6932521e-03   1.0799453e-02
   1.3946048e-01  -2.7172454e-01   1.5247618e-01   9.2932738e-03   1.3697884e-03   1.0678984e-02
   1.4751329e-01  -4.2159156e-01   2.1435393e-01   9.5237254e-03   1.5992933e-03   1.0991136e-02
   1.4702680e-01  -4.3464108e-01   1.6037350e-01   9.5477383e-03   1.5865275e-03   1.0903950e-02
   1.4184891e-01  -3.4674552e-01   2.1986069e-01   9.0360004e-03   1.8926650e-03   1.1216323e-02
   1.4389877e-01  -4.2887085e-01   1.5765688e-01   1.0547558e-02   1.5559305e-03   1.1070655e-02
   1.2654163e-01  -3.6331018e-01   2.0152868e-01   1.0340899e-02   1.9750855e-03   1.1250832e-02
   1.4232083e-01  -3.7627087e-01   1.4495187e-01   1.0350061e-02   1.5664946e-03   1.1077454e-02
   1.2498008e-01  -4.4424472e-01   2.1159944e-01   1.0405832e-02   2.2013205e-03   1.1216530e-02
   1.3571309e-01  -5.0550833e-01   1.4983171e-01   1.1002924e-02   1.8598185e-03   1.1026436e-02
   1.3662234e-01  -1.8243173e-01   1.2739675e-01   1.0193049e-02   1.6515353e-03   1.0904999e-02
   1.3498665e-01  -4.4565913e-01   1.9979574e-01   1.1057220e-02   1.9310670e-03   1.1101129e-02
   1.4132645e-01  -3.1504224e-01   1.6855175e-01   1.0640281e-02   1.6420024e-03   1.1009247e-02
   1.5538407e-01  -4.0459583e-01   2.2027811e-01   1.0480627e-02   1.6315144e-03   1.1231626e-02
   1.5496340e-01  -3.8649356e-01   1.7939695e-01   1.0705446e-02   1.5536756e-03   1.0987441e-02
   1.5354844e-01  -4.5621988e-01   2.3232545e-01   1.0905347e-02   1.7523712e-03   1.1205564e-02
   1.6612096e-01  -4.3272077e-01   1.6938046e-01   1.0692107e-02   1.4950465e-03   1.1222301e-02
   1.6383858e-01  -3.9506877e-01   2.1771146e-01   1.0577226e-02   1.6029616e-03   1.1194192e-02
   1.5886522e-01  -4.9151677e-01   1.9194531e-01   1.0693846e-02   1.6385583e-03   1.1164520e-02
   1.4982003e-01  -3.8859256e-01   1.7814123e-01   1.0968984e-02   1.7757055e-03   1.1238005e-02
   1.6678087e-01  -3.5664238e-01   1.3524958e-01   1.0193660e-02   1.3512667e-03   1.1072536e-02
   1.6339698e-01  -4.2784280e-01   1.8133447e-01   1.1081319e-02   1.5319565e-03   1.1290292e-02
   1.5847953e-01  -3.6347991e-01   1.8607675e-01   1.0993865e-02   1.5194954e-03   1.1255514e-02
   1.7042507e-01  -3.8644035e-01   1.9834219e-01   1.0306841e-02   1.2384102e-03   1.1186449e-02
   1.8286817e-01  -3.2184592e-01   2.1836195e-01   1.0042052e-02   1.0454147e-03   1.1233714e-02
   1.8094333e-01  -4.5184450e-01   1.8254566e-01   1.1096499e-02   1.1301744e-03   1.1469592e-02
   1.8014718e-01  -3.4901735e-01   2.2136027e-01   1.0098294e-02   1.1161726e-03   1.1464144e-02
   2.3211984e-01  -4.1135319e-01   1.6641967e-01   1.0047846e-02   2.9186772e-04   1.1569233e-02
   2.0554879e-01  -4.2122880e-01   2.0745748e-01   1.0612049e-02   7.9797204e-04   1.1772519e-02
   2.1210029e-01  -4.0010518e-01   1.7581346e-01   9.9437690e-03   6.8105971e-04   1.1812124e-02
   2.1789258e-01  -4.0500263e-01   1.9636221e-01   1.0246158e-02   5.7147040e-04   1.1824175e-02
   2.3678247e-01  -3.6567406e-01   2.0920336e-01   9.9358490e-03   3.0935870e-04   1.1861484e-02
   2.2340154e-01  -3.9878407e-01   1.9752485e-01   1.0484708e-02   5.0838883e-04   1.1937814e-02
   2.0987499e-01  -3.1352260e-01   1.8397410e-01   9.8164757e-03   5.9642422e-04   1.2001633e-02
   2.3158664e-01  -4.1022165e-01   1.9329275e-01   1.0066407e-02   3.8385279e-04   1.2060906e-02
   2.4245195e-01  -2.8581033e-01   1.9747412e-01   8.9776480e-03   2.3026863e-04   1.2091538e-02
   2.4867531e-01  -3.7535660e-01   2.6026892e-01   9.8320576e-03   5.5115672e-04   1.2500625e-02
   2.4262765e-01  -1.8093922e-01   2.4217890e-01   8.5718290e-03   5.5092498e-04   1.2699691e-02
   2.4964977e-01  -3.7809353e-01   2.2082902e-01   9.4270714e-03   4.6713926e-04   1.2746393e-02
   2.5818745e-01  -2.1905238e-01   2.3156467e-01   8.0514950e-03   3.2441923e-04   1.2747181e-02
   2.4718805e-01  -3.7226420e-01   2.3810788e-01   9.2445198e-03   5.4532891e-04   1.2499056e-02
   2.4554761e-01  -1.8516033e-01   2.8485593e-01   8.5505448e-03   5.9686291e-04   1.2639224e-02
   2.5915676e-01  -3.2087371e-01   2.6218606e-01   8.9596762e-03   5.9651959e-04   1.2835614e-02
   2.6885384e-01  -3.1860344e-01   3.0135531e-01   8.4465775e-03   5.0673107e-04   1.3164711e-02
   2.6283243e-01  -3.1583709e-01   1.9470923e-01   8.6157882e-03   6.3440689e-04   1.2886490e-02
   2.5657836e-01  -3.1960784e-01   2.8581194e-01   8.8649034e-03   8.2644028e-04   1.3264421e-02
   2.7132694e-01  -2.7867795e-01   2.3929782e-01   8.4676771e-03   5.3770693e-04   1.3477557e-02
   2.8498573e-01  -3.2051816e-01   2.4485594e-01   8.5977829e-03   3.3041457e-04   1.3531030e-02
   2.6098393e-01  -2.5746676e-01   2.8498553e-01   8.3463983e-03   5.0255432e-04   1.3324809e-02
   2.6784739e-01  -4.1743729e-01   2.6637691e-01   9.4186730e-03   5.4520485e-04   1.3506344e-02
   2.6227390e-01  -2.4537251e-01   3.0313395e-01   8.4685055e-03   5.7309130e-04   1.3563404e-02
   2.8053536e-01  -3.1279246e-01   2.3558214e-01   8.6719005e-03   2.9993487e-04   1.3431475e-02
   2.5902636e-01  -3.0745239e-01   3.0841595e-01   8.5807667e-03   6.3335243e-04   1.3473525e-02
   2.5178597e-01  -3.0193251e-01   2.2024647e-01   8.5993937e-03   5.1967006e-04   1.3538901e-02
   2.6881747e-01  -2.5840124e-01   3.6026147e-01   7.4302048e-03   4.8871486e-04   1.3529161e-02
   2.5492051e-01  -3.0724683e-01   2.9048403e-01   8.6489804e-03   7.3740079e-04   1.3568529e-02
   2.5434749e-01  -3.1427751e-01   3.1004005e-01   8.2039206e-03   7.8218903e-04   1.3657359e-02
   2.6914814e-01  -3.1310509e-01   2.7236339e-01   7.5888778e-03   5.1768475e-04   1.3471309e-02
   2.5866182e-01  -3.4661563e-01   2.9526766e-01   8.4238502e-03   7.7942206e-04   1.3497581e-02
   2.6123227e-01  -2.7738925e-01   2.3866799e-01   8.0720643e-03   6.5138984e-04   1.3525488e-02
   2.7414708e-01  -3.3885872e-01   2.6857038e-01   8.3715618e-03   4.8970246e-04   1.3689304e-02
   2.6446912e-01  -2.2506189e-01   2.6254798e-01   7.8339661e-03   4.6998242e-04   1.3571004e-02
   2.6180456e-01  -3.4564683e-01   2.6741491e-01   9.1246053e-03   5.7328326e-04   1.3549082e-02
   2.6185773e-01  -2.0036866e-01   2.7502883e-01   7.8684230e-03   4.6836061e-04   1.3523521e-02
   2.6096760e-01  -3.6110265e-01   2.5120627e-01   8.5698732e-03   8.6184323e-04   1.3626210e-02
   2.3443231e-01  -1.2894429e-01   2.9041981e-01   6.9693507e-03   1.4780890e-03   1.3660495e-02
   2.7977699e-01  -3.5140948e-01   3.3000294e-01   7.7153576e-03   1.0471224e-03   1.4215403e-02
   2.7991823e-01  -2.4398823e-01   3.3419038e-01   7.4000345e-03   8.4888345e-04   1.4210047e-02
   2.7378486e-01  -3.2671445e-01   3.1043907e-01   8.2355752e-03   9.5916821e-04   1.4100398e-02
   2.5217146e-01  -1.8172219e-01   3.3050303e-01   8.1923606e-03   1.0475398e-03   1.3929235e-02
   2.6465801e-01  -3.4335593e-01   3.4823278e-01   8.4892733e-03   9.0915156e-04   1.4036604e-02
   2.5202740e-01  -2.4287886e-01   3.3775281e-01   7.5441237e-03   8.7222833e-04   1.3756522e-02
   2.5985644e-01  -3.3577176e-01   3.1780625e-01   8.3323463e-03   8.5233166e-04   1.3744535e-02
   2.6364366e-01  -3.5626120e-01   3.7894286e-01   8.3922236e-03   1.0517213e-03   1.3998015e-02
   2.4563444e-01  -3.1724227e-01   3.5092772e-01   8.1512896e-03   1.1236765e-03   1.3997878e-02
   2.3834263e-01  -3.2431596e-01   3.2740909e-01   8.8185856e-03   1.1443519e-03   1.3967991e-02
   2.3452289e-01  -1.7570588e-01   3.1418983e-01   7.8866635e-03   1.0393879e-03   1.3938177e-02
   2.4780205e-01  -2.6803669e-01   2.8493665e-01   8.4109417e-03   8.9998222e-04   1.3959185e-02
   2.4306089e-01  -3.3366142e-01   3.5655680e-01   8.6746617e-03   1.3066347e-03   1.4307881e-02
   2.3929890e-01  -3.8654199e-01   3.0500077e-01   8.3108544e-03   1.0407230e-03   1.4090831e-02
   2.4814446e-01  -3.4380251e-01   3.0054022e-01   8.8442954e-03   8.8936710e-04   1.3988395e-02
   2.0830675e-01  -2.4884704e-01   3.2490190e-01   8.1966023e-03   1.2392405e-03   1.3861776e-02
   2.1561918e-01  -3.1283352e-01   3.8125663e-01   8.7828481e-03   1.4198348e-03   1.3881952e-02
   2.2282561e-01  -2.3823605e-01   3.7759824e-01   7.9482359e-03   1.3640314e-03   1.4192398e-02
   2.3785852e-01  -3.4830465e-01   3.4319406e-01   8.2570738e-03   1.2141183e-03   1.4125699e-02
   2.2695187e-01  -2.2928403e-01   4.2028752e-01   7.3319712e-03   1.4609796e-03   1.4439589e-02
   2.3275459e-01  -3.2127975e-01   4.0782515e-01   8.2782688e-03   1.2743844e-03   1.4207939e-02
   2.4176218e-01  -2.3665370e-01   4.2701993e-01   7.6275294e-03   1.4306806e-03   1.4574361e-02
   2.6279457e-01  -3.0185070e-01   3.5635105e-01   7.6638871e-03   1.0026165e-03   1.4579017e-02
   2.6052932e-01  -3.4239224e-01   4.2167614e-01   8.1912138e-03   1.1938616e-03   1.4524058e-02
   2.5768413e-01  -3.1514477e-01   3.9101753e-01   8.3515024e-03   1.0434723e-03   1.4408846e-02
   2.4750301e-01  -3.4112268e-01   3.9395371e-01   9.2065470e-03   1.1091047e-03   1.4395858e-02
   2.5622285e-01  -2.9506051e-01   3.6177901e-01   9.2139413e-03   1.2957960e-03   1.4299825e-02
   2.7008640e-01  -4.0653174e-01   3.7070996e-01   9.4565722e-03   1.1556908e-03   1.4537863e-02
   2.5468114e-01  -2.7175797e-01   3.7450413e-01   7.9226814e-03   1.0093681e-03   1.4589320e-02
   2.5511486e-01  -2.4943758e-01   3.0858801e-01   8.7942441e-03   1.0828644e-03   1.4580640e-02
   2.3451711e-01  -2.2321832e-01   4.2550085e-01   8.0471617e-03   1.4826042e-03   1.4851267e-02
   2.2580423e-01  -2.7690693e-01   3.9450432e-01   7.8350231e-03   1.5873729e-03   1.4861983e-02
   2.4007420e-01  -2.3432060e-01   4.7409178e-01   7.5299456e-03   1.5544224e-03   1.4982901e-02
   2.3757335e-01  -2.8868920e-01   4.3852075e-01   7.6772447e-03   1.5467804e-03   1.4942722e-02
   2.2991408e-01  -3.1688527e-01   3.5696681e-01   8.3901358e-03   1.4888018e-03   1.4750378e-02
   2.4038861e-01  -2.3424782e-01   4.1917926e-01   7.8973126e-03   1.2170801e-03   1.4643705e-02
   2.5127444e-01  -3.3699748e-01   3.8239174e-01   8.7129768e-03   1.0819293e-03   1.4750480e-02
   2.5998731e-01  -2.5647089e-01   4.7380841e-01   7.1731544e-03   9.4327188e-04   1.4800908e-02
   2.5141066e-01  -2.1871159e-01   3.8468146e-01   7.1778453e-03   8.6587438e-04   1.4825301e-02
   2.5016299e-01  -2.8038211e-01   3.7121350e-01   7.7989262e-03   1.3139234e-03   1.4996682e-02
   2.5391484e-01  -6.2364464e-02   3.6272318e-01   5.8472232e-03   1.0201597e-03   1.5293530e-02
   2.5546092e-01  -3.0278370e-01   3.9966504e-01   7.9984078e-03   1.1898379e-03   1.5306263e-02
   2.5841594e-01  -2.7913910e-01   4.4292601e-01   7.9873382e-03   1.1318235e-03   1.5393380e-02
   2.5323551e-01  -3.0552963e-01   3.8016083e-01   7.9532486e-03   1.1139630e-03   1.5355023e-02
   2.6981567e-01  -1.9139679e-01   4.8748097e-01   7.2659149e-03   9.6947601e-04   1.5521355e-02
   2.2197276e-01  -2.4619498e-01   3.6166882e-01   7.5828414e-03   1.2126409e-03   1.5557806e-02
   2.7925275e-01  -3.3840568e-01   4.6605849e-01   7.5793684e-03   8.1700826e-04   1.5694687e-02
   2.8429813e-01  -2.4922194e-01   3.4714719e-01   6.5800269e-03   5.2115808e-04   1.5511658e-02
   2.9733983e-01  -3.2507530e-01   4.2308315e-01   7.7400599e-03   4.3070450e-04   1.5439943e-02
   2.7787334e-01  -3.3668035e-01   3.6977533e-01   8.4178544e-03   5.0365360e-04   1.5410941e-02
   2.8900249e-01  -3.4041841e-01   4.4343913e-01   8.0029235e-03   3.9622856e-04   1.5493448e-02
   3.0198701e-01  -2.7946066e-01   3.7044797e-01   8.2065301e-03  -1.0713558e-04   1.5416409e-02
   3.0154794e-01  -2.9775269e-01   4.4247364e-01   8.3450193e-03   1.3556645e-05   1.5529770e-02
   2.9776967e-01  -3.5553789e-01   3.8876492e-01   8.8958460e-03  -1.3556641e-04   1.5362376e-02
   2.9987991e-01  -2.1696459e-01   4.2595130e-01   7.7198732e-03  -2.2795636e-04   1.5455220e-02
   3.0523355e-01  -2.9273391e-01   3.2053470e-01   8.6366175e-03  -2.2366465e-04   1.5358088e-02
   3.1160859e-01  -3.4084159e-01   4.3210440e-01   7.9472140e-03   1.2729603e-04   1.5964800e-02
   3.1596974e-01  -3.3397784e-01   3.8359818e-01   8.4523257e-03   5.3735049e-05   1.6160447e-02
   3.1879896e-01  -2.9355707e-01   4.4270696e-01   8.0049354e-03  -1.3690993e-05   1.6152765e-02
   3.2637599e-01  -2.6971217e-01   3.1059741e-01   8.8226288e-03   5.7619387e-04   1.6628874e-02
   3.4767320e-01  -3.3119387e-01   4.0340657e-01   8.9325100e-03  -4.8462394e-05   1.6736898e-02
   3.3794521e-01  -2.1926537e-01   3.2925054e-01   8.5360602e-03  -2.0014548e-04   1.6684400e-02
   3.5270882e-01  -2.9916136e-01   3.7936338e-01   9.3225381e-03  -4.0197513e-04   1.6599517e-02
   3.4311573e-01  -3.4049035e-01   3.9148082e-01   9.4891659e-03  -2.5946700e-04   1.6681285e-02
   3.3921551e-01  -4.1658426e-01   3.9565795e-01   1.0380364e-02  -1.4807550e-04   1.6625233e-02
   3.3401970e-01  -2.9918582e-01   3.8888638e-01   9.1289404e-03  -1.9395997e-04   1.6666185e-02
   3.5747100e-01  -3.7343989e-01   3.6416816e-01   9.8233111e-03  -5.0258079e-04   1.6701486e-02
   3.4312763e-01  -3.2269286e-01   4.0082317e-01   9.8993517e-03  -2.1651536e-04   1.6922988e-02
   3.3277115e-01  -3.7794898e-01   2.8294412e-01   9.9551806e-03  -6.7838481e-05   1.6775510e-02
   3.4082576e-01  -2.8047121e-01   3.4877411e-01   8.8119364e-03   1.6909354e-05   1.7121026e-02
   3.2629313e-01  -3.1821550e-01   2.5133755e-01   1.0044474e-02  -9.9874795e-05   1.7005829e-02
   3.4729497e-01  -3.4863568e-01   3.7480245e-01   9.6999556e-03  -2.3518083e-04   1.6861382e-02
   3.2902330e-01  -2.7733762e-01   2.7081202e-01   9.6840362e-03  -1.4166750e-04   1.6658540e-02
   3.4673817e-01  -3.8652723e-01   3.2206724e-01   1.0515722e-02  -2.6090855e-04   1.6676344e-02
   3.2654684e-01  -2.6186177e-01   3.4959250e-01   9.9888549e-03  -1.6983048e-04   1.6444950e-02
   3.2834426e-01  -3.9486259e-01   3.5129843e-01   1.1311333e-02  -3.5491078e-04   1.6536993e-02
   3.1820102e-01  -2.0102792e-01   3.1318266e-01   9.4767268e-03   2.5260521e-04   1.6340388e-02
   2.8439203e-01  -3.0284938e-01   2.7781880e-01   9.9014086e-03   1.6872148e-03   1.7224494e-02
   3.1668664e-01  -2.6488744e-01   3.7079707e-01   9.6084342e-03   1.0578563e-03   1.7465848e-02
   3.2710686e-01  -4.3084003e-01   3.4331066e-01   1.0748509e-02   6.1744281e-04   1.7205577e-02
   3.2865526e-01  -2.4902846e-01   3.7037199e-01   1.0113630e-02   3.8099685e-04   1.7075100e-02
   3.5739889e-01  -2.8403497e-01   3.2440826e-01   1.0770428e-02  -4.6563378e-04   1.6950032e-02
   3.6095407e-01  -3.9202283e-01   4.2413390e-01   1.0912458e-02  -2.5027556e-04   1.7064193e-02
   3.6066227e-01  -4.6762556e-01   3.7211773e-01   1.1477225e-02  -5.1117181e-04   1.6768804e-02
   3.7425540e-01  -3.5699747e-01   4.0692170e-01   1.0775400e-02  -3.9501679e-04   1.7073962e-02
   3.3719661e-01  -2.8790684e-01   3.5128274e-01   1.0089303e-02  -1.7302777e-06   1.6833628e-02
   3.4555078e-01  -3.9176708e-01   4.1236286e-01   1.0860026e-02  -3.8158724e-05   1.7003352e-02
   3.7124664e-01  -2.8338179e-01   3.8876699e-01   9.8303476e-03  -5.0310915e-04   1.7180556e-02
   3.6924297e-01  -3.9280904e-01   3.6178671e-01   1.0891915e-02  -3.6910769e-04   1.7069346e-02
   3.7033132e-01  -3.0072351e-01   3.9687258e-01   1.0718981e-02  -3.9191814e-04   1.7274619e-02
   3.5702659e-01  -3.8320476e-01   2.6601534e-01   1.1145428e-02  -5.1268832e-04   1.6841631e-02
   3.4585894e-01  -4.4372739e-01   3.7414557e-01   1.1543943e-02  -2.3722345e-05   1.6898080e-02
   3.3226866e-01  -4.1890429e-01   3.2874951e-01   1.1590511e-02  -4.2080354e-05   1.6621000e-02
   3.5532452e-01  -4.3765219e-01   3.2168367e-01   1.1928913e-02  -5.5566883e-04   1.6533573e-02
   3.3763643e-01  -2.7786441e-01   2.7886657e-01   1.1909955e-02  -7.2705047e-04   1.6221309e-02
   3.6253650e-01  -5.0713792e-01   3.8765974e-01   1.2457273e-02  -8.5445591e-04   1.6443080e-02
   4.0696144e-01  -2.1774861e-01   2.9151515e-01   8.5428616e-03  -1.5466233e-03   1.6474835e-02
   3.7314506e-01  -4.6375921e-01   3.4058966e-01   1.1066122e-02  -1.0452439e-03   1.6305031e-02
   3.6151481e-01  -3.4700233e-01   2.9030361e-01   1.1240312e-02  -1.2717801e-03   1.6140581e-02
   3.7662896e-01  -4.0683311e-01   2.7917866e-01   1.2064759e-02  -1.2786015e-03   1.5961040e-02
   3.4469859e-01  -2.4892378e-01   2.6391779e-01   1.0897074e-02  -1.0937591e-03   1.5928458e-02
   3.3414570e-01  -4.0763526e-01   3.0009606e-01   1.2009967e-02  -7.3260033e-04   1.5884147e-02
   3.5197981e-01  -3.2521900e-01   3.1922500e-01   1.0657107e-02  -1.0212610e-03   1.6154224e-02
   3.4871677e-01  -3.9562476e-01   2.4056685e-01   1.1566017e-02  -9.5116079e-04   1.6142871e-02
   3.4582753e-01  -2.7306765e-01   2.8972210e-01   1.0482108e-02  -7.6651216e-04   1.6561841e-02
   3.4554333e-01  -4.1685895e-01   3.0430507e-01   1.1740909e-02  -7.2567022e-04   1.6436170e-02
   3.5927097e-01  -3.0302499e-01   3.0880236e-01   1.0964180e-02  -9.7418430e-04   1.6366089e-02
   3.6443997e-01  -5.0271563e-01   3.3847021e-01   1.2113278e-02  -1.0152654e-03   1.6094139e-02
   3.4855223e-01  -3.7365747e-01   2.8071564e-01   1.2014830e-02  -1.2241466e-03   1.5931915e-02
   3.5571562e-01  -3.8045313e-01   3.3619739e-01   1.2259458e-02  -1.2310479e-03   1.6011006e-02
   3.7720061e-01  -4.4542255e-01   3.1993665e-01   1.2304915e-02  -1.5227310e-03   1.5965815e-02
   3.5647911e-01  -3.2130906e-01   3.3275079e-01   1.1682678e-02  -1.1179072e-03   1.6017483e-02
   3.6181906e-01  -4.9515026e-01   3.3416245e-01   1.2387027e-02  -1.2075153e-03   1.5986634e-02
   3.7302623e-01  -3.4867344e-01   3.4042125e-01   1.1414904e-02  -1.2773532e-03   1.6101135e-02
   3.6139802e-01  -5.2930621e-01   3.2302153e-01   1.3012724e-02  -1.0975787e-03   1.5942264e-02
   3.6165354e-01  -4.0319811e-01   3.5954901e-01   1.1524246e-02  -1.0165185e-03   1.6219405e-02
   3.6907753e-01  -3.5571903e-01   3.1308369e-01   1.1393016e-02  -1.0786967e-03   1.6167979e-02
   3.4521236e-01  -3.5694564e-01   3.6714409e-01   1.1148741e-02  -5.5882636e-04   1.6285335e-02
   3.4925016e-01  -4.8110332e-01   2.9711140e-01   1.1980486e-02  -6.8291606e-04   1.5880806e-02
   3.4297316e-01  -3.6666155e-01   3.3597646e-01   1.2004968e-02  -6.7371272e-04   1.5992000e-02
   3.3981620e-01  -5.1558388e-01   2.7855591e-01   1.3169640e-02  -8.2505947e-04   1.5726893e-02
   3.4247941e-01  -4.7397540e-01   3.5057045e-01   1.2704762e-02  -8.8421485e-04   1.5706116e-02
   3.5625570e-01  -3.7260144e-01   1.9214391e-01   1.2491638e-02  -1.5377483e-03   1.5026055e-02
   3.3294906e-01  -3.6044154e-01   3.0816340e-01   1.2665649e-02  -7.7293143e-04   1.5686945e-02
   3.1125145e-01  -2.8663039e-01   1.8765316e-01   1.1603348e-02  -4.7958778e-04   1.5610134e-02
   4.1487333e-01  -3.0188289e-01   2.8584805e-01   1.0789109e-02  -6.8959316e-04   1.6830165e-02
   4.3159423e-01  -3.3617783e-01   2.5029201e-01   1.0959517e-02  -7.6592212e-04   1.6997062e-02
   4.2528704e-01  -4.0669011e-01   3.1734949e-01   1.2011622e-02  -8.3377633e-04   1.7080869e-02
   4.2193228e-01  -3.5425611e-01   2.7362852e-01   1.1304121e-02  -1.1359726e-03   1.6886964e-02
   4.3565252e-01  -4.0546037e-01   2.7143179e-01   1.2255586e-02  -1.5096003e-03   1.6601079e-02
   4.1412760e-01  -2.8608877e-01   3.1007218e-01   1.1946698e-02  -1.1483697e-03   1.6524093e-02
   4.1955112e-01  -4.4015867e-01   3.3492381e-01   1.2715931e-02  -1.0690604e-03   1.6609017e-02
   4.2860529e-01  -3.4777284e-01   3.5995150e-01   1.1461276e-02  -1.2346306e-03   1.6835783e-02
   4.4069920e-01  -4.2252949e-01   3.2345309e-01   1.1757576e-02  -1.5483592e-03   1.6743531e-02
   4.2614938e-01  -3.5659052e-01   3.5650641e-01   1.1535553e-02  -1.2797255e-03   1.6627737e-02
   4.0246693e-01  -3.9125019e-01   2.7918170e-01   1.2419966e-02  -9.1949203e-04   1.6320559e-02
   4.0471296e-01  -2.8107801e-01   3.4681082e-01   1.1019573e-02  -1.2196694e-03   1.6640304e-02
   3.9941301e-01  -3.7974017e-01   3.1070960e-01   1.1563219e-02  -1.1674695e-03   1.6530714e-02
   4.1460141e-01  -3.5448759e-01   3.8953445e-01   1.0848645e-02  -1.0021852e-03   1.6706779e-02
   4.0051463e-01  -3.6687284e-01   3.1861985e-01   1.1422748e-02  -7.2592862e-04   1.6578208e-02
   3.9928005e-01  -3.8613452e-01   3.6435565e-01   1.1999273e-02  -6.5293104e-04   1.6782238e-02
   4.2182698e-01  -2.9138512e-01   3.1452852e-01   1.1298802e-02  -1.3238434e-03   1.6715636e-02
   4.0606310e-01  -4.1765774e-01   3.0350390e-01   1.2615415e-02  -1.1121107e-03   1.6562768e-02
   3.8947668e-01  -2.7334089e-01   3.4582798e-01   1.1976231e-02  -6.7207070e-04   1.6544080e-02
   2.8308705e-01  -3.6268366e-01   2.5692947e-01   1.2449163e-02   1.8931282e-03   1.6136778e-02
   2.2930751e-01  -2.2110198e-01   2.2306846e-01   1.1187356e-02   2.8739714e-03   1.6254684e-02
   3.1031586e-01  -4.0199129e-01   2.7355159e-01   1.2481787e-02   1.3326327e-03   1.6173159e-02
   3.1794358e-01  -4.9287803e-01   3.1404846e-01   1.2638439e-02   1.2110619e-03   1.6111674e-02
   3.4033944e-01  -4.2639391e-01   2.5693233e-01   1.2569136e-02   4.8940366e-04   1.5934471e-02
   3.4845362e-01  -4.2168697e-01   3.3425876e-01   1.3111539e-02   3.7510796e-04   1.5996372e-02
   3.5380244e-01  -5.1218797e-01   2.9095346e-01   1.3920078e-02   1.2497086e-05   1.5801179e-02
   3.4563492e-01  -4.3296909e-01   3.7398967e-01   1.3417190e-02   3.7920044e-04   1.5935020e-02
   3.6762771e-01  -3.9447805e-01   3.1256339e-01   1.3011225e-02  -7.7228959e-05   1.5701419e-02
   3.4720691e-01  -4.7974731e-01   3.8233464e-01   1.3155692e-02   3.7635584e-04   1.5836569e-02
   3.3526418e-01  -4.6990096e-01   2.6517531e-01   1.3613667e-02  -1.0711748e-05   1.5388161e-02
   3.3197466e-01  -4.3054381e-01   3.3683300e-01   1.3113832e-02  -2.0002698e-05   1.5350410e-02
   3.4765729e-01  -4.1655641e-01   2.9491761e-01   1.3199264e-02  -1.3071664e-04   1.5456766e-02
   3.3068196e-01  -5.1560001e-01   3.7050747e-01   1.3522412e-02   1.2537235e-04   1.5456458e-02
   2.8450581e-01  -4.6379281e-01   2.3431848e-01   1.3643723e-02   9.1374743e-05   1.4960106e-02
   3.4487695e-01  -4.2858129e-01   3.0737332e-01   1.2851533e-02  -1.0266125e-04   1.5284195e-02
