   0.0000000e+00   0.0000000e+00   0.0000000e+00   0.0000000e+00   0.0000000e+00   0.0000000e+00
   7.7837920e-03  -1.0843326e-01  -7.7005985e-02   9.7149962e-04  -4.4993462e-04  -2.7421007e-04
   1.1695100e-02   1.4283107e-02  -1.1051458e-01  -1.3352870e-04  -4.1294274e-04  -7.0866901e-04
   2.2603400e-02  -9.8980135e-02  -9.6024990e-02   7.8813865e-04  -7.6977504e-04  -7.4287613e-05
   5.2506612e-02   8.2363730e-02  -2.4601676e-01  -8.4991304e-04  -1.1328686e-03  -2.1941268e-04
   3.3288766e-02  -1.3278923e-01  -1.6905175e-01  -3.4043690e-04  -1.0534198e-03  -1.2446583e-04
   1.8359356e-02  -1.5019401e-02  -2.0383206e-01  -1.8063214e-04  -7.9464375e-04  -2.8510714e-04
   1.2145960e-02  -9.5718901e-02  -1.8060354e-01   5.9283244e-04  -8.9409586e-04  -4.6340560e-04
  -1.0452895e-03  -3.9203492e-02  -1.7004224e-01   7.5970052e-04  -4.6693812e-04  -4.4963398e-04
   1.6270520e-02  -1.6414087e-01  -9.7653676e-02   8.8619995e-04  -7.2520416e-04  -1.0809159e-04
  -7.8878590e-03  -2.5320101e-02  -9.9912741e-02   3.2640100e-04  -3.6429011e-04  -7.4538402e-05
   1.1084564e-02  -1.0969057e-01  -5.3587619e-02   5.0658020e-04  -6.4098398e-04  -1.4707709e-05
  -1.8696643e-02  -1.3915241e-01  -1.0577326e-01   5.4802591e-04  -2.8904130e-04  -1.9329634e-04
  -1.0047908e-03  -8.1616698e-02  -5.8636864e-02  -3.3170582e-05  -4.5156845e-04  -1.3627066e-04
  -2.6105006e-02  -1.9801565e-01  -1.2425596e-01   7.5337145e-04  -2.8499382e-04  -5.8195308e-04
   4.5192459e-04   2.5780979e-02  -4.0725725e-02   8.6525440e-05  -4.9370010e-04   1.4071271e-04
  -7.2157747e-03  -1.7764518e-01  -9.7487437e-02   1.5548377e-04  -5.2164495e-04  -1.1204819e-05
  -3.6381269e-03  -2.6625659e-02  -4.3307106e-02  -1.3185247e-04  -2.8151180e-04  -9.0021824e-05
  -3.8440819e-03  -1.4046036e-01  -7.3653532e-02   3.3747792e-04  -5.4271355e-04   1.8291869e-05
  -7.7645514e-05   4.4069115e-02  -6.4488195e-02  -5.0637746e-04  -4.8397796e-04  -7.6320963e-05
   2.2900799e-02  -1.6195792e-01  -3.3393969e-02   4.5075977e-05  -8.2165667e-04   1.5366338e-04
  -4.2038737e-03  -4.8933755e-02  -8.7011117e-02   5.8983437e-04  -4.0833629e-04  -1.9584013e-04
   1.6586297e-02  -1.3028661e-01  -5.3937252e-02   2.5463905e-04  -6.2226431e-04   9.2899184e-05
   1.5446371e-02  -1.2187452e-01  -1.3602809e-01   4.9515693e-04  -5.4049724e-04   2.8235720e-05
   2.5206844e-02  -9.3370430e-02  -1.0058413e-01  -1.3891054e-04  -7.1582585e-04   1.6618715e-04
   8.0745196e-03  -3.4049717e-02  -1.1230492e-01   3.6166342e-04  -3.8754599e-04  -3.5387923e-05
   9.1107834e-03  -1.6048914e-01  -1.2627486e-01   1.2781517e-03  -5.2066765e-04  -1.6649519e-04
   1.9250152e-02  -3.1641652e-02  -9.3961848e-02   3.4381528e-04  -4.7516890e-04   7.1508307e-05
  -5.7985536e-03  -1.6097285e-01  -1.4246687e-01   1.1528922e-03  -3.6205298e-04   5.1747327e-05
   1.2108305e-02   2.0537475e-02  -6.3192533e-02   1.2040110e-04  -4.3269668e-04   2.8006090e-04
  -1.0340139e-02  -1.8237635e-01  -1.2660227e-01   1.2465693e-03  -2.3891922e-04  -4.2638351e-06
   5.2813257e-04   1.8646191e-02  -5.4344025e-02   7.3078250e-04  -1.2167756e-04   1.2529436e-04
  -6.3952136e-03  -1.2132530e-01  -1.1296150e-01   1.2637753e-03  -2.3158931e-04   1.5869757e-05
   5.8124548e-03  -4.7466460e-03  -5.1443536e-02   8.1820542e-05  -1.7672407e-04   2.1851778e-04
  -1.9102020e-03  -2.3254581e-01  -1.2036212e-01   1.0221238e-03  -2.8975069e-04   1.7100363e-04
  -1.2558125e-03   9.9330665e-03  -6.1756393e-02   4.0004155e-04  -1.4152322e-04   4.6694263e-04
  -6.3626709e-03  -1.7183148e-01  -1.0047905e-01   9.6505472e-04  -2.9491322e-04   5.5802677e-04
  -1.7247016e-02   2.0977946e-03  -5.8988533e-02   7.2392948e-04   7.9211301e-05  -1.0671265e-04
  -2.4149255e-02  -1.7528470e-01  -1.0614103e-01   1.1531287e-03   4.0430912e-06   2.6901213e-04
  -8.7054947e-03   3.4113906e-02  -7.1031750e-02   3.3803385e-05  -7.8049696e-05   2.7219457e-04
  -2.1293698e-02  -1.5362438e-01  -1.1070172e-01   2.0012312e-04  -6.8091968e-05   3.1291275e-04
  -2.5246761e-02   8.7620534e-02  -8.4399776e-02  -5.1940404e-04   1.4144483e-04   3.2952337e-05
  -1.0989141e-02  -1.8229014e-01  -1.2131640e-01   5.3280282e-04  -2.5931934e-04   3.0152502e-04
  -3.7387864e-02  -9.7527893e-02  -1.1686841e-01   4.2335385e-04   2.2819481e-04   5.8397292e-06
  -2.8197931e-02  -9.2574289e-02  -1.5473383e-01   4.3024556e-04  -3.2709925e-05   2.0495838e-04
  -2.3794675e-02   6.4603764e-02  -1.8500201e-01   6.6744321e-04   1.1516368e-04  -2.3471970e-04
  -3.4220677e-02  -2.1144407e-01  -1.3443496e-01   1.0497969e-03   3.5920649e-04  -1.9116391e-04
  -4.0028041e-02  -2.1039573e-01  -1.6111591e-01   1.4610778e-03   4.5382288e-04  -1.6955090e-04
  -2.7165566e-02  -1.8897266e-01  -6.5132585e-02   1.4949105e-03   3.6369651e-04   9.1596386e-05
  -5.6311184e-02  -1.5554913e-01  -1.0596764e-01   1.8437110e-03   7.3454411e-04  -6.0900241e-05
  -3.4009375e-02  -1.1071872e-01  -6.7731285e-02   1.4515412e-03   3.6424566e-04   7.6068918e-05
  -3.6552183e-02  -6.8794682e-02  -1.2246613e-01   1.3098535e-03   3.7646630e-04   2.2446178e-04
  -3.9258527e-02  -1.3367678e-01  -9.9732733e-02   7.7982878e-04   2.8189946e-04   4.0607745e-04
  -4.7513820e-02  -1.0232760e-01  -1.2883431e-01   1.3198980e-03   5.8193859e-04   8.6749859e-05
  -3.8387386e-02  -1.9340142e-01  -9.8210665e-02   4.5714166e-04   3.2954537e-04   2.7185536e-04
  -4.1816812e-02  -7.5436757e-02  -1.0904522e-01   2.8659762e-04   5.4100848e-04   1.9000029e-04
  -2.9260547e-02  -1.4986452e-01  -9.7456119e-02   1.0762449e-03   1.5602158e-04   1.7543747e-04
  -3.9973411e-02  -3.2729987e-02  -1.3255629e-01   6.7005906e-04   4.5372148e-04  -7.4347321e-05
  -1.2146826e-02  -1.6220208e-01  -9.4331218e-02   7.0286915e-04  -8.9438369e-06   1.5574033e-04
  -2.7363690e-02  -5.2701372e-02  -1.4999909e-01   1.7354081e-04   1.9357157e-04  -3.7925763e-04
   7.2209668e-03  -1.0182433e-01  -1.0177925e-01   2.6258040e-04  -4.3329848e-04   8.4165472e-05
  -1.1816895e-02  -1.4167679e-01  -1.7811520e-01   8.4777973e-04  -1.8583799e-04  -3.8133081e-04
   2.6852722e-02  -7.8265430e-02  -1.2313639e-01   5.0941079e-04  -6.6995001e-04  -2.5946292e-04
   9.9260029e-03  -1.9096600e-01  -1.8279097e-01   1.0845157e-03  -5.1133818e-04  -3.4266341e-04
   2.1872590e-02  -4.8521057e-02  -1.0496012e-01   6.9168140e-04  -6.5588209e-04  -3.2550820e-04
   1.6236124e-02  -1.4974195e-01  -1.8994788e-01   4.7193517e-04  -7.3716928e-04  -4.5161058e-04
   3.4031554e-02  -4.9571542e-02  -1.1648584e-01   2.4911767e-04  -8.5984113e-04  -7.0933153e-04
   4.1391704e-02  -1.6420039e-01  -2.0595499e-01   8.1409068e-04  -1.0222448e-03  -6.4247612e-04
   8.4507903e-02  -2.5969179e-02  -1.5798901e-01   6.8804322e-04  -1.5050844e-03  -4.1499666e-04
   7.4797444e-02  -2.5341922e-01  -1.7080173e-01   8.0586571e-04  -1.4736255e-03  -4.5121529e-04
   8.3123696e-02  -9.6571676e-04  -1.5956516e-01   5.0716618e-04  -1.5381109e-03  -6.0170222e-04
   1.2137578e-01  -1.5645530e-01  -4.4269599e-01   1.1741975e-03  -2.4440219e-03  -1.0098530e-03
   9.3625577e-02   3.5765374e-02  -2.1845578e-01   6.1114506e-04  -1.8404935e-03  -1.0114950e-03
   8.8774409e-02  -2.0377885e-01  -2.3350809e-01   1.2421913e-03  -1.9679909e-03  -1.1475072e-03
   8.6794668e-02   3.4320171e-03  -1.6052073e-01   3.9547607e-04  -1.8806197e-03  -1.0671206e-03
   8.2773360e-02  -2.6508479e-01  -2.0193271e-01   1.8394252e-03  -1.8688125e-03  -7.5350001e-04
   7.6925720e-02   3.4678571e-02  -1.2703703e-01   1.0252191e-03  -1.5775457e-03  -8.5469165e-04
   8.3761816e-02  -2.2498575e-01  -1.9343094e-01   1.8533469e-03  -1.8363241e-03  -8.3581413e-04
   9.8941824e-02   1.8643913e-03  -1.4472291e-01   1.2123854e-04  -1.8648046e-03  -7.5755646e-04
   9.1492070e-02  -1.8670122e-01  -1.7319829e-01   7.6849752e-04  -1.9202926e-03  -6.3547813e-04
   8.6594150e-02  -3.4419470e-02  -1.5657142e-01  -2.5034543e-04  -1.6857149e-03  -8.0750020e-04
   7.2259840e-02  -2.2115281e-01  -1.7151027e-01   1.0018136e-03  -1.6507626e-03  -6.9184587e-04
   7.8766171e-02  -4.2896667e-02  -1.4038812e-01  -3.4036723e-04  -1.4363981e-03  -8.8246520e-04
   9.2999901e-02  -2.1396100e-01  -1.9948056e-01   1.1261013e-04  -1.8059202e-03  -6.9090366e-04
   8.8887300e-02  -6.2683627e-02  -2.0866567e-01  -4.7795565e-04  -1.6771392e-03  -7.5293797e-04
   8.7273773e-02  -1.6752237e-01  -1.9628145e-01   1.1550618e-03  -1.8233879e-03  -8.9969039e-04
   7.0780071e-02  -3.1266256e-02  -2.5003367e-01   5.9633219e-04  -1.6449888e-03  -8.8215122e-04
   7.8305612e-02  -1.6319994e-01  -1.8634170e-01   5.9008649e-04  -1.6684311e-03  -1.0404610e-03
   4.7860406e-02  -1.2336473e-01  -2.3333207e-01   4.1246317e-05  -1.3706876e-03  -8.8854406e-04
   5.8975517e-02  -1.0940839e-01  -1.8330930e-01  -5.4576190e-05  -1.4887980e-03  -8.1228755e-04
   4.5692458e-02  -2.2268084e-01  -2.5162617e-01   1.2110086e-03  -1.4924414e-03  -9.3460196e-04
   6.3260201e-02  -3.4573746e-02  -1.8934184e-01   7.3162147e-04  -1.5643231e-03  -9.4420901e-04
   6.3673833e-02  -2.2181716e-01  -2.4813208e-01   1.2337105e-03  -1.7195443e-03  -8.8563429e-04
   6.5883938e-02   4.7056646e-02  -1.6221689e-01   2.1649650e-04  -1.6567900e-03  -8.2351465e-04
   6.1274421e-02  -1.4060157e-01  -2.3978776e-01   6.6988798e-04  -1.6774476e-03  -9.8177027e-04
   7.1396199e-02  -9.8677287e-03  -1.6489867e-01  -4.6226852e-04  -1.5763441e-03  -7.5448882e-04
   6.1046414e-02  -2.3571525e-01  -2.2549992e-01   7.5688028e-04  -1.6468222e-03  -9.2657015e-04
   6.7114137e-02   4.9421375e-02  -1.3603654e-01   2.0771183e-05  -1.5670678e-03  -9.6445488e-04
   5.4578533e-02  -1.4571191e-01  -2.1055974e-01   4.1076238e-04  -1.5871069e-03  -7.9484643e-04
   6.4313699e-02  -3.1446563e-02  -1.4400038e-01  -1.6499532e-04  -1.5837191e-03  -9.4558014e-04
   6.8293915e-02  -1.5981125e-01  -2.1627310e-01   2.8271084e-04  -1.7341307e-03  -8.7302224e-04
   7.7548839e-02  -8.8027577e-03  -1.4552947e-01   4.1074885e-05  -1.7116220e-03  -8.4308600e-04
   7.8916683e-02  -2.3373867e-01  -2.3800449e-01   1.4631526e-03  -1.8744086e-03  -1.1225119e-03
   9.2772559e-02  -5.9973240e-02  -2.0776963e-01   8.6724960e-04  -1.8940800e-03  -1.0459145e-03
   9.9749776e-02  -2.1557475e-01  -2.0277808e-01   6.1746409e-04  -2.2605751e-03  -8.9492826e-04
   6.6776085e-02   2.7238655e-02  -2.0938130e-01   1.7305242e-05  -1.7976520e-03  -9.5546022e-04
   7.7430780e-02  -1.5028584e-01  -2.0494730e-01  -5.7502575e-05  -1.9736872e-03  -9.3208675e-04
   6.0384931e-02  -3.9947076e-02  -2.2399314e-01   5.1670279e-04  -1.7174934e-03  -1.1549427e-03
   9.1404238e-02  -1.3855780e-01  -1.5460130e-01   4.1576367e-04  -1.9669673e-03  -1.0937638e-03
   8.3636667e-02  -1.6834615e-01  -1.7465240e-01   1.0266011e-03  -1.8077585e-03  -1.1881765e-03
   9.4325871e-02  -1.2913154e-01  -1.7098222e-01   9.5619137e-04  -1.9176730e-03  -9.9265000e-04
   7.5059309e-02  -1.7426629e-01  -2.4971847e-01   9.6575601e-04  -1.8238085e-03  -1.0992492e-03
   1.0282285e-01  -1.1234188e-01  -1.7200311e-01   8.3538718e-04  -2.1031221e-03  -1.0014577e-03
   9.3225408e-02  -1.7931504e-01  -2.4840464e-01   1.4833007e-03  -2.0555648e-03  -1.1097665e-03
   1.2576320e-01  -1.2496874e-01  -1.7909879e-01   1.5018890e-03  -2.4216509e-03  -8.7425693e-04
   9.8874836e-02  -1.6402723e-01  -3.3166174e-01   2.0142307e-03  -2.4696577e-03  -1.2770443e-03
   1.0550629e-01   2.3440795e-02  -2.3710963e-01   1.2494196e-03  -2.2487586e-03  -1.5459145e-03
   1.0628060e-01  -2.5306827e-01  -2.5107148e-01   1.0992307e-03  -2.4439863e-03  -1.2432473e-03
   1.0744578e-01  -7.7483480e-02  -1.8053588e-01   5.7110322e-04  -2.1717901e-03  -1.1510168e-03
   3.2504837e-01  -2.6521094e-01   1.2850458e-01   2.7863879e-03  -4.8350781e-03  -1.5754439e-03
   1.7559419e-01  -4.0295585e-02  -1.3485629e-01   9.4825544e-04  -3.6871427e-03  -1.4507055e-03
   1.1000956e-01  -2.5727699e-01  -1.9210040e-01   1.8842987e-03  -2.9083450e-03  -1.6423061e-03
   1.1150120e-01  -5.0558298e-03  -1.1755280e-01   1.1658098e-03  -2.7646905e-03  -1.1478810e-03
   1.0202890e-01  -2.7320070e-01  -1.4289308e-01   1.4026449e-03  -2.8517863e-03  -1.3633199e-03
   9.6739680e-02   1.4040426e-04  -1.1130065e-01   7.2524201e-04  -2.6221252e-03  -1.6114661e-03
   1.0062887e-01  -2.4955605e-01  -9.8502829e-02   1.3804413e-03  -2.8419438e-03  -1.3576841e-03
   9.1218899e-02  -1.1070882e-01  -9.4276902e-02   4.5036443e-04  -2.5372606e-03  -1.5631125e-03
   1.1605624e-01  -2.4837196e-01  -8.6923117e-02   1.7294392e-03  -2.9535913e-03  -1.4864936e-03
   1.1876092e-01  -7.4636812e-02  -1.9287215e-01   1.1142045e-03  -2.8776954e-03  -1.4651559e-03
   1.3033711e-01  -1.8351514e-01  -7.2452258e-02   1.3702299e-03  -3.1165588e-03  -1.0607899e-03
   1.2833619e-01  -8.5294466e-02  -2.0724253e-01   1.0622047e-03  -3.0243042e-03  -1.3772346e-03
   1.2009293e-01  -7.4475134e-02  -1.4807794e-01   1.3031261e-04  -2.8797430e-03  -1.3594056e-03
   1.0925442e-01  -2.1567673e-01  -1.9730764e-01   1.2937069e-03  -2.9952454e-03  -1.2373204e-03
   1.1445326e-01  -5.2374098e-02  -1.5701513e-01   1.0460982e-03  -2.9102846e-03  -1.2276857e-03
   9.6574516e-02  -1.8560402e-01  -1.6847877e-01   1.4906588e-03  -2.8685953e-03  -1.3230406e-03
   1.2170576e-01   3.7747112e-02  -1.8680314e-01   1.0978507e-03  -2.9799256e-03  -1.6242840e-03
   1.1500723e-01  -2.3954143e-01  -8.2298834e-02   2.0811115e-03  -2.8703120e-03  -1.2974920e-03
   1.0491940e-01  -1.0769516e-01  -9.4774415e-02   1.1089813e-03  -2.7056169e-03  -1.0574589e-03
   1.2378791e-01  -1.1907124e-01  -6.7105011e-02   1.2528862e-03  -2.9946448e-03  -1.3310325e-03
   1.1837045e-01  -1.0968288e-01  -2.7235744e-01   9.6921508e-04  -3.0020094e-03  -1.4157885e-03
   1.5552399e-01  -5.0429914e-02  -1.5539440e-01   8.1750290e-04  -3.2979558e-03  -1.3494564e-03
   1.1817710e-01  -1.6528588e-01  -2.2213543e-01   1.5064371e-03  -3.1495962e-03  -1.4746034e-03
   1.1193817e-01   5.8101663e-02  -2.4671480e-01   8.5879403e-04  -2.8709125e-03  -1.3430389e-03
   1.3633607e-01  -2.3055032e-01  -2.0656486e-01   1.1665364e-03  -3.3988183e-03  -1.5020529e-03
   1.6561667e-01   4.6609660e-02  -3.0049234e-01  -1.2727399e-05  -3.5912574e-03  -1.8333496e-03
   1.2323599e-01  -1.8886369e-01  -1.6052843e-01   1.0347671e-03  -3.1630064e-03  -1.4728953e-03
   1.1170256e-01  -9.8196301e-02  -1.6752154e-01   9.4537034e-04  -2.9921588e-03  -1.4255545e-03
   1.3943619e-01  -2.4546052e-01  -1.8721930e-01   1.7530747e-03  -3.5174051e-03  -1.7064745e-03
   1.3961612e-01  -6.9507239e-02  -2.0846167e-01   1.5240910e-03  -3.2984778e-03  -1.5264237e-03
   1.4727335e-01  -2.2508323e-01  -1.8608481e-01   2.1033152e-03  -3.4735841e-03  -1.3744474e-03
   1.2188560e-01  -9.3740214e-02  -1.7178755e-01   1.8357700e-03  -3.0038862e-03  -1.6429113e-03
   1.3674059e-01  -2.2982311e-01  -8.4559753e-02   2.3961680e-03  -3.1983252e-03  -1.4136916e-03
   1.5957866e-01  -9.1608647e-02  -2.4812368e-01   1.7429069e-03  -3.4606964e-03  -1.2259959e-03
   2.0386245e-01  -1.4654707e-01  -1.2986897e-01   1.5036898e-03  -4.1792959e-03  -1.0367172e-03
   1.6154708e-01  -1.8892464e-01  -1.6412125e-01   1.6315278e-03  -3.7752681e-03  -1.1896448e-03
   1.6510829e-01  -1.0239301e-01  -9.6669765e-02   1.2451380e-03  -3.7160962e-03  -1.3957767e-03
   1.6094455e-01  -2.1852618e-01  -1.8659119e-01   1.8466558e-03  -3.8067306e-03  -1.4485029e-03
   1.6738388e-01  -5.3765542e-02  -1.5357464e-01   1.5872302e-03  -3.7500894e-03  -1.6101465e-03
   1.6951426e-01  -2.5297836e-01  -2.0640894e-01   2.4785269e-03  -3.9882313e-03  -1.8222608e-03
   1.5962434e-01  -5.6120407e-02  -1.2849658e-01   1.7965311e-03  -3.7073893e-03  -1.8559662e-03
   1.5661541e-01  -3.0375307e-01  -1.6802072e-01   2.4295398e-03  -3.9116510e-03  -1.7669287e-03
   1.5210897e-01  -2.5392329e-02  -1.1181498e-01   1.9834722e-03  -3.6168956e-03  -1.9549282e-03
   1.5410524e-01  -2.8094866e-01  -1.4892892e-01   2.2434611e-03  -3.8246164e-03  -1.9227704e-03
   1.5742170e-01  -7.6366574e-02  -1.4440102e-01   2.1279896e-03  -3.6442640e-03  -1.5613929e-03
   1.7935120e-01  -2.4682440e-01  -1.2903051e-01   2.5400316e-03  -4.1270554e-03  -1.2234274e-03
   2.1038436e-01  -5.2771313e-02  -3.6777248e-01   1.1337482e-03  -4.6503546e-03  -1.3513312e-03
   2.3783827e-01  -2.6696411e-02  -3.7014837e-01   1.8299814e-04  -5.2430379e-03  -1.5297458e-03
   2.1118957e-01  -2.3561186e-01  -2.7657326e-01   1.1443192e-03  -4.9613081e-03  -1.7733221e-03
   2.0625215e-01  -8.6465792e-02  -2.7606792e-01   9.6046003e-04  -4.8259241e-03  -1.9406384e-03
   2.0258635e-01  -1.8338132e-01  -2.8022603e-01   1.9148147e-03  -4.9698373e-03  -1.9545030e-03
   1.9376868e-01  -9.2265162e-02  -2.9231727e-01   2.1988565e-03  -4.6389546e-03  -2.0381223e-03
   2.1125551e-01  -2.5973443e-01  -2.4827250e-01   3.3905345e-03  -4.9274120e-03  -1.9935058e-03
   1.8058203e-01  -2.5363411e-01  -2.4811023e-01   3.4295515e-03  -4.4250542e-03  -2.1765410e-03
   1.9556208e-01  -2.6351545e-01  -1.9728324e-01   3.2412087e-03  -4.5989845e-03  -1.9532302e-03
   1.6121943e-01  -2.4186220e-01  -2.2794894e-01   3.2630238e-03  -4.1891779e-03  -1.8422158e-03
   1.9077611e-01  -1.5740835e-01  -1.7524786e-01   2.8876378e-03  -4.4673374e-03  -1.5703703e-03
   1.5645419e-01  -2.6864057e-01  -2.6634607e-01   2.8248210e-03  -4.2721923e-03  -1.7979945e-03
   1.9155129e-01  -5.4840327e-02  -2.3271529e-01   1.9826453e-03  -4.5088830e-03  -1.9548918e-03
   1.8209515e-01  -2.7754401e-01  -2.0908490e-01   2.7880125e-03  -4.5296052e-03  -1.6913105e-03
   2.0033779e-01  -2.1389829e-02  -3.6621737e-01   1.4709766e-03  -4.7541949e-03  -1.9330219e-03
   1.9681532e-01  -2.5913541e-01  -2.2314192e-01   2.3842330e-03  -4.8571358e-03  -1.4429289e-03
   1.4985548e-01  -1.3722897e-01  -2.4888397e-01   2.4129896e-03  -4.2786009e-03  -1.5741858e-03
   1.5228174e-01  -1.8277643e-01  -1.9402709e-01   1.7202463e-03  -4.3913303e-03  -1.8090228e-03
   1.2000909e-01  -1.9943297e-01  -2.7623672e-01   1.6828040e-03  -4.1782349e-03  -2.0322414e-03
   1.3492139e-01  -1.4699140e-02  -2.5075631e-01   1.1202051e-03  -4.0968205e-03  -2.2365824e-03
   1.6188043e-01  -2.1074410e-01  -2.2820932e-01   2.0477447e-03  -4.6416271e-03  -2.1820376e-03
   1.4582655e-01  -2.6742086e-02  -1.7794991e-01   1.9970977e-03  -4.0650007e-03  -2.1010899e-03
   1.7434622e-01  -3.0944162e-01  -1.5575969e-01   3.2702857e-03  -4.5056165e-03  -1.7580554e-03
   1.5326025e-01  -1.4370678e-01  -2.4491693e-01   2.6046078e-03  -4.3722473e-03  -2.2036691e-03
   1.5651005e-01  -2.5289399e-01  -2.0112115e-01   2.5933393e-03  -4.2713520e-03  -2.0749628e-03
   1.5505742e-01  -2.4102531e-01  -2.4735227e-01   2.7075598e-03  -4.4250077e-03  -2.0878050e-03
   1.6853072e-01  -4.0961820e-02  -1.7567918e-01   2.0145472e-03  -4.5517038e-03  -2.0419840e-03
   1.6033975e-01  -3.2399255e-01  -2.2513629e-01   2.9367223e-03  -4.4488704e-03  -1.9064662e-03
   1.7983840e-01  -1.2064343e-01  -1.2349867e-01   2.5282119e-03  -4.5087933e-03  -2.0044886e-03
   1.8515635e-01  -2.7164957e-01  -2.3177499e-01   3.6657718e-03  -5.0323811e-03  -1.9701180e-03
   1.7920097e-01  -6.1655525e-02  -2.9282715e-01   2.7186322e-03  -4.8302233e-03  -2.4115763e-03
   1.9017072e-01  -3.5008857e-01  -1.9607849e-01   2.9707586e-03  -5.2099960e-03  -2.3344650e-03
   1.9446834e-01  -1.2337242e-01  -1.9881830e-01   2.4272596e-03  -5.2630509e-03  -1.9181088e-03
   2.3725375e-01  -3.2359839e-01  -1.9456471e-01   3.1592853e-03  -6.0476630e-03  -1.7011857e-03
   2.1009753e-01  -9.3394800e-02  -2.0012805e-01   2.4858552e-03  -5.5248025e-03  -1.9358710e-03
   2.2527507e-01  -2.9916895e-01  -1.7522411e-01   2.6878694e-03  -5.7555723e-03  -1.8709816e-03
   2.0186098e-01  -1.5041523e-01  -3.2129894e-01   2.4524797e-03  -5.6187861e-03  -2.3023910e-03
   2.2089060e-01  -2.3847995e-01  -1.9823965e-01   2.6912012e-03  -5.7134873e-03  -2.0714261e-03
   1.9868938e-01  -2.2696373e-01  -2.3695972e-01   3.1819891e-03  -5.3420966e-03  -2.2557700e-03
   2.0392223e-01  -2.3676187e-01  -1.8105075e-01   2.9792955e-03  -5.4574727e-03  -1.8498046e-03
   1.8381375e-01  -1.4582210e-01  -2.1748632e-01   2.7440246e-03  -5.1132232e-03  -1.8262240e-03
   2.1084552e-01  -2.7673976e-01  -1.7545374e-01   2.6844298e-03  -5.4883198e-03  -1.7846349e-03
   1.8236261e-01  -2.1580318e-01  -2.2107024e-01   2.6449910e-03  -5.1228613e-03  -2.0314511e-03
   1.9263770e-01  -1.8089791e-01  -1.5732017e-01   2.1121478e-03  -5.3288537e-03  -1.9824824e-03
   1.8473230e-01  -2.8728300e-01  -2.4930485e-01   3.2417272e-03  -5.2681351e-03  -2.0017961e-03
   2.1568222e-01  -7.7014415e-02  -1.6685591e-01   8.8016403e-04  -5.4772453e-03  -1.7954825e-03
   2.6227006e-01  -2.1237092e-01  -5.0055690e-01   1.0478363e-03  -6.3803146e-03  -2.1314534e-03
   2.3024556e-01   9.0986929e-03  -1.8920203e-01  -5.4216135e-06  -5.6346117e-03  -2.3422229e-03
   2.2077457e-01  -1.5295415e-01  -2.0379817e-01   8.4815502e-04  -5.2833264e-03  -2.8170874e-03
   2.1112019e-01  -2.4211466e-01  -1.8975826e-01   2.3044689e-03  -5.4710072e-03  -2.5936113e-03
   2.1423619e-01   4.4673888e-02  -1.5972458e-01   1.2935423e-03  -5.2572306e-03  -2.6882157e-03
   2.2457394e-01  -3.4336644e-01  -1.6324662e-01   2.7467959e-03  -5.4792197e-03  -2.4623882e-03
   2.1356833e-01  -2.8469031e-02  -1.2820579e-01   6.2466901e-04  -5.0954208e-03  -2.5414709e-03
   2.3998816e-01  -2.0554725e-01  -1.1154779e-01   1.1731846e-03  -5.6690761e-03  -2.3967650e-03
   2.1389860e-01  -5.1768241e-02  -1.5810326e-01   1.0485082e-03  -5.3375895e-03  -2.7925724e-03
   2.3235586e-01  -2.2422439e-01  -1.5492597e-01   1.4034975e-03  -5.6556961e-03  -2.3410042e-03
   2.4700832e-01  -9.1763467e-02  -5.9831964e-02   2.3567292e-04  -4.9845313e-03  -2.6353303e-03
   2.7914817e-01  -5.3744252e-02   3.1050748e-01  -9.6840251e-04  -3.1338093e-03  -3.6684912e-03
   2.2919276e-01   1.8449975e-01  -7.4569866e-03  -2.7092120e-03  -4.8756684e-03  -2.3850228e-03
   1.4719834e-01  -1.1414718e-01  -1.7138613e-01  -2.1942722e-04  -4.4683289e-03  -2.2556087e-03
   1.4599540e-01   1.4011078e-01  -1.7477985e-01  -1.4931822e-03  -4.0063241e-03  -2.7973601e-03
   1.5258327e-01  -1.2418417e-01  -2.0163915e-01  -2.1841611e-04  -4.1182187e-03  -2.9872586e-03
   1.5958340e-01   1.0135167e-01  -1.6345511e-01  -5.0240388e-04  -3.9739573e-03  -2.8037959e-03
   1.6632872e-01  -7.5565869e-02  -1.0663983e-01  -4.1953075e-04  -4.1068641e-03  -2.6285679e-03
   1.7749604e-01   3.2084274e-02  -1.1593120e-01  -1.2027660e-03  -4.1137197e-03  -2.6736863e-03
   1.8519975e-01  -7.2232112e-02  -9.7411731e-02  -6.9684203e-04  -4.3056416e-03  -2.4213497e-03
   1.6724370e-01   4.4892031e-03  -1.3316124e-01  -9.1499175e-04  -4.0227166e-03  -2.6735774e-03
   1.8399083e-01   1.8553105e-03  -8.8878887e-02  -1.4373772e-03  -4.2550970e-03  -2.5857770e-03
   1.8139975e-01  -4.0341987e-01  -1.7118271e-01   3.5513323e-04  -4.4590549e-03  -2.6437004e-03
   1.2145657e-01   1.2979205e-01  -1.3417593e-01  -8.6944058e-04  -3.5342679e-03  -2.7114757e-03
   1.4776549e-01   1.7507808e-01  -1.5397868e-01  -6.2676721e-04  -3.7470243e-03  -2.6385795e-03
   1.4671371e-01  -5.6700987e-03  -1.2368093e-01  -8.1872279e-04  -3.7380381e-03  -2.3191113e-03
   1.5075309e-01  -7.5285715e-02  -1.6973734e-01  -1.0726359e-03  -3.7019030e-03  -2.6562201e-03
   1.3863190e-01   2.4553113e-02  -1.7023804e-01  -1.6251209e-03  -3.8029347e-03  -3.0873608e-03
   1.2338511e-01  -1.2737291e-01  -1.4164641e-01  -5.7256033e-04  -3.7131910e-03  -2.9725186e-03
   1.3393581e-01   7.7867605e-02  -1.4992823e-01  -1.4645883e-03  -3.7041293e-03  -3.0799472e-03
   1.4075116e-01  -1.1467241e-01  -1.0937227e-01  -6.8415415e-04  -3.7796882e-03  -2.7725212e-03
   1.6177374e-01   3.2276150e-02  -2.7809290e-01  -1.4771027e-03  -4.1717417e-03  -2.9920211e-03
   2.0409831e-01   6.6787531e-02  -2.1257227e-01  -1.5256080e-03  -4.8070756e-03  -2.7651483e-03
   1.9809788e-01  -4.5192062e-02  -1.5798415e-01  -6.1067287e-04  -4.9085396e-03  -2.6607459e-03
   1.9121308e-01   6.2344715e-02  -1.6658920e-01  -8.6534210e-04  -4.6896928e-03  -2.7278651e-03
   1.9736503e-01  -6.6818343e-02  -2.4800370e-01  -5.7654257e-04  -5.0480522e-03  -2.5185907e-03
   1.8037428e-01   1.7923544e-01  -2.2034078e-01  -1.3296674e-03  -4.9237251e-03  -3.0482748e-03
   2.2504654e-01  -1.8561824e-01  -2.0009015e-01   6.2804581e-04  -6.2060090e-03  -2.6889354e-03
   2.1495921e-01   6.3236264e-02  -1.1494939e-01  -7.3440548e-04  -5.8498185e-03  -2.7097429e-03
   1.9943597e-01  -8.3146541e-02  -1.6862255e-01   5.8311606e-04  -6.0249120e-03  -2.6528175e-03
   2.0796673e-01   5.1678936e-02  -9.9715519e-02   6.5966640e-04  -6.3752382e-03  -2.5441886e-03
   2.3395219e-01  -9.5553172e-02  -1.4913308e-01   9.2066205e-05  -7.1047614e-03  -2.3396190e-03
   1.9405858e-01   9.2266058e-02  -1.5526272e-01   5.0806539e-04  -6.7110323e-03  -3.0740467e-03
   2.1587995e-01  -1.3206200e-01  -1.0590732e-01   7.1569354e-04  -7.2588154e-03  -2.6981494e-03
   2.3444543e-01  -1.2138632e-02  -1.8725045e-01   2.4533546e-05  -7.6070154e-03  -2.9297052e-03
   2.2465711e-01  -1.7050341e-01  -2.8812134e-01   8.5100200e-04  -7.5132500e-03  -2.9880432e-03
   2.2028722e-01   8.6788018e-02  -1.2501164e-01  -2.2775099e-04  -7.1439757e-03  -2.9130531e-03
   2.0849766e-01  -2.1357642e-01  -1.5519982e-01   1.1633654e-03  -7.0868122e-03  -2.8680120e-03
   1.8854536e-01   7.7584909e-02  -1.2910075e-01   1.0036607e-03  -6.5602997e-03  -3.3336339e-03
   1.8762765e-01  -1.3626498e-01  -1.4973138e-01   1.3019794e-03  -6.6984630e-03  -3.6146274e-03
   2.0157213e-01   3.3639503e-02  -1.2634631e-01   7.6996347e-04  -6.5612563e-03  -3.2439272e-03
   2.5029021e-01  -1.5504518e-01  -5.5363910e-02   7.0606698e-04  -7.7340877e-03  -2.4025017e-03
   2.1178536e-01  -5.1145454e-02  -9.0812760e-02  -2.7137476e-04  -7.0987969e-03  -2.6537382e-03
   2.4944157e-01  -1.8614343e-01  -1.1032372e-01   2.9203760e-04  -7.8373414e-03  -2.4662768e-03
   2.4542681e-01   1.2086416e-01  -3.3438215e-01  -7.0799809e-04  -7.9193671e-03  -3.1652551e-03
   2.5543115e-01  -2.4212454e-02  -1.4072809e-01  -1.3389382e-04  -8.0244827e-03  -2.9468332e-03
   2.4557267e-01  -1.0851897e-03  -3.3528240e-01  -4.8626873e-04  -8.0808356e-03  -3.3013270e-03
   2.7099344e-01  -4.4570109e-02  -1.9278883e-01  -1.4871685e-03  -8.4347679e-03  -2.8290771e-03
   2.5730079e-01  -8.7481432e-02  -4.0300656e-01  -8.0355336e-05  -8.6217372e-03  -2.9338734e-03
   2.6744015e-01   4.4003464e-02  -5.1556417e-01  -1.7082578e-04  -8.8570152e-03  -3.1494927e-03
   2.5202434e-01  -8.2461813e-02  -2.3922399e-01  -2.3420513e-04  -8.2735785e-03  -3.0292067e-03
   2.5928860e-01  -7.5391831e-02  -1.3391249e-01   2.0326422e-04  -8.3410175e-03  -2.7134676e-03
   2.1667235e-01  -7.6544010e-02  -1.7623099e-01   7.3454433e-04  -7.7142906e-03  -3.3328983e-03
   2.2590492e-01  -9.0595453e-02  -9.5390632e-02   8.1497379e-04  -7.9541412e-03  -2.5859072e-03
   1.9252745e-01  -7.1370608e-02  -1.3727325e-01   5.7065396e-04  -7.5109031e-03  -3.1129875e-03
   2.2144978e-01  -1.6514793e-01  -7.9600826e-02   5.8151409e-04  -7.8076278e-03  -2.5515023e-03
   2.1566898e-01  -9.9892213e-02  -1.2558490e-01   6.8489970e-04  -7.7134220e-03  -2.7912440e-03
   2.2945708e-01  -1.0144983e-01  -4.7701479e-02   7.1351796e-04  -7.9929921e-03  -2.4680134e-03
   2.1974942e-01  -3.6270129e-02  -2.0218309e-01   1.3358677e-05  -7.9760567e-03  -2.8008964e-03
   2.7101073e-01  -2.4996865e-02  -9.7746670e-02   3.9926762e-05  -8.5805951e-03  -2.4609133e-03
   2.5208202e-01  -3.2151986e-02  -2.2105314e-01   6.3939233e-04  -8.4352501e-03  -2.6031277e-03
   2.7933789e-01   8.5464433e-02  -1.6445840e-01  -9.6323475e-04  -8.8899196e-03  -2.6423033e-03
   2.5708438e-01  -1.7068000e-01  -3.8061624e-01   5.8287605e-04  -8.8634170e-03  -3.2155224e-03
   2.4620460e-01   1.1594040e-01  -2.0982667e-01  -9.8381661e-04  -8.5621832e-03  -2.9226625e-03
   2.3138487e-01  -1.4066197e-01  -2.3505121e-01   1.7143941e-04  -8.5069624e-03  -2.9939235e-03
   2.3661636e-01   8.6334422e-02  -1.4020118e-01  -4.7766143e-04  -8.3833663e-03  -2.8207431e-03
   2.3652893e-01  -1.5604599e-01  -1.5854847e-01   9.0327731e-04  -8.4257653e-03  -2.9616120e-03
   2.2360599e-01   1.0089318e-01  -7.5518747e-02  -5.9543169e-04  -8.1094018e-03  -3.0696431e-03
   2.3854102e-01  -3.0526236e-01  -1.1195873e-01   4.6740577e-04  -8.4398642e-03  -2.7124395e-03
   2.1557330e-01   3.2551350e-02  -1.3078166e-01  -3.2503030e-04  -7.8956918e-03  -2.9180139e-03
   2.3423397e-01   3.1925325e-03  -9.1882202e-02   4.7527876e-05  -8.0723937e-03  -2.8382063e-03
   2.5701867e-01  -7.9861392e-02  -1.1162520e-01   5.9429313e-04  -8.6605726e-03  -2.5572620e-03
   2.8293373e-01   1.1897520e-01  -1.7010383e-01  -3.3559839e-04  -9.0766029e-03  -2.5920985e-03
   2.7755507e-01  -1.8285701e-01  -5.2325341e-02  -9.5039202e-06  -9.0748825e-03  -2.5158583e-03
   2.2464967e-01  -1.9035611e-02  -2.2399109e-01  -5.7894425e-05  -8.5958482e-03  -2.6293822e-03
   2.8029370e-01   1.9469063e-01  -3.4617535e-01  -1.8616143e-03  -8.5931732e-03  -2.9751273e-03
   2.9250800e-01  -1.4062184e-01  -1.2333460e-01  -6.7023947e-04  -9.1996562e-03  -2.3202767e-03
   2.4337020e-01   3.1910763e-02  -4.0290851e-01  -4.7043746e-04  -8.8124002e-03  -2.7662843e-03
   2.5607791e-01  -1.1088409e-01  -2.0030903e-01  -4.4926324e-05  -8.8029848e-03  -2.3928106e-03
   2.4704179e-01   1.3080705e-02  -1.8029143e-01  -4.7782955e-04  -8.5725023e-03  -2.6024974e-03
   2.3714610e-01  -1.3780308e-01  -1.3913703e-01   1.3539604e-03  -8.4611790e-03  -2.6553613e-03
   2.3355813e-01  -5.0147359e-02  -1.5061055e-01   5.2418849e-04  -8.2445595e-03  -2.7472145e-03
   2.5885632e-01  -1.4594379e-01  -1.0789222e-01   9.7314644e-04  -8.7373874e-03  -2.2986922e-03
   2.4258450e-01   1.4997625e-02  -1.1553338e-01  -1.1531120e-04  -8.4847503e-03  -2.5673773e-03
   2.4522058e-01  -1.6268055e-01  -1.0794599e-01   8.5105603e-04  -8.7106797e-03  -2.7328038e-03
   2.3182136e-01  -3.3606273e-02  -1.3845645e-01   7.5733670e-04  -8.4210172e-03  -2.8226990e-03
   2.5130778e-01  -1.3335519e-01  -8.0482024e-02   4.9003975e-04  -8.7098342e-03  -2.3450681e-03
   2.3598157e-01  -1.1064266e-01  -7.8792143e-02   7.7177953e-04  -8.3196332e-03  -2.4604330e-03
   2.2855552e-01  -1.7956940e-01   7.0491433e-02   1.5312094e-03  -8.2215082e-03  -2.4059021e-03
   2.5805008e-01  -1.5641654e-01  -2.6698240e-02   6.6816741e-04  -7.3307519e-03  -2.1464020e-03
   1.9083400e-01  -3.3664413e-02  -1.9813633e-01  -7.0207003e-04  -6.9066832e-03  -2.4611492e-03
   1.5351254e-01  -1.2960677e-01  -2.1875002e-01   4.6494902e-04  -6.3775386e-03  -2.8212315e-03
   1.6535427e-01   6.4556860e-02  -1.2842312e-01  -3.8576595e-04  -6.1600587e-03  -2.8258567e-03
   1.7196622e-01  -2.2313478e-01  -1.4946390e-01   1.4810815e-04  -6.3484356e-03  -2.6211982e-03
   1.7004235e-01   8.2655913e-02  -1.4204608e-01  -1.9811928e-05  -6.2417402e-03  -3.1310036e-03
   1.6907118e-01  -1.4941482e-01  -1.4981933e-01   5.2077007e-04  -6.3509406e-03  -2.8492415e-03
   1.6534165e-01  -4.7480764e-02  -1.9853659e-01  -2.8540975e-04  -6.1023976e-03  -3.1780006e-03
   1.8785736e-01  -1.2407255e-02  -1.6158131e-01  -6.7383886e-04  -6.2975905e-03  -2.8969457e-03
   1.9549691e-01  -1.9255523e-01  -2.1541903e-01   6.3632859e-04  -6.5468092e-03  -2.9822564e-03
   1.9873568e-01   9.0161406e-02  -1.9390884e-01  -8.2447469e-04  -6.4796546e-03  -2.9260979e-03
   1.9581250e-01  -2.0155866e-01  -2.3691997e-01  -2.9190835e-04  -6.6512264e-03  -2.6711209e-03
   1.8023026e-01   7.2659340e-02  -2.6654211e-01  -1.1267947e-03  -6.2487713e-03  -2.7268188e-03
   1.5957362e-01  -1.1627024e-01   2.5824269e-02  -8.4636819e-04  -5.5351529e-03  -2.1411494e-03
   1.3400698e-01   1.5492322e-01   5.4644911e-01  -5.3031352e-03  -4.6559354e-03  -1.7893450e-03
   9.3392156e-02   8.9141776e-02   1.6759363e-01  -2.8487676e-03  -4.7828208e-03  -1.4639939e-03
   1.6063198e-01   1.5483188e-01  -2.2125870e-01  -9.8283164e-04  -6.0635080e-03  -2.6067757e-03
   1.3474712e-01  -6.4042142e-02  -1.8302817e-01  -5.4482748e-04  -5.9510714e-03  -2.5464271e-03
   1.0706539e-01   7.8420251e-02  -8.8118837e-02  -1.6713843e-03  -5.2095310e-03  -2.5769703e-03
   1.1363178e-01  -4.8043189e-02  -1.3842726e-01  -1.7111579e-03  -5.4491426e-03  -2.2974932e-03
   1.0985479e-01   3.2418695e-02  -1.6014594e-01  -1.5644378e-03  -5.3480049e-03  -2.6189890e-03
   1.1831789e-01  -3.5092986e-03  -1.6046295e-01  -3.7424904e-03  -5.4942504e-03  -2.4539608e-03
   1.2231474e-01   1.1566932e-01  -1.7368773e-01  -3.1266129e-03  -5.3938668e-03  -2.3575901e-03
   1.2040574e-01   4.6111205e-02  -1.0760834e-01  -3.3888787e-03  -5.2945077e-03  -2.2641825e-03
   9.1684534e-02   2.0580919e-02  -1.9238569e-01  -2.6780845e-03  -4.8656494e-03  -2.5445876e-03
   1.2314121e-01   9.4518735e-02  -1.7480563e-01  -4.6208826e-04  -5.1410932e-03  -2.1288389e-03
   9.7303083e-02  -7.0277115e-02  -2.1200294e-01  -1.6350019e-03  -4.9567322e-03  -2.4001762e-03
   1.3396724e-01   1.9453779e-01  -1.4074833e-01  -2.3772401e-03  -5.3292471e-03  -2.2594079e-03
   1.3732287e-01  -1.1490943e-02  -1.7046507e-01  -1.8053436e-03  -5.4825393e-03  -2.2385355e-03
   1.5821623e-01   2.0068465e-01  -1.6682213e-01  -2.9531158e-03  -5.5394577e-03  -2.0354105e-03
   1.3971838e-01   1.4552066e-02  -1.4799810e-01  -2.8834301e-03  -5.3217618e-03  -2.0878616e-03
