   0.0000000e+00   0.0000000e+00   0.0000000e+00   0.0000000e+00   0.0000000e+00   0.0000000e+00
   1.4547237e-02   3.5993956e-02  -4.3677297e-02  -1.5997765e-03  -8.6475985e-04  -3.0983071e-04
  -1.6122921e-02  -7.7155630e-03  -7.9362307e-02  -1.0091531e-04   1.1427645e-04   5.0716036e-05
   1.7740136e-02   1.0722517e-02  -7.0373050e-02  -1.0363284e-03  -4.2472276e-04   4.8983014e-04
   8.1885288e-03  -4.3885556e-02  -7.3079098e-02   2.8846191e-04   3.0448744e-05   3.3296769e-04
   1.0910685e-02  -3.2618249e-02  -9.8760202e-02   1.5152591e-04  -4.5060554e-04   2.2167450e-04
   2.6502278e-02  -7.8591686e-02  -8.1939712e-02   2.8097486e-04  -3.5269103e-04   4.2717477e-04
   4.7274062e-04  -7.1294571e-02  -1.0829801e-01   1.4667830e-04  -4.8345519e-04   1.5037763e-04
   1.1510485e-02  -4.0766797e-02  -6.2599683e-02   4.5634740e-04  -5.8645524e-04   4.2090523e-04
  -8.7318785e-04  -1.7267913e-01  -1.2553519e-01   2.4785716e-03  -7.3312100e-04   4.8837010e-05
   1.8501791e-02  -4.9637568e-02  -1.1382146e-01   1.8986977e-03  -1.0894600e-03   1.3305372e-04
  -6.3352881e-03  -1.5033993e-01  -8.4800651e-02   2.2930304e-03  -3.5535063e-04   8.8630168e-05
   6.6114853e-04  -5.0266064e-02  -8.0748069e-02   9.6265228e-04  -3.4967635e-04   4.4377743e-04
  -1.5054351e-02  -1.3770489e-01  -1.1514193e-01   2.6636248e-03  -4.3704116e-04   1.8444888e-04
  -1.1819370e-02  -3.3221792e-02  -9.6905735e-02   1.1760198e-03  -8.3605750e-04   5.0572702e-04
  -7.7161117e-03  -1.3150133e-01  -1.0539128e-01   2.1027587e-03  -1.3366425e-03  -5.0696737e-04
  -4.3840352e-02  -2.8484128e-02  -8.3755193e-02   2.1785343e-03  -6.8260608e-04  -1.9381072e-04
  -1.4230374e-02  -6.8009693e-02  -1.0583890e-01   1.5011347e-03  -1.6094252e-03  -6.9652094e-04
  -3.1861574e-02  -1.0290613e-01  -7.8828513e-02   3.1468311e-03  -1.3393713e-03  -6.9507644e-04
  -6.1289716e-03  -6.5729942e-02  -8.3259127e-02   2.3973807e-03  -1.3135976e-03  -8.5534730e-05
  -4.7834712e-03  -1.1036637e-01  -1.0543016e-01   2.3678954e-03  -1.4717295e-03  -4.6456465e-04
   2.8538049e-03  -6.7962316e-02  -1.1149687e-01   3.0301997e-03  -1.5165209e-03  -6.0103644e-05
   1.2885126e-02  -1.6117341e-01  -1.2058691e-01   3.0207835e-03  -1.6807300e-03  -2.5046542e-04
   1.0095086e-02  -1.2604468e-01  -1.4981159e-01   4.2622902e-03  -1.9033370e-03  -3.6769270e-04
   3.2599768e-02  -1.4519656e-01  -1.1308840e-01   2.8085516e-03  -2.3176743e-03  -1.0814116e-04
   1.6987299e-02  -1.2559148e-01  -1.3831890e-01   2.6691539e-03  -1.9276343e-03   4.3664522e-05
   2.7949972e-02  -1.7899741e-02  -1.3059845e-01   2.4420101e-03  -2.2331524e-03   1.4757212e-05
  -7.5104313e-03  -1.1091436e-01  -1.3935124e-01   3.3762039e-03  -1.7410045e-03  -1.3386052e-04
   3.0029577e-02  -3.6606919e-02  -1.3990584e-01   2.5768618e-03  -2.1519767e-03   1.6793251e-04
   2.0581556e-02  -1.1273400e-01  -1.0851235e-01   3.1911400e-03  -1.9969589e-03   2.1477401e-05
   1.0149083e-02  -3.3302425e-02  -1.2482886e-01   3.1483105e-03  -2.0646911e-03  -2.0493617e-04
   2.3671519e-02  -1.1356027e-01  -1.3842783e-01   3.7328547e-03  -2.1257929e-03  -1.7983870e-04
   2.7402613e-02  -4.0746944e-02  -1.2122590e-01   3.4432357e-03  -2.2279252e-03  -1.4490347e-04
   1.0073712e-02  -4.2952718e-02  -1.3355480e-01   3.5684095e-03  -1.7428507e-03   1.4995564e-04
   1.5739314e-02  -7.1772738e-02  -1.1006869e-01   2.8883305e-03  -2.0872934e-03  -3.6527460e-04
   2.6415050e-02  -1.3075000e-01  -1.4761541e-01   4.9183152e-03  -2.2526296e-03  -2.2485205e-04
   3.8702859e-02  -1.4425120e-01  -1.3857753e-01   3.3914123e-03  -2.4085413e-03  -1.7531698e-04
   3.4051003e-02  -9.1886286e-02  -1.3081553e-01   3.8937615e-03  -2.3371217e-03   5.4712025e-05
   4.4947218e-02  -6.4058633e-02  -1.4849938e-01   3.0148049e-03  -2.6564327e-03  -3.2675712e-04
   3.7008192e-02  -1.2607556e-01  -1.0606683e-01   3.2154298e-03  -2.3039296e-03   1.0165049e-04
   7.0194767e-02  -8.5911281e-02  -9.7990460e-02   2.4639155e-03  -2.8180838e-03   1.1139744e-04
   4.0706663e-02  -1.1146856e-01  -1.1646488e-01   3.2706435e-03  -2.1227255e-03   5.2883833e-04
   6.1595932e-02  -4.6546163e-02  -1.2364487e-01   2.9833568e-03  -2.4887750e-03   3.6534497e-04
   3.5381881e-02  -6.8815255e-02  -1.0487766e-01   3.0529277e-03  -1.9348874e-03   5.9418151e-04
   6.2427637e-02  -5.7547537e-02  -1.1356765e-01   2.1270018e-03  -2.3240160e-03   5.7290402e-04
   6.9011102e-02  -1.2471043e-01  -1.0439209e-01   3.6490654e-03  -2.4982678e-03   4.7909400e-04
   7.5258823e-02  -9.2949264e-02  -1.0659110e-01   2.9045492e-03  -2.5738928e-03   4.9587600e-04
   6.2534503e-02  -8.3321714e-02  -1.0318772e-01   3.0618684e-03  -2.3990335e-03   6.3461621e-04
   5.9578376e-02  -1.1922840e-01  -1.3566600e-01   2.8746593e-03  -2.6780235e-03   1.3964608e-04
   6.0084816e-02  -8.3516882e-02  -1.1643212e-01   3.6825408e-03  -2.4713286e-03   6.9895261e-04
   6.3390387e-02  -8.1337366e-02  -1.0782103e-01   2.9430194e-03  -2.4027170e-03   6.3612990e-04
   6.5124756e-02  -1.1506453e-01  -9.7075268e-02   3.7218129e-03  -2.3836181e-03   6.2116048e-04
   6.0549641e-02  -4.8413924e-02  -1.0148209e-01   2.8154816e-03  -2.5638680e-03   4.2995545e-04
   6.6669819e-02  -9.6389599e-02  -9.3729997e-02   3.2536842e-03  -2.3895324e-03   6.6199315e-04
   6.8792698e-02  -1.3130430e-01  -1.0423802e-01   2.5424884e-03  -2.6549965e-03   4.1093170e-04
   5.1778910e-02  -7.8782981e-02  -1.0875257e-01   3.2301158e-03  -2.5652966e-03   1.4091165e-04
   5.7010562e-02  -1.2975789e-01  -1.1496741e-01   3.1329400e-03  -2.5499202e-03   2.6454605e-04
   5.7735889e-02  -1.0515369e-01  -1.0802447e-01   3.4673249e-03  -2.6554671e-03   1.2474164e-04
   5.6376672e-02  -6.2267425e-02  -1.0515594e-01   3.6598116e-03  -2.4883319e-03   3.2157902e-04
   7.4673476e-02  -1.4902335e-01  -1.0842607e-01   3.7633722e-03  -2.7178411e-03   4.3338451e-05
   6.5506494e-02  -1.0907830e-01  -8.6274035e-02   3.7457479e-03  -2.4062609e-03   3.3955865e-04
   7.4779957e-02  -1.0481941e-01  -1.1573693e-01   3.5359294e-03  -2.8789861e-03  -1.6653840e-04
   4.7264521e-02  -1.6744348e-01  -1.0290856e-01   4.4230447e-03  -2.2345341e-03   3.7279715e-04
   7.0979981e-02  -1.4104708e-01  -1.2037654e-01   3.0726249e-03  -2.9845190e-03   1.2046566e-05
   4.7158311e-02  -1.5821356e-01  -1.1166698e-01   4.2735124e-03  -2.1581568e-03   6.1824635e-04
   6.2054740e-02  -1.2522336e-01  -9.7931515e-02   4.0606334e-03  -2.5118667e-03   1.6264972e-04
   7.6464133e-02  -1.8705266e-01  -9.4056659e-02   4.8631273e-03  -2.4701883e-03   5.7443939e-04
   5.8713278e-02  -1.5308991e-01  -9.6090736e-02   4.4469978e-03  -2.2532113e-03   5.6218891e-04
   7.1415165e-02  -1.1258324e-01  -1.2925523e-01   4.5233603e-03  -2.5559445e-03   5.6074383e-04
   4.5880371e-02  -7.2133362e-02  -8.4797417e-02   4.6751475e-03  -1.8958705e-03   1.0485882e-03
   7.4457795e-02  -1.4701213e-01  -1.1007617e-01   4.5206787e-03  -2.6819818e-03   2.7745033e-04
   5.1724825e-02  -1.3207347e-01  -7.7435393e-02   5.2243972e-03  -1.9971141e-03   7.7575100e-04
   8.9192302e-02  -1.8496224e-01  -1.3526128e-01   4.9463060e-03  -2.8333240e-03   3.7127598e-04
   6.7729332e-02  -1.3411449e-01  -1.1132821e-01   4.9370430e-03  -2.2701159e-03   9.1182486e-04
   9.2511192e-02  -9.9036547e-02  -1.2829320e-01   5.2012374e-03  -3.0287936e-03  -1.9236457e-04
   6.3760926e-02  -1.4155147e-01  -8.7961654e-02   5.1180313e-03  -2.3987616e-03   3.6368717e-04
   6.7389260e-02  -1.0518885e-01  -9.8994811e-02   4.5971970e-03  -2.6480223e-03  -2.2660257e-04
   7.0782860e-02  -1.8759916e-01  -8.9165632e-02   5.6520289e-03  -2.5658794e-03  -1.3657783e-04
   9.9997318e-02  -1.5252796e-01  -8.6212303e-02   4.3477947e-03  -2.6574577e-03   5.0281923e-04
   1.1046043e-01  -1.8515357e-01  -9.2170928e-02   5.0570342e-03  -2.4996332e-03   1.1043584e-03
   1.0440844e-01  -1.3219828e-01  -9.1623204e-02   4.6255286e-03  -2.4044184e-03   8.6696139e-04
   1.1873369e-01  -1.2912708e-01  -1.0639389e-01   5.5648350e-03  -2.1776685e-03   1.4225274e-03
   1.1845059e-01  -1.4429661e-01  -9.0876742e-02   4.5682974e-03  -2.0036196e-03   1.4008802e-03
   1.2815721e-01  -1.4306790e-01  -7.2136295e-02   5.6296419e-03  -1.9316943e-03   1.7426030e-03
   1.3029212e-01  -1.8949026e-01  -8.7276250e-02   4.7696960e-03  -2.0925373e-03   1.2955962e-03
   1.0733723e-01  -1.7251698e-01  -8.4504780e-02   5.6161005e-03  -1.4485407e-03   1.9771779e-03
   1.1566136e-01  -1.4750008e-01  -1.0011013e-01   4.4383913e-03  -1.8807104e-03   1.7726530e-03
   1.0829739e-01  -1.3857682e-01  -5.6737320e-02   5.3424496e-03  -1.4223017e-03   2.2842985e-03
   1.2026074e-01  -1.0548450e-01  -6.7978659e-02   4.3430291e-03  -1.6789310e-03   1.9300299e-03
   1.3253638e-01  -1.6439935e-01  -5.4299414e-02   5.2271236e-03  -1.7043896e-03   2.4060911e-03
   9.5424878e-02  -2.5266695e-01  -1.0179687e-01   5.5799126e-03  -1.2750227e-03   1.8983339e-03
   1.1391793e-01  -1.5045164e-01  -7.1499483e-02   5.5129362e-03  -1.1742914e-03   2.5375247e-03
   7.5428418e-02  -1.7225339e-01  -7.6004888e-02   5.6586099e-03  -9.7131400e-04   2.0274939e-03
   9.9879610e-02  -1.4935447e-01  -4.3263988e-02   5.5700364e-03  -9.5280925e-04   2.7006265e-03
   1.0399809e-01  -1.6691491e-01  -6.1062901e-02   5.9862384e-03  -9.0756317e-04   2.3762423e-03
   1.0746145e-01  -1.9869849e-01  -2.9300253e-02   6.0207018e-03  -7.9638006e-04   2.8488153e-03
   1.2065202e-01  -2.4400971e-01  -8.9875010e-02   6.4957247e-03  -9.7874978e-04   2.7049704e-03
   9.0421121e-02  -1.5664010e-01  -3.5263537e-02   5.6431542e-03  -3.6829906e-04   2.8481871e-03
   9.7990520e-02  -1.7146682e-01  -1.1411406e-01   6.1039552e-03  -7.4101398e-04   2.6225871e-03
   8.7229026e-02  -1.1649510e-01  -4.7607542e-02   5.6347168e-03  -1.2011243e-03   1.9426099e-03
   9.5638208e-02  -2.4222060e-01  -1.0278641e-01   6.8437066e-03  -1.2629413e-03   2.0321043e-03
   6.5174261e-02  -1.7315283e-01  -8.2337135e-02   6.0835402e-03  -9.0134338e-04   2.0639801e-03
   8.6615148e-02  -1.7999279e-01  -8.8986683e-02   6.8442821e-03  -8.4381286e-04   2.5234215e-03
   5.8318983e-02  -2.2304849e-01  -8.8443296e-02   6.1928911e-03  -7.1875823e-04   2.0368280e-03
   1.1238367e-01  -2.2437177e-01  -9.5647707e-02   7.1750879e-03  -1.5587670e-03   2.2682636e-03
   7.1772826e-02  -2.4129319e-01  -7.9817555e-02   6.7003293e-03  -1.0548115e-03   1.6991456e-03
   1.0065029e-01  -1.7097154e-01  -6.1990908e-02   5.7976222e-03  -1.1959856e-03   2.3408137e-03
   9.3540186e-02  -2.2615280e-01  -8.0755566e-02   5.8828618e-03  -1.5647985e-03   1.5555111e-03
   8.7394245e-02  -1.3508529e-01  -6.7632572e-02   6.1025163e-03  -1.0852220e-03   2.1809478e-03
   8.0717193e-02  -1.9004775e-01  -7.0647167e-02   6.1973674e-03  -1.4299816e-03   1.4540221e-03
   7.7912473e-02  -1.7915633e-01  -4.5165783e-02   6.0351840e-03  -1.1710201e-03   1.7685008e-03
   1.1463675e-01  -2.0745283e-01  -8.6951893e-02   6.3371734e-03  -1.7282696e-03   1.4251615e-03
   9.3825598e-02  -1.8644946e-01  -3.0040843e-02   6.3280280e-03  -9.6162595e-04   1.9799737e-03
   1.3519581e-01  -2.0481272e-01  -6.4164695e-02   6.1231794e-03  -1.8760526e-03   1.8278890e-03
   1.0841199e-01  -1.3432257e-01  -4.2915004e-03   5.7398592e-03  -1.3392217e-03   1.9211761e-03
   1.0936838e-01  -1.5827366e-01  -4.3199158e-02   6.1039406e-03  -1.2560454e-03   1.7739238e-03
   1.1389323e-01  -2.1035515e-01  -5.9742339e-02   6.1779734e-03  -1.0431373e-03   2.2052328e-03
   1.1416289e-01  -1.5689762e-01  -4.0187682e-02   5.3173603e-03  -1.5773321e-03   1.5157867e-03
   1.1708550e-01  -1.1117448e-01  -6.4370265e-02   6.5122538e-03  -1.1027720e-03   2.0547164e-03
   1.2228247e-01  -1.7304985e-01  -2.7058258e-02   6.1831998e-03  -1.2310328e-03   2.3437816e-03
   1.2974117e-01  -2.2691471e-01  -8.9285218e-02   5.7828177e-03  -1.7299642e-03   1.8457683e-03
   1.3460968e-01  -1.8808110e-01  -5.9702818e-02   6.8605763e-03  -1.2754155e-03   2.6678414e-03
   1.5376669e-01  -1.6505158e-01  -3.8940972e-02   6.2254100e-03  -1.9021972e-03   2.7241248e-03
   1.6801226e-01  -1.7365313e-01  -5.7038629e-02   6.7211128e-03  -2.1733215e-03   2.4558944e-03
   1.4948273e-01  -1.5638370e-01  -4.3982349e-02   7.4314775e-03  -1.4551016e-03   3.1359918e-03
   1.6803068e-01  -1.6268524e-01  -6.9788762e-02   6.4904999e-03  -2.0215689e-03   2.7318152e-03
   1.4665058e-01  -1.4631276e-01  -6.6098292e-02   7.3784431e-03  -1.5439789e-03   3.1359191e-03
   1.4232623e-01  -1.5836503e-01  -3.9357285e-02   6.1580232e-03  -1.7665542e-03   2.8395132e-03
   1.6328426e-01  -1.2381952e-01  -7.5085749e-02   7.0242795e-03  -2.0098106e-03   2.6795201e-03
   1.4990493e-01  -1.6487346e-01  -2.9392146e-02   6.7415777e-03  -1.7295823e-03   2.8013249e-03
   1.6029835e-01  -1.3868487e-01  -7.5220753e-02   7.1225089e-03  -2.0485939e-03   2.4282222e-03
   1.5356980e-01  -1.9184625e-01  -6.7901534e-02   7.0271100e-03  -1.9678348e-03   2.6496297e-03
   1.7503505e-01  -1.9522604e-01  -9.1552181e-02   7.4768295e-03  -2.1041946e-03   2.7641720e-03
   1.5991291e-01  -2.2546285e-01  -3.5664577e-02   7.8091809e-03  -1.6509784e-03   2.8792292e-03
   1.5874848e-01  -2.4976400e-01  -7.1315004e-02   7.5398809e-03  -1.7111884e-03   2.4922974e-03
   1.5385868e-01  -2.2255753e-01  -2.0583629e-02   7.6037472e-03  -1.5346869e-03   2.5987449e-03
   1.6464410e-01  -1.8775172e-01  -8.4428832e-02   7.3357377e-03  -1.7125477e-03   2.4786940e-03
   1.5458577e-01  -2.1677722e-01  -4.5569586e-02   7.6009499e-03  -1.4174363e-03   2.5207132e-03
   1.5269452e-01  -2.2793015e-01  -1.1114763e-01   7.4615777e-03  -1.5582126e-03   2.2841710e-03
   1.6743562e-01  -1.8431348e-01  -5.4175919e-02   7.9892914e-03  -1.6646503e-03   2.4266586e-03
   1.5414113e-01  -2.6447449e-01  -1.0285483e-01   7.3360437e-03  -1.8267767e-03   2.0476644e-03
   1.4420271e-01  -1.3733462e-01  -4.7356898e-02   7.6469022e-03  -1.7655489e-03   2.0532298e-03
   1.4358155e-01  -2.7716871e-01  -1.3970850e-01   8.1565732e-03  -1.6557388e-03   1.8173866e-03
   1.2416368e-01  -1.6357288e-01  -8.6132847e-02   7.7526113e-03  -1.5342345e-03   1.9317757e-03
   1.2897407e-01  -2.0055417e-01  -1.3784652e-01   8.0840036e-03  -1.8045712e-03   1.4262414e-03
   1.1103456e-01  -1.6522527e-01  -8.2965045e-02   8.6455040e-03  -1.3036557e-03   1.7687815e-03
   1.5557804e-01  -2.5849603e-01  -1.0767510e-01   7.7215670e-03  -2.1706435e-03   1.4534595e-03
   1.2671938e-01  -2.2101819e-01  -6.9417900e-02   8.4772505e-03  -1.3783927e-03   2.0526078e-03
   1.3936287e-01  -2.3042698e-01  -1.3124549e-01   8.4133828e-03  -1.8182062e-03   1.4965462e-03
   1.0326435e-01  -2.4767944e-01  -9.2515841e-02   8.1754306e-03  -1.1686329e-03   1.5996541e-03
   1.2481655e-01  -3.0112581e-01  -1.5111986e-01   8.6419054e-03  -1.5580818e-03   1.5415444e-03
   1.2262199e-01  -2.3010868e-01  -7.9643959e-02   8.2431973e-03  -1.4194496e-03   1.7160902e-03
   1.4268832e-01  -3.7026561e-01  -1.3813453e-01   1.0078948e-02  -1.9408158e-03   1.2364103e-03
   1.2013452e-01  -1.3257334e-01  -4.9978830e-02   7.8241457e-03  -1.6727006e-03   1.2017687e-03
   1.1138765e-01  -2.4782061e-01  -9.8583016e-02   8.6386866e-03  -1.5081983e-03   1.2145727e-03
   8.9735628e-02  -2.2946198e-01  -9.2971300e-02   8.2866721e-03  -1.8371564e-03   1.0605999e-03
   1.1732896e-01  -2.4777154e-01  -1.1531244e-01   8.8767718e-03  -2.1050932e-03   1.2801624e-03
   7.8750999e-02  -2.2251509e-01  -9.9397317e-02   8.6577329e-03  -1.8523063e-03   7.9439340e-04
   1.2096308e-01  -1.7463921e-01  -1.0980403e-01   9.4425146e-03  -2.1145385e-03   1.0430305e-03
   9.3670311e-02  -2.5867628e-01  -9.1001061e-02   8.5782689e-03  -1.8975923e-03   8.1557003e-04
   1.3964840e-01  -2.5281111e-01  -9.2316933e-02   8.7578542e-03  -2.4921518e-03   1.0021548e-03
   1.0689591e-01  -2.6542922e-01  -8.0336458e-02   8.5686878e-03  -1.8515113e-03   9.7069701e-04
   1.2088121e-01  -2.7563516e-01  -1.4120320e-01   9.6595915e-03  -2.4113804e-03   8.8886744e-04
   1.1250635e-01  -3.1299511e-01  -1.2564904e-01   9.3421989e-03  -2.4217592e-03   6.8255316e-04
   1.3603604e-01  -2.6656423e-01  -1.3184258e-01   9.9718981e-03  -2.6756334e-03   1.0507638e-03
   1.0700211e-01  -2.8885588e-01  -1.3404139e-01   9.5859349e-03  -2.4886579e-03   3.6252321e-04
   1.1989717e-01  -3.1337652e-01  -1.0020943e-01   1.0057624e-02  -2.2617784e-03   8.6694581e-04
   1.3712914e-01  -2.3703942e-01  -1.1255972e-01   9.3654807e-03  -2.7067462e-03   8.8094251e-04
   1.2886320e-01  -2.8808824e-01  -8.5336211e-02   9.7788734e-03  -2.4491055e-03   1.0938004e-03
   1.3615973e-01  -2.7501454e-01  -1.6712359e-01   1.0084076e-02  -2.6811278e-03   1.1360520e-03
   1.3363425e-01  -2.6595859e-01  -9.2336466e-02   9.6475959e-03  -2.6181986e-03   1.1367733e-03
   1.4113271e-01  -2.7861698e-01  -1.2889051e-01   9.3228044e-03  -2.9328452e-03   9.2608232e-04
   1.2837551e-01  -2.8537113e-01  -6.8884780e-02   9.7862648e-03  -2.6292694e-03   8.0930842e-04
   1.5225879e-01  -2.9498583e-01  -1.2791167e-01   1.0291399e-02  -3.1209589e-03   3.7333963e-04
   1.3388499e-01  -2.0818554e-01  -6.6882640e-02   9.6292087e-03  -2.5168049e-03   1.1571391e-03
   1.3895278e-01  -2.6191710e-01  -1.3391771e-01   9.8350077e-03  -2.7356705e-03   1.0722985e-03
   1.3488069e-01  -2.0437154e-01  -7.4489880e-02   9.6680873e-03  -2.2355352e-03   1.8169704e-03
   1.5861340e-01  -3.3046086e-01  -1.1676779e-01   1.0077647e-02  -3.2811746e-03   8.7238012e-04
   1.2755181e-01  -2.6447997e-01  -7.6635226e-02   1.0543112e-02  -2.5365295e-03   1.0859789e-03
   1.5717451e-01  -2.7075334e-01  -9.9709164e-02   9.9752200e-03  -3.6527532e-03   5.8368341e-04
   1.0123439e-01  -2.3691518e-01  -4.7357080e-02   9.7159344e-03  -3.0125104e-03  -1.8140985e-04
   1.1079436e-01  -2.2491852e-01  -1.0306823e-01   9.5726697e-03  -3.5672626e-03  -5.4090451e-04
   8.3991697e-02  -2.4717450e-01  -1.1220861e-01   1.0174623e-02  -3.1780525e-03  -6.6777792e-04
   9.5850896e-02  -3.0838954e-01  -1.4593946e-01   1.0162360e-02  -3.3017894e-03  -6.9149033e-04
   9.7381339e-02  -2.6237615e-01  -1.1333120e-01   9.9438057e-03  -3.0135869e-03  -2.0150788e-04
   1.0138058e-01  -2.9474869e-01  -1.5625718e-01   9.8095400e-03  -3.3179994e-03  -6.2390953e-04
   1.1882846e-01  -2.4694556e-01  -7.6346857e-02   9.9844684e-03  -3.6807705e-03  -6.0360875e-04
   1.1287149e-01  -3.3653425e-01  -1.1447330e-01   8.9731601e-03  -3.5983611e-03  -6.1379759e-04
   1.2605054e-01  -1.7387554e-01  -6.5305663e-02   8.7679557e-03  -3.4139433e-03  -1.6684372e-04
   1.0925417e-01  -2.7284119e-01  -1.0655919e-01   9.2277124e-03  -3.2805503e-03  -3.8401170e-04
   1.1928481e-01  -2.1602353e-01  -1.0263556e-01   9.3637156e-03  -3.1903202e-03  -1.1585838e-04
   1.1808205e-01  -2.5902324e-01  -1.0378677e-01   8.9782520e-03  -3.3184205e-03  -3.5903145e-04
   1.2134917e-01  -2.2769939e-01  -8.7694272e-02   9.8173741e-03  -3.2475178e-03  -2.1614149e-04
   1.4277087e-01  -3.1575860e-01  -7.5416732e-02   9.3467923e-03  -3.4389931e-03  -2.5451490e-04
   1.2864457e-01  -2.2219709e-01  -5.5721713e-02   9.2478385e-03  -2.8556930e-03   3.6967910e-05
   1.4651048e-01  -3.0580863e-01  -7.6021163e-02   8.8249782e-03  -3.3003879e-03  -1.8636031e-04
   1.3545680e-01  -2.6961135e-01  -7.3486428e-02   1.0416316e-02  -2.8569395e-03   6.5677797e-05
   1.2963026e-01  -2.7381640e-01  -9.0140302e-02   9.5887120e-03  -2.9499677e-03  -2.6654481e-04
   1.2488920e-01  -2.9039858e-01  -4.6984733e-02   9.0876942e-03  -2.6916456e-03   3.8282479e-06
   1.3774814e-01  -3.0710917e-01  -8.6097044e-02   9.1943062e-03  -3.1089014e-03  -2.2363733e-04
   1.0882797e-01  -2.8607006e-01  -6.2304441e-02   1.0338619e-02  -2.4616896e-03  -1.1772731e-04
   1.2311695e-01  -3.0334066e-01  -9.3630937e-02   9.4015781e-03  -2.7862043e-03  -3.0941855e-04
   8.9881170e-02  -2.9683656e-01  -6.7330626e-02   1.0276459e-02  -1.8566105e-03   1.4260073e-04
   1.2746982e-01  -2.5309138e-01  -7.1718131e-02   8.5168168e-03  -2.5185550e-03   1.5468629e-04
   1.0595469e-01  -2.6460807e-01  -6.2003767e-02   9.8556912e-03  -1.9050100e-03   3.5714743e-04
   1.2643135e-01  -3.3880829e-01  -1.1386584e-01   9.6524376e-03  -2.3989420e-03   2.6979454e-04
   1.1510391e-01  -2.4629490e-01  -7.8507532e-02   9.2956761e-03  -2.0445513e-03   6.4347673e-04
   1.5383100e-01  -2.8796815e-01  -6.8493529e-02   1.0219011e-02  -2.8803359e-03   2.9482907e-04
   1.2133713e-01  -3.2783881e-01  -9.0723548e-02   1.0449479e-02  -2.1267742e-03   5.0166891e-04
   1.2779187e-01  -2.8669031e-01  -9.9211961e-02   9.0633800e-03  -2.4833154e-03   3.0136628e-04
   1.1672046e-01  -2.8153336e-01  -8.6251475e-02   1.0732852e-02  -2.0588140e-03   5.4320942e-04
   1.2649399e-01  -3.1416900e-01  -8.1582450e-02   1.0048156e-02  -2.4683036e-03   2.4724523e-04
   1.1411128e-01  -3.1161023e-01  -7.5372826e-02   1.0632563e-02  -2.4642225e-03   1.2822066e-04
   1.1638409e-01  -2.4388954e-01  -5.6242010e-02   9.3961514e-03  -2.3917027e-03   1.4562157e-04
   1.2214876e-01  -3.0349898e-01  -9.7899948e-02   9.6335675e-03  -2.5768390e-03   9.3663388e-05
   1.2302626e-01  -2.3571786e-01  -7.5115354e-02   9.9789473e-03  -2.0632278e-03   4.6755049e-04
   1.2853099e-01  -3.3898538e-01  -1.0300998e-01   1.0744866e-02  -2.1680165e-03   3.1270982e-04
   1.2037120e-01  -2.6423870e-01  -4.4640590e-02   1.0212890e-02  -2.1416726e-03   3.6579493e-04
   1.3053339e-01  -3.3542146e-01  -1.0278396e-01   1.0319701e-02  -2.4733716e-03   1.2677394e-04
   1.3981038e-01  -2.6596224e-01  -3.0594778e-02   9.9865322e-03  -2.4890649e-03   4.8895905e-04
   1.3589343e-01  -3.5245785e-01  -8.3395346e-02   9.9089428e-03  -2.4648069e-03   3.3003961e-04
   1.6457823e-01  -2.1837970e-01  -6.6941893e-02   9.6957230e-03  -2.7963106e-03   4.7754713e-04
   1.5603623e-01  -3.1346624e-01  -9.5676286e-02   1.0640361e-02  -2.5629498e-03   6.5900890e-04
   1.7853766e-01  -3.2678235e-01  -9.2384122e-02   1.0333512e-02  -2.9512944e-03   5.1202927e-04
   1.2938784e-01  -3.8992635e-01  -8.6181557e-02   1.0971824e-02  -2.0668862e-03   4.5003477e-04
   1.7590591e-01  -2.4592000e-01  -6.6068439e-02   1.0342434e-02  -2.7165521e-03   5.6562479e-04
   1.5082543e-01  -3.6970200e-01  -8.1660245e-02   1.1042501e-02  -2.4103365e-03   5.5327239e-04
   1.8598173e-01  -2.1133476e-01  -5.6809403e-02   9.7077532e-03  -2.9339730e-03   6.8722782e-04
   1.4887573e-01  -2.6862841e-01  -5.9673670e-02   1.0556309e-02  -2.2287187e-03   6.5978895e-04
   1.7220598e-01  -2.4438662e-01  -4.6997030e-02   1.0070422e-02  -2.6503214e-03   6.3273341e-04
   1.5170132e-01  -3.2777844e-01  -7.2125654e-02   1.0054909e-02  -2.3143486e-03   7.5564014e-04
   1.5966872e-01  -2.9701031e-01  -6.8189697e-02   1.0238782e-02  -2.6309529e-03   6.2321751e-04
   1.2477112e-01  -3.0394898e-01  -8.5370830e-02   1.0666515e-02  -2.3508798e-03   2.9765167e-04
   1.3712303e-01  -2.5440080e-01  -5.8511487e-02   1.0222362e-02  -2.4958549e-03   5.1908481e-04
   1.3551542e-01  -3.2165141e-01  -8.5801976e-02   1.0810847e-02  -2.5992775e-03   4.2978344e-04
   1.1681288e-01  -2.2615924e-01  -2.7270774e-02   9.7446022e-03  -2.6155558e-03   4.0433822e-04
   8.8369923e-02  -2.7525604e-01  -1.2531983e-01   1.0379761e-02  -2.7355807e-03  -5.2443736e-04
   9.2349122e-02  -2.4009812e-01  -5.7036016e-02   1.0364707e-02  -2.3404373e-03  -6.4447828e-06
   1.0421634e-01  -2.7062857e-01  -9.4379083e-02   9.3683112e-03  -2.4737258e-03  -3.5611325e-05
   8.6211075e-02  -2.9711798e-01  -5.4213457e-02   1.1066300e-02  -2.0366223e-03   3.7204979e-05
   8.2933859e-02  -2.9311743e-01  -1.0931078e-01   1.0314159e-02  -2.3143525e-03  -1.8635141e-04
   9.8315648e-02  -2.6427190e-01  -6.4808599e-02   1.0585710e-02  -2.1526482e-03  -2.2280092e-05
   8.9037948e-02  -3.3009350e-01  -8.7888890e-02   1.0471032e-02  -2.1045365e-03   1.7613369e-05
   8.3508307e-02  -2.8277073e-01  -6.0333881e-02   1.0695391e-02  -1.8376163e-03   4.5305724e-05
   1.5202469e-01  -3.3153093e-01  -5.2019925e-02   1.0583051e-02  -2.7592849e-03   1.3434668e-04
   1.1577673e-01  -3.9060140e-01  -3.9452656e-02   1.0688432e-02  -2.1570790e-03   2.4568184e-04
   1.4412670e-01  -2.7891315e-01  -5.4560896e-02   1.0107898e-02  -2.3295687e-03   2.9722945e-04
   1.2777940e-01  -3.2836289e-01  -5.9814491e-02   1.1050209e-02  -1.9329469e-03   4.0691254e-04
   1.6243031e-01  -3.3012285e-01  -1.0324500e-01   1.0964503e-02  -2.5549437e-03   3.0674889e-04
   1.3610879e-01  -2.9034650e-01  -3.3894629e-02   1.0370527e-02  -1.8832435e-03   6.5057947e-04
   1.7629191e-01  -3.0181304e-01  -7.6366823e-02   9.9370209e-03  -2.8200917e-03   5.5449850e-04
   1.3985141e-01  -3.3058584e-01  -8.9164816e-02   1.1148221e-02  -2.1547616e-03   5.6554935e-04
   1.5944895e-01  -3.5510456e-01  -9.1072142e-02   1.0102310e-02  -2.6018641e-03   5.1710603e-04
   1.5332696e-01  -3.0282857e-01  -4.5555374e-02   1.0656641e-02  -2.1817533e-03   8.3468048e-04
   1.6451370e-01  -3.6972499e-01  -6.6623028e-02   1.0792803e-02  -2.5728394e-03   5.3082779e-04
   1.4610965e-01  -2.7294460e-01  -2.3700652e-02   1.0447169e-02  -2.1065600e-03   9.2565469e-04
   1.5949471e-01  -3.4239828e-01  -5.1768475e-02   1.0810137e-02  -2.5005542e-03   7.2145436e-04
   1.4238315e-01  -3.0430802e-01  -5.9514054e-02   1.0903249e-02  -2.0650418e-03   7.2959439e-04
   1.7215583e-01  -3.7099461e-01  -4.8259250e-02   1.0768602e-02  -2.5397195e-03   9.3400963e-04
   1.4974733e-01  -3.1671071e-01  -5.6835126e-02   1.1232892e-02  -2.3156598e-03   8.9033704e-04
   1.7221671e-01  -3.0951279e-01  -4.3449598e-02   1.0598783e-02  -2.6657562e-03   7.6552027e-04
   1.4830240e-01  -2.9590384e-01  -5.9817642e-02   1.0475842e-02  -2.3790724e-03   6.6938755e-04
   1.6127707e-01  -2.5334007e-01  -3.7741461e-02   1.0437505e-02  -2.6148280e-03   6.1015870e-04
   1.5339881e-01  -2.9621486e-01  -5.5366777e-02   1.1352713e-02  -2.4425311e-03   6.7492614e-04
   1.6569001e-01  -2.8026218e-01  -4.9980769e-02   1.0798283e-02  -2.7048819e-03   6.4255743e-04
   1.8937679e-01  -4.4992642e-01  -5.0919070e-02   1.1643433e-02  -2.9311195e-03   8.3818900e-04
   1.8430276e-01  -3.8205345e-01  -6.0448749e-02   1.0978618e-02  -2.8070264e-03   7.8114224e-04
   1.7813413e-01  -3.0760290e-01  -3.9972470e-02   1.1158312e-02  -2.5341168e-03   9.4965448e-04
   2.2501304e-01  -3.5775620e-01  -7.1446339e-02   1.0664143e-02  -3.3956022e-03   9.1987011e-04
   1.8043610e-01  -3.5359110e-01  -5.2265045e-02   1.1716550e-02  -2.5296373e-03   1.2083237e-03
   2.0524150e-01  -3.2915287e-01  -9.7133813e-02   1.0754938e-02  -2.9925961e-03   1.1016018e-03
   1.8824244e-01  -3.0973894e-01  -5.0824240e-02   1.1690318e-02  -2.5159141e-03   1.4170973e-03
   2.1752182e-01  -3.5916975e-01  -7.7890510e-02   1.0984574e-02  -3.0795179e-03   1.3109904e-03
   2.2005235e-01  -3.2718405e-01  -4.6740435e-02   1.1603464e-02  -3.2186137e-03   1.4881542e-03
   2.0606327e-01  -3.6798790e-01  -6.1910330e-02   1.0128766e-02  -3.2730588e-03   1.3107686e-03
   2.0904889e-01  -2.4530866e-01  -4.3484159e-02   1.0661009e-02  -3.3411914e-03   1.3662653e-03
   2.0180711e-01  -3.5367877e-01  -9.1885911e-02   1.0979040e-02  -3.3463883e-03   1.1410529e-03
   1.9354054e-01  -2.7725211e-01  -8.0655489e-02   1.0903097e-02  -3.0135244e-03   1.3023920e-03
   2.2172090e-01  -3.1444981e-01  -7.2054725e-02   1.0766076e-02  -3.7475936e-03   9.7460483e-04
   2.0166127e-01  -3.4690392e-01  -6.9604465e-02   1.1722884e-02  -3.1511521e-03   1.1328565e-03
   2.0298260e-01  -3.1218446e-01  -6.3567526e-02   1.0844680e-02  -3.1561875e-03   9.8561118e-04
   2.0846059e-01  -2.8953071e-01  -4.5518430e-02   1.0538579e-02  -3.2942480e-03   1.1329062e-03
   1.9802049e-01  -3.0888290e-01  -7.1043696e-02   1.1029563e-02  -3.2927499e-03   8.4735448e-04
   1.9158578e-01  -3.2001546e-01  -5.4709690e-02   1.1088897e-02  -3.1572366e-03   9.1443536e-04
   2.0861056e-01  -3.2399419e-01  -5.9703924e-02   9.8343593e-03  -3.5926574e-03   1.0366003e-03
   1.9042730e-01  -2.6652153e-01  -5.5480670e-02   1.0740811e-02  -3.1810155e-03   9.8941130e-04
   2.1304654e-01  -3.3642869e-01  -6.6932108e-02   1.0960642e-02  -3.6184137e-03   8.4786846e-04
   1.9614371e-01  -2.9799860e-01  -4.2133576e-02   1.1159773e-02  -2.9622554e-03   1.1220669e-03
   2.1433941e-01  -2.8480549e-01  -6.9022955e-02   1.0816536e-02  -3.4732250e-03   1.0131962e-03
   1.8442907e-01  -3.0968476e-01  -4.5381507e-02   1.1187971e-02  -3.3012316e-03   8.8098183e-04
   1.8584034e-01  -3.3316695e-01  -1.0648649e-01   1.0843515e-02  -3.6274498e-03   4.4798538e-04
   1.7691319e-01  -2.9884776e-01  -3.4280334e-02   1.1057933e-02  -3.2157826e-03   6.5154910e-04
   1.9452734e-01  -3.5109497e-01  -1.3092772e-01   1.2414764e-02  -3.8961788e-03   4.9191901e-04
   1.8506545e-01  -3.2915664e-01  -6.8863564e-02   1.1733599e-02  -3.4938452e-03   8.7866441e-04
   2.1200668e-01  -2.9899208e-01  -1.3412683e-01   9.9838565e-03  -4.2348906e-03   5.6682310e-04
   1.8120423e-01  -3.0216456e-01  -1.5923433e-01   1.1877709e-02  -4.0939324e-03   4.1606858e-04
   1.8630149e-01  -2.9147466e-01  -1.0962085e-01   1.1732395e-02  -3.6258911e-03   8.7173980e-04
   2.0436654e-01  -3.1891857e-01  -9.4942918e-02   1.1319984e-02  -3.8049264e-03   8.8093997e-04
   1.9414536e-01  -3.4848834e-01  -8.7803064e-02   1.2347214e-02  -3.4376373e-03   1.0879479e-03
   2.3816658e-01  -3.7861380e-01  -1.0161077e-01   1.1864403e-02  -4.3853403e-03   6.2308189e-04
   1.8083467e-01  -2.7977528e-01  -3.8309984e-02   1.1252391e-02  -3.4406613e-03   8.5714883e-04
   2.1630317e-01  -2.6409207e-01  -5.5595186e-02   1.0393821e-02  -3.6653968e-03   1.0543641e-03
   1.9392755e-01  -3.0307463e-01  -1.0003967e-01   1.1376280e-02  -3.5290303e-03   9.3488158e-04
   2.2187308e-01  -2.7570327e-01  -6.4367944e-02   1.1315920e-02  -3.8181780e-03   1.1305578e-03
   2.2920538e-01  -3.6698502e-01  -1.6322556e-01   1.2021689e-02  -4.1708705e-03   5.1856122e-04
   2.4255283e-01  -2.6193696e-01  -8.1148804e-02   1.0958285e-02  -4.4486415e-03   7.5998870e-04
   2.2244549e-01  -3.5749067e-01  -1.2008198e-01   1.1446992e-02  -4.1623763e-03   5.6026952e-04
   2.3527507e-01  -2.7722908e-01  -8.9974381e-02   1.1013505e-02  -4.2572390e-03   7.0152390e-04
   2.2854369e-01  -3.2030719e-01  -7.3492228e-02   1.0814996e-02  -3.9318034e-03   7.8490727e-04
   2.1084908e-01  -3.2557871e-01  -9.6239667e-02   1.2167489e-02  -3.5513338e-03   7.3042096e-04
   2.3495923e-01  -3.3537906e-01  -8.4067479e-02   1.1167259e-02  -3.8224053e-03   6.7362296e-04
   2.1743144e-01  -3.0794491e-01  -5.3269618e-02   1.1989939e-02  -3.6128285e-03   7.0128784e-04
   2.4542071e-01  -3.3496192e-01  -8.9636318e-02   1.1577162e-02  -3.9350781e-03   8.7568037e-04
   2.1864232e-01  -3.8178103e-01  -9.9178956e-02   1.2046967e-02  -3.3840672e-03   9.8369755e-04
   2.4197022e-01  -2.9346588e-01  -8.9396220e-02   1.1162776e-02  -3.7842268e-03   1.1026876e-03
   2.2853733e-01  -3.1653638e-01  -5.8711712e-02   1.1589727e-02  -3.5435591e-03   1.2349614e-03
   2.3916327e-01  -3.0662421e-01  -8.2926215e-02   1.1157433e-02  -3.9233292e-03   1.0814939e-03
   2.1066519e-01  -2.6530286e-01  -5.0742284e-02   1.1397827e-02  -3.2510258e-03   1.2661131e-03
   2.2164933e-01  -2.6212269e-01  -1.1507073e-01   1.1174039e-02  -3.7033458e-03   9.5733123e-04
   2.4168165e-01  -3.1542854e-01  -8.4802103e-02   1.1671471e-02  -3.9888314e-03   1.1828420e-03
   2.1985290e-01  -3.6546844e-01  -1.2179399e-01   1.2363974e-02  -3.8841269e-03   8.1843135e-04
   2.3793759e-01  -3.4104459e-01  -5.5176038e-02   1.2018634e-02  -3.9486186e-03   8.5869577e-04
   2.3359790e-01  -3.6590846e-01  -8.9372539e-02   1.1884720e-02  -3.8556759e-03   7.1352728e-04
   2.2395108e-01  -2.9258601e-01  -3.9638559e-02   1.1739967e-02  -3.6295505e-03   8.8118484e-04
   2.1579130e-01  -3.5956322e-01  -1.0492195e-01   1.1837933e-02  -3.7332577e-03   6.5524248e-04
   2.2476117e-01  -3.3316427e-01  -7.2655994e-02   1.1757855e-02  -3.9124425e-03   5.3714897e-04
   2.0364232e-01  -3.3913335e-01  -8.1282906e-02   1.1738641e-02  -3.5634082e-03   6.1903248e-04
   2.1268578e-01  -2.5463319e-01  -5.2397657e-02   1.1287758e-02  -3.9247455e-03   3.9325884e-04
   2.0958747e-01  -3.5506290e-01  -8.1041471e-02   1.1868816e-02  -3.9180941e-03   4.4316268e-04
   1.8678978e-01  -3.0127593e-01  -9.5822069e-02   1.1749845e-02  -3.5729803e-03   3.1380486e-04
   1.8437605e-01  -3.5408573e-01  -6.4854084e-02   1.2450155e-02  -3.5156942e-03   3.4955824e-04
   1.9159117e-01  -3.2048324e-01  -1.0406654e-01   1.1866586e-02  -3.6677225e-03   4.1222426e-04
   1.9084116e-01  -3.6077123e-01  -7.6366593e-02   1.2303454e-02  -3.4108272e-03   6.3571918e-04
   1.8592757e-01  -3.3631244e-01  -1.2597594e-01   1.2135824e-02  -3.4405967e-03   5.8344670e-04
   1.8646104e-01  -4.0821183e-01  -8.3301155e-02   1.2665238e-02  -3.2458308e-03   7.0688197e-04
   1.7786538e-01  -3.6966229e-01  -1.1130395e-01   1.2366827e-02  -3.1102365e-03   7.2845931e-04
   1.9397235e-01  -4.0769874e-01  -1.1356778e-01   1.2515850e-02  -3.3193693e-03   6.9652549e-04
   1.7099846e-01  -3.7584181e-01  -9.1457681e-02   1.3190411e-02  -2.9562055e-03   6.6361635e-04
   1.8302955e-01  -3.0903946e-01  -1.1702741e-01   1.2076067e-02  -3.2316210e-03   5.4932461e-04
   1.7491351e-01  -3.9755827e-01  -9.6512451e-02   1.3381908e-02  -3.1083129e-03   6.4277704e-04
   1.9533994e-01  -3.2947831e-01  -1.1817483e-01   1.1950155e-02  -3.2660686e-03   8.0349339e-04
