   0.0000000e+00   0.0000000e+00   0.0000000e+00   0.0000000e+00   0.0000000e+00   0.0000000e+00
   1.4300953e-03   3.7784192e-02  -8.2009116e-02   5.1943591e-04  -3.3868666e-04   7.1094501e-05
   2.1607929e-03   8.1065234e-02  -1.2215083e-01   2.4063087e-04  -3.1866369e-04   3.1466302e-04
   3.8340900e-02  -1.6264586e-01   7.8791984e-02   1.4780459e-03  -7.8759376e-04   4.4438733e-05
   3.2340833e-02  -9.2092223e-02  -1.7264973e-02   1.0042187e-03  -6.4006687e-04   1.1734437e-04
   2.1822723e-02   1.6288879e-01  -6.1512191e-02   2.3977512e-04  -6.9688510e-04   2.5920328e-05
   1.2871266e-02   5.5303437e-02  -9.0743482e-02  -8.4113644e-05  -6.2740445e-04   1.4964101e-04
   1.7507055e-02   6.2575297e-02  -1.1158638e-01  -7.5906720e-05  -8.2747403e-04   2.7650592e-04
   4.7217018e-02  -4.9414794e-02   4.0377717e-02   3.9614434e-04  -1.2391785e-03   5.1229960e-04
   4.5643423e-02  -1.4139194e-01  -4.3783940e-02   1.5494972e-03  -8.4216917e-04   3.6361982e-04
   1.7713476e-02   2.7867351e-01  -9.7993399e-02  -7.3414861e-04  -7.0704872e-04   8.8474460e-04
   2.3986292e-02   1.0568050e-01  -1.5793559e-01  -8.3203979e-04  -1.0107845e-03   9.0085550e-04
   2.0370675e-02   6.4479323e-02  -1.6166644e-01  -6.1038783e-04  -9.1432655e-04   7.1242756e-04
   8.4586659e-02  -1.4613771e-01   4.8610930e-02   1.0715929e-03  -1.5440017e-03   7.1443611e-04
   2.2214259e-02  -1.5523611e-02  -1.0598201e-01   8.3261906e-04  -6.9351214e-04   4.7911941e-04
   2.5347008e-02   1.9591941e-01  -1.0996562e-01   1.6085912e-04  -1.0802712e-03   6.4829723e-04
   2.2220106e-02   1.2949736e-01  -1.2939464e-01  -1.3504512e-04  -1.3425073e-03   9.3401991e-04
   3.5587133e-02   9.8601926e-02  -7.3775261e-02  -7.8486545e-04  -1.3424872e-03   1.1893309e-03
   4.9399389e-02  -2.0064281e-01  -6.0046105e-03   1.5583839e-03  -1.3427124e-03   9.3356747e-04
   1.8865232e-02   1.9913257e-01  -9.7818661e-02  -2.3408901e-04  -9.0546275e-04   1.0361054e-03
   2.5507391e-02   9.8291942e-02  -1.2330301e-01  -8.9182155e-05  -1.0024570e-03   8.3523341e-04
   2.0760952e-02   3.3893977e-02  -1.0675087e-01  -3.4633894e-04  -7.0189828e-04   7.4608917e-04
   8.1136708e-02  -2.8706547e-01   3.8250600e-02   1.7404316e-03  -2.1155753e-03   1.2593606e-03
   3.6456026e-02   7.7312476e-02  -1.0940422e-01   6.4497189e-04  -1.2615881e-03   1.3173659e-03
   2.9934991e-02   2.2179123e-01  -1.6123894e-01  -4.2707589e-04  -1.3027167e-03   1.2796564e-03
   3.3996478e-02   1.8059962e-01  -1.7671672e-01  -6.7927643e-04  -1.4069928e-03   1.1593463e-03
   6.0134017e-02  -1.2229139e-01  -3.0056607e-02   1.0007287e-03  -1.4307080e-03   9.4096673e-04
   1.4595322e-02  -2.1223069e-02  -1.4717496e-01   5.5655208e-04  -8.7906953e-04   6.8085158e-04
   2.3166087e-02   2.0579711e-01  -1.5100826e-01  -3.9473967e-04  -1.0195747e-03   8.4021789e-04
   2.9226405e-02   1.2561418e-01  -1.4415328e-01  -6.4532864e-04  -1.0662489e-03   1.3463926e-03
   8.8345033e-02  -1.9179326e-01   4.3376345e-02   1.3768526e-03  -1.5822186e-03   1.5281089e-03
   3.6577563e-02   9.4608130e-02  -1.3588658e-01  -4.5525460e-06  -7.9162261e-04   1.2877827e-03
   3.3037246e-02   2.3270217e-01  -1.5023011e-01  -1.0365489e-03  -8.3188310e-04   1.2668754e-03
   7.0588032e-02  -5.3498464e-02  -4.6840596e-02  -5.2948438e-04  -1.0786106e-03   1.2183630e-03
   2.3322385e-02   2.3969977e-02  -1.2875848e-01   4.8749520e-04  -6.2840871e-04   9.6950513e-04
   2.6484540e-02   2.0532697e-01  -1.3890383e-01  -1.9267867e-04  -7.4455678e-04   1.3521985e-03
   6.3239201e-02   2.8160239e-02  -2.0933523e-02   3.3695413e-04  -1.3797871e-03   1.5618699e-03
   8.0770269e-02  -2.1252196e-01   5.6134723e-02   1.9826147e-03  -1.2863938e-03   1.6237463e-03
   6.5192513e-02   2.2542703e-01  -3.3621640e-02  -4.6124254e-05  -6.6807258e-04   1.1663605e-03
   6.2520498e-02   8.5204016e-02  -6.9299277e-02   5.8865813e-04  -7.5398986e-04   1.0022273e-03
   5.3903355e-02  -4.8489830e-02  -9.1072815e-02   1.7239197e-03  -9.6504229e-04   1.0669297e-03
   5.4562259e-02  -2.1834737e-03  -6.3559236e-02   1.8697711e-03  -1.1914735e-03   1.2665095e-03
   3.3385754e-02   3.6406123e-02  -1.2101516e-01   1.8785313e-03  -9.2101298e-04   1.1620896e-03
   8.8070780e-02  -6.1862596e-02   1.0705861e-01   1.8751136e-03  -1.5356718e-03   1.4640491e-03
   1.2054316e-01  -3.0929106e-01   1.3438617e-01   3.8386460e-03  -1.6857963e-03   1.3683408e-03
   6.1288550e-02   1.5936351e-01   9.8943077e-03   1.8285041e-03  -7.5063365e-04   1.1971317e-03
   5.4156741e-02   1.1635205e-01  -6.8595238e-02   1.6031246e-03  -7.9932922e-04   1.2291932e-03
   3.8574936e-02   5.6911694e-02  -1.1874063e-01   9.7364869e-04  -5.1881402e-04   1.2645187e-03
   5.3424433e-02   5.1781620e-02  -1.2112234e-01   1.2388473e-03  -7.3085243e-04   1.0285274e-03
   3.7889588e-02   8.7046141e-02  -1.1119047e-01   1.9124158e-03  -5.2762063e-04   6.4187429e-04
   9.3082625e-02  -8.0917950e-02   9.4168902e-02   2.3822784e-03  -1.2000376e-03   1.0086271e-03
   1.1432497e-01  -2.6260702e-01   1.3112524e-01   4.2256285e-03  -1.1602567e-03   9.9497723e-04
   2.9853413e-02   2.6280566e-01  -8.4098640e-02   1.7052313e-03  -1.3279797e-04   1.1027907e-03
   3.0033153e-02   1.4699465e-01  -1.7453919e-01   6.3997868e-04  -7.3922112e-05   1.0614583e-03
   6.0918047e-02  -1.9697042e-02   1.7092670e-02   1.2733776e-03  -2.2985217e-04   1.0771830e-03
   6.9818863e-02  -1.5068379e-01   3.2441170e-02   3.5101499e-03   1.9574329e-04   5.2462514e-04
   1.3927564e-02   3.0180659e-01  -1.0440895e-01   1.9079545e-03   5.4390763e-04   8.7626282e-04
   2.6314837e-03   1.4408138e-01  -1.5757427e-01   1.3877740e-03   6.0505793e-04   8.4247796e-04
   2.4029866e-02   1.2798496e-01  -1.4164542e-01   5.3685684e-04   5.1760040e-04   8.9907640e-04
   4.4448933e-02   5.7339352e-02  -6.8980778e-03   1.9584314e-03   8.5911906e-04   3.3509732e-04
   6.9695981e-02  -2.2872066e-01   1.0135098e-01   4.5696463e-03   1.1911924e-03   3.6368858e-05
   2.1002305e-02   2.7748777e-01  -7.0106431e-02   1.8010097e-03   1.2259697e-03   7.2664062e-04
   1.8856627e-02   1.0330401e-01  -1.1490395e-01   1.1267097e-03   1.2107992e-03   1.0819325e-03
   2.1449654e-02   1.1354739e-01  -1.3860149e-01   8.8104067e-04   1.2387260e-03   9.3898679e-04
   4.1406939e-02  -7.3958528e-02   1.2550442e-01   2.4568567e-03   1.0027749e-03   9.6371689e-04
   7.8333814e-02  -3.1497809e-01   2.8426320e-01   5.3725752e-03   1.5199548e-03   6.3913391e-04
  -7.1526551e-03   3.6292103e-01  -1.8259680e-02   1.9187152e-03   2.1096630e-03   1.1326166e-03
  -3.5161389e-02   1.4922003e-01  -1.1723046e-01   1.0673290e-03   2.2780169e-03   1.0738748e-03
  -1.6950403e-02   1.2774314e-01  -1.1136665e-01   1.3456206e-03   2.0994884e-03   8.3763228e-04
   1.9429571e-02  -4.3621750e-02   1.2740311e-01   2.5294278e-03   1.7111822e-03   8.9242838e-04
   6.8992465e-02  -3.1198465e-01   3.4201732e-01   6.2149204e-03   1.8147209e-03   9.7130850e-04
  -1.2323441e-02   3.1999008e-01   9.7626154e-03   2.4661594e-03   2.7323133e-03   9.5103090e-04
  -5.1236182e-03   2.6965460e-01  -5.2074193e-02   1.4887106e-03   2.2203266e-03   1.0007972e-03
   7.7425593e-03   7.8203388e-02   1.0875120e-02   1.5065710e-03   1.9823450e-03   8.6585288e-04
   2.3027932e-02  -9.2852737e-02   1.0255118e-01   3.7174084e-03   2.1526348e-03   6.6314483e-04
  -1.8455716e-02   2.2853969e-01  -2.7637455e-03   2.4581865e-03   2.4563130e-03   9.7769500e-04
  -2.1367514e-02   8.8672811e-02  -2.8122331e-02   2.0883250e-03   2.4356040e-03   1.0069338e-03
  -1.7040666e-02   1.3999998e-01  -4.1181376e-02   1.4448433e-03   2.3958874e-03   9.9758410e-04
   6.1786964e-02  -2.4424100e-01   2.6726852e-01   3.5963704e-03   1.4919643e-03   1.2739329e-03
   2.8954461e-03   2.9224543e-03   5.8610991e-02   1.2568050e-03   2.6786291e-03   9.1356352e-04
   2.5463499e-02   2.1368957e-01   1.2433325e-01   1.4901529e-03   1.7855104e-03   1.6627881e-03
   3.6712772e-03   5.1672409e-02   8.5314247e-02   1.7421801e-03   1.9504423e-03   1.7236672e-03
  -2.2352133e-02   4.2545330e-01  -2.6108123e-02   2.8016167e-04   2.2557670e-03   1.2656375e-03
  -3.8028945e-03   1.6559947e-01  -4.2074001e-03   9.3513115e-04   2.0238041e-03   9.6096955e-04
   5.1982441e-02  -1.6526555e-01   1.6432130e-01   2.7764536e-03   1.2683736e-03   1.1726490e-03
   1.6723007e-03   1.3756971e-01   9.3724805e-02   2.1470749e-03   1.7076714e-03   1.4656475e-03
   1.7200423e-02  -2.1480452e-02   1.7927806e-01   2.6916961e-03   1.5654540e-03   1.4555085e-03
   2.2436102e-02   1.1752372e-01   1.3286787e-01   1.7434450e-03   1.5340384e-03   1.2099689e-03
   1.7588166e-02   1.6953632e-01   8.4220355e-02   9.7397677e-04   1.6101608e-03   9.7128546e-04
   2.1538123e-02   1.4173002e-01   1.0086405e-01   9.9062230e-04   1.4440067e-03   1.0551137e-03
   6.2493478e-02  -1.7035678e-01   2.4998703e-01   3.2911934e-03   9.9184757e-04   1.3664543e-03
  -2.8717004e-03   1.4927639e-01   8.7921530e-02   1.1838712e-03   1.9129696e-03   1.3283947e-03
   4.8772251e-02  -2.0980198e-02   1.9849469e-01   1.6743855e-03   1.0426891e-03   1.4731548e-03
   1.8767694e-02   4.9694110e-03   7.1132414e-02   1.5066897e-03   1.5442360e-03   1.1690571e-03
   4.3563832e-02   1.8872831e-01   1.5466230e-01   1.2063591e-03   1.2041077e-03   1.1693711e-03
   2.0551820e-02   3.4663221e-02   5.4997268e-02   1.7212350e-03   1.3276094e-03   1.0289949e-03
  -3.0249765e-03   3.3170503e-01   6.0620024e-03   1.0823586e-03   1.4962041e-03   1.1271127e-03
   5.9897620e-03   1.4179047e-01   4.0535469e-03   8.3265176e-04   1.3353352e-03   1.3900560e-03
   7.5972281e-02  -1.9878007e-01   2.1233093e-01   2.5591695e-03   9.7166379e-04   1.5525553e-03
   1.3839605e-02   6.7643776e-02   6.9582183e-02   1.4221740e-03   1.8809577e-03   1.0343882e-03
   5.1671832e-03   2.3282855e-01   6.3888331e-02   1.2829934e-03   1.8328967e-03   8.3599864e-04
   5.0683700e-03   1.4679195e-01   6.4150036e-02   1.1727573e-03   1.6696431e-03   9.2511948e-04
   5.1203708e-02   1.7842588e-02   2.1020874e-01   1.9232772e-03   9.5160620e-04   1.3888832e-03
   8.9192624e-02  -1.6634340e-01   2.2665283e-01   3.8961546e-03   4.6735707e-04   1.5714112e-03
   2.9359620e-02   2.8667304e-01   1.1713947e-01   1.4403914e-03   1.4857138e-03   1.5969431e-03
   9.6068289e-02  -1.5184675e-01   2.3918106e-01   3.1093503e-03   3.9678975e-04   1.4659913e-03
   4.1281021e-02   1.1190289e-01   1.1098046e-01   1.5612322e-03   1.6392236e-03   8.7117698e-04
   3.6257233e-02   2.6625163e-01   8.3182048e-02   1.8669791e-03   1.5466064e-03   9.1411764e-04
   3.9641737e-02   1.7142718e-01   7.0593200e-02   1.5481120e-03   1.4629168e-03   1.3544643e-03
   6.5158556e-02   1.3160348e-01   1.6245848e-01   1.1131429e-03   1.2425675e-03   1.3864528e-03
   1.1454927e-01  -2.3084982e-01   3.2494602e-01   3.9769574e-03   8.1920203e-04   1.5722309e-03
   5.6097544e-02   1.2096155e-01   1.7287591e-01   1.9366153e-03   1.7792448e-03   1.1414848e-03
   4.3688524e-02   2.0535873e-01   1.1754768e-01   1.7542066e-03   1.5529840e-03   1.0794961e-03
   5.3921777e-02   6.6858978e-02   1.1515603e-01   1.5874242e-03   1.3301760e-03   9.0729487e-04
   5.9211118e-02   1.4530916e-01   1.4894662e-01   1.2473495e-03   1.3046893e-03   9.6664923e-04
   1.2226381e-01  -1.8454641e-01   3.6077470e-01   3.4278611e-03   3.7386072e-04   1.2331192e-03
   8.9250257e-02   3.7721294e-04   2.1594406e-01   3.0414498e-03   9.3697607e-04   1.4119981e-03
   6.7081177e-02   3.0374485e-01   1.8753791e-01   2.1051764e-03   1.2403313e-03   1.4562403e-03
   7.7589610e-02   1.3100554e-01   1.7467512e-01   1.6934868e-03   9.0562701e-04   1.3751998e-03
   1.3095355e-01  -1.6035855e-01   3.3753507e-01   3.4859692e-03   2.5438335e-04   1.5753261e-03
   6.3635104e-02   9.0815454e-02   1.4316397e-01   2.4973453e-03   1.2303151e-03   1.0799205e-03
   7.3083157e-02   3.1870050e-01   1.3495585e-01   2.1536389e-03   9.1886763e-04   1.0640828e-03
   7.3835689e-02   1.9570246e-01   1.1959003e-01   1.8843834e-03   7.6222602e-04   1.3952895e-03
   7.8845233e-02   1.4050067e-01   1.4598250e-01   1.4869919e-03   6.7991509e-04   1.5812527e-03
   1.3303063e-01  -2.3614763e-01   2.9881030e-01   3.8852825e-03  -8.8307287e-05   2.1277912e-03
   1.1419618e-01   1.8337595e-01   1.2646751e-01   1.9902366e-03   5.3347301e-04   1.3986652e-03
   8.0061606e-02   3.2818258e-01   8.1382117e-02   1.3913992e-03   1.0267474e-03   1.0557777e-03
   9.5310530e-02   1.3701209e-01   8.4732995e-02   1.7883181e-03   2.0878761e-04   8.1148453e-04
   1.5713062e-01  -5.6492446e-02   2.8214681e-01   3.6625400e-03  -6.3605617e-04   1.3946179e-03
   6.8509301e-02   1.1177157e-01   8.9820591e-02   3.0621058e-03   5.8378021e-04   1.0547596e-03
   8.3326828e-02   1.6411101e-01   1.4119151e-01   2.1086601e-03   2.5064934e-04   1.2098701e-03
   1.1174481e-01  -2.0764346e-02   1.5424588e-01   3.5479057e-03  -1.7011600e-05   1.0900724e-03
   5.8741870e-02   3.2110521e-01   7.1152817e-02   1.7210320e-03   4.0926668e-04   1.0689175e-03
   4.7843007e-02   2.3267232e-01   5.4608356e-02   1.7124080e-03   5.3167540e-04   7.1712481e-04
   1.0389007e-01   5.7975991e-02   2.3308258e-01   1.8908713e-03  -1.2756934e-04   9.5517086e-04
   8.1733691e-02   8.6441008e-02   9.4333886e-02   2.4153519e-03   1.7727449e-04   6.0488247e-04
   6.7564006e-02   3.0978166e-01   1.0982585e-01   1.5043379e-03   6.5539630e-05   7.8220268e-04
   8.7527267e-02   1.3671733e-01   1.7819094e-01   1.6504793e-03  -7.3954025e-06   1.1171673e-03
   8.7489256e-02  -5.0443042e-02   1.6072814e-01   2.7637811e-03   2.2101789e-04   1.1711963e-03
   3.7359915e-02   3.3186655e-01   6.8280749e-02   1.0731823e-03   5.3329204e-04   9.2113865e-04
   1.0073622e-01   9.6152049e-02   2.4519700e-01   2.0105751e-03   1.6718233e-04   8.9862811e-04
   8.1337275e-02   4.5798171e-03   1.2938084e-01   2.3578101e-03   1.7746247e-04   6.0757699e-04
   1.0713073e-01   1.1162126e-01   2.1578755e-01   2.0418233e-03   1.5584485e-04   6.9247732e-04
   7.2739201e-02   1.9158023e-01   1.0908392e-01   1.4545569e-03   4.2396407e-04   4.2175933e-04
   1.0392773e-01   1.3347611e-01   2.1160796e-01   1.8468429e-03   3.7622787e-05   6.2204803e-04
   1.0717516e-01  -8.2288472e-03   2.4077303e-01   3.0298545e-03  -7.4238090e-05   9.0375894e-04
   1.3182953e-01   1.7803133e-02   3.5119268e-01   2.9402627e-03  -6.0116109e-04   1.4811217e-03
   9.5901384e-02   2.2186783e-01   2.4716986e-01   2.3125553e-03   2.0315890e-04   9.2673334e-04
   8.8569979e-02   1.4128120e-01   2.2502588e-01   2.0462070e-03   3.6335608e-04   9.5418550e-04
   1.2593630e-01  -4.0045247e-02   3.1054943e-01   2.6850411e-03  -1.0702783e-04   8.3608799e-04
   8.4667452e-02   8.3708053e-02   1.5882158e-01   2.5755591e-03   3.2354878e-04   5.4004878e-04
   7.3394368e-02   3.4341810e-01   1.5818766e-01   2.1682521e-03   3.9553045e-04   5.0578143e-04
   6.5447715e-02   2.0792464e-01   1.4129163e-01   1.7850344e-03   6.2472918e-04   5.3825439e-04
   1.2855863e-01  -2.4722138e-02   3.0738579e-01   2.6164203e-03   5.8144616e-05   7.9406687e-04
   6.3280125e-02   7.9969819e-02   1.1913806e-01   1.4356623e-03   8.7549125e-04   8.2838956e-04
   4.9105821e-02   2.1072317e-01   1.0740381e-01   1.2261806e-03   8.9175757e-04   8.3981401e-04
   1.0855894e-01  -5.2906952e-02   2.6409648e-01   2.6909670e-03   3.8416298e-04   7.7159277e-04
   4.8945207e-02   1.4160836e-01   1.0364186e-01   1.4015285e-03   1.0389390e-03   5.3793890e-04
   6.7967531e-02   1.8412767e-01   8.6651573e-02   1.5365715e-03   5.4239196e-04   4.0171356e-04
   1.0434449e-01   4.4601096e-02   2.5917445e-01   2.4274186e-03   3.2245133e-04   5.6530658e-04
   5.6920139e-02   9.4475389e-02   1.3757615e-01   2.5797723e-03   9.1376182e-04   6.8423412e-04
   4.9549374e-02   2.7839334e-01   1.2131519e-01   1.9345164e-03   9.7094684e-04   7.1741010e-04
   4.7769744e-02   2.2199172e-01   1.0797806e-01   1.5423305e-03   9.0921220e-04   5.6906316e-04
   4.7813233e-02   1.9413311e-01   9.5276193e-02   1.4228318e-03   9.3980205e-04   5.0123670e-04
   1.1140987e-01  -1.3413585e-01   3.2078302e-01   3.0740113e-03   5.0924435e-04   7.8236435e-04
   5.6277321e-02   1.4023444e-01   1.8225440e-01   2.3337053e-03   1.2763014e-03   2.8417934e-04
   1.0898017e-01  -2.1357672e-02   3.5169064e-01   3.5585029e-03   8.6068094e-04   2.7576794e-04
   6.7739597e-02   2.2957651e-01   1.6499742e-01   1.4013508e-03   9.8617708e-04   6.3532262e-04
   8.8973403e-02   9.2489589e-02   2.1886416e-01   1.9204770e-03   5.3007616e-04   8.1343413e-04
   7.8400101e-02  -7.2923122e-03   2.1705510e-01   3.4464627e-03   5.7122270e-04   7.3089120e-04
   9.0821782e-02   2.4630215e-01   1.8869930e-01   2.3375047e-03   6.0013348e-04   4.4787657e-04
   7.5510133e-02   1.0649487e-01   1.7092557e-01   2.6371436e-03   7.6931721e-04   3.0662580e-04
   9.1241229e-02   1.8138206e-01   1.8269724e-01   2.1195530e-03   4.6603559e-04   5.0612307e-04
   1.4592605e-01   1.1797890e-03   3.7637246e-01   2.5632994e-03   1.7010903e-04   6.3107945e-04
   9.8469082e-02   2.1284566e-02   2.4766950e-01   2.6771528e-03   5.9445550e-04   2.7015204e-04
   1.1684178e-01   2.6662484e-02   3.6629038e-01   3.6656897e-03   4.1411905e-04   4.0485098e-04
   7.4329794e-02   2.0820662e-01   1.9870223e-01   2.4477576e-03   5.1599635e-04   4.1399972e-04
   7.1919544e-02   2.0013790e-01   1.5860604e-01   1.9616336e-03   2.2776709e-04   6.9243032e-04
   1.0026873e-01  -1.5247578e-02   2.7835687e-01   2.8530363e-03   3.6543970e-04   7.3871704e-04
   9.5307399e-02   1.7029783e-02   2.3062066e-01   3.8855003e-03   6.5530921e-04   2.4708849e-04
   7.5284403e-02   3.2216900e-01   2.0892159e-01   3.0603301e-03   6.6919341e-04   2.2483691e-04
   9.7168392e-02   1.1751575e-01   2.6987645e-01   2.3246484e-03   4.3292227e-04   3.8557985e-04
   1.1627689e-01  -1.0021863e-01   3.0690469e-01   3.8018676e-03   1.6027620e-04   1.4175646e-04
   9.3886593e-02   2.0439849e-01   2.3993631e-01   3.0268021e-03   2.9209873e-04   8.7721062e-05
   9.5872295e-02   1.3900083e-01   2.6124861e-01   2.6092513e-03   2.2998805e-04   5.4876993e-04
   1.1346989e-01  -5.4252780e-02   2.6269037e-01   4.0893027e-03   8.3077719e-05   4.5447853e-04
   8.2243504e-02   3.0086047e-01   1.8023817e-01   2.6121876e-03   3.3149872e-04   3.1452178e-04
   1.2675424e-01   4.7382779e-03   3.1900243e-01   3.0551012e-03  -1.7781144e-04   4.2105627e-04
   6.6038835e-02   2.2186007e-01   1.7999004e-01   2.5775740e-03   5.7724687e-04   1.2219904e-04
   7.2809618e-02   1.7730653e-01   1.7408611e-01   2.7450752e-03   3.3938851e-04   9.7734244e-05
   1.0800998e-01   1.0270834e-01   2.9097941e-01   2.9226258e-03  -1.8542814e-05   8.2707114e-05
   1.3759458e-01  -1.6277409e-01   4.3688033e-01   5.8173505e-03  -7.5013754e-05  -4.0624740e-04
   8.6516612e-02   2.5036486e-01   2.4230075e-01   2.6430654e-03   2.3876832e-04   9.8697670e-05
   1.3588047e-01  -6.5332473e-02   3.6424295e-01   4.2179893e-03  -2.6015401e-05   1.8380307e-04
   8.0549837e-02   1.7038551e-01   2.0245090e-01   2.8806719e-03   4.5215153e-04  -8.3055029e-05
   8.6020069e-02   1.4818512e-01   1.7862728e-01   2.8930142e-03   8.0010785e-05  -3.9208183e-05
   1.4144190e-01  -2.7893216e-02   3.4006804e-01   4.4375545e-03  -3.4348159e-04  -3.0583145e-04
   1.1823599e-01   5.1677513e-02   2.7429385e-01   3.5345424e-03  -2.5314082e-04   8.1895270e-05
   1.1002253e-01   7.4296190e-02   2.1266094e-01   4.0497588e-03  -8.3676986e-05  -2.1907724e-04
   9.6893045e-02   2.7809164e-01   2.0711413e-01   3.0218067e-03  -1.4023705e-05  -8.3425513e-05
   1.0219387e-01   1.7322380e-01   1.9299382e-01   2.5696236e-03  -2.1109412e-04  -6.8392512e-06
   1.3752162e-01   5.7964241e-02   3.1458018e-01   3.0710090e-03  -1.5414987e-04  -1.0505427e-04
   1.1367364e-01   3.3854962e-02   2.1027736e-01   3.2926288e-03  -1.0982945e-04  -2.3752687e-04
   1.0540653e-01   3.2307976e-01   2.3665386e-01   2.6225511e-03  -8.1542332e-05  -1.4271296e-04
   1.3433796e-01   9.4002942e-03   3.3405173e-01   2.7984155e-03  -3.9355396e-04   1.8035824e-04
   9.1567061e-02   4.7736667e-02   1.8044657e-01   2.8324045e-03  -1.4251016e-04   2.0546098e-04
   1.1224820e-01   2.1494384e-01   2.6275011e-01   1.8946391e-03  -2.8995998e-04   6.4280726e-04
   9.8464708e-02  -3.0891241e-02   2.3082120e-01   3.6058079e-03  -1.6562547e-04   2.9036978e-04
   1.2435575e-01   1.9396058e-01   2.8275866e-01   2.6297684e-03  -4.2656347e-04   4.0856694e-04
   1.1215259e-01  -4.9807868e-02   2.2957274e-01   4.1661895e-03  -2.0243273e-04  -6.9798291e-05
   9.9269532e-02   3.1266729e-01   2.0786527e-01   2.7931356e-03  -1.7352798e-04  -1.6984008e-04
   1.3333518e-01   7.5368131e-02   3.1709087e-01   2.6985830e-03  -4.6552546e-04   2.7552264e-06
   9.1070221e-02   5.5121378e-02   2.0247201e-01   3.7087501e-03  -2.1255443e-04   1.1664554e-04
   9.5612179e-02   1.5509827e-01   2.1134381e-01   3.0091780e-03  -3.8280983e-05   1.4795805e-04
   1.1882076e-01   3.5257247e-02   2.8260535e-01   2.9546366e-03  -4.1272994e-04   4.0148013e-04
   1.5155672e-01  -9.3544208e-02   2.6294303e-01   4.5218118e-03  -8.7983640e-04  -2.7085339e-04
   9.7684357e-02   3.3521770e-01   2.0682512e-01   3.0883462e-03  -4.1024430e-04  -2.0847795e-04
   1.3147439e-01   1.5469151e-01   2.5362951e-01   3.1490541e-03  -9.3490634e-04  -1.4277417e-04
   1.2309515e-01   4.1301319e-02   2.0261393e-01   3.5632289e-03  -1.1710926e-03  -2.5972791e-05
   9.0929694e-02   2.7989678e-01   1.7724463e-01   3.0814310e-03  -8.1234691e-04   1.2038870e-04
   8.9887915e-02   1.7163394e-01   1.5239325e-01   2.9152883e-03  -7.0288300e-04  -1.9086845e-05
   1.0457151e-01   1.3183290e-01   1.8203447e-01   2.2295956e-03  -9.1118049e-04   1.3462695e-04
   9.0421721e-02   1.9035659e-01   1.8794005e-01   2.7419012e-03  -7.2699718e-04  -1.2415885e-04
   1.6875742e-01  -1.1226670e-01   3.8997379e-01   3.5042377e-03  -1.3301115e-03  -1.3341233e-04
   1.8291947e-01  -1.7397191e-01   2.7632229e-01   4.6429392e-03  -1.8088014e-03  -2.0737888e-04
   1.9629786e-01   1.7604196e-02   4.0990927e-01   4.1567263e-03  -1.9902478e-03   4.2727115e-05
   1.5040883e-01  -4.1313610e-02   2.3140937e-01   3.4100999e-03  -1.3761199e-03   1.7550176e-04
   1.5035068e-01   1.9531428e-01   2.4881092e-01   2.5619106e-03  -1.5024935e-03   3.1716124e-04
   1.5935226e-01   4.3624572e-02   2.1091221e-01   4.2688162e-03  -1.5948969e-03  -5.5264313e-05
   1.5538915e-01   2.7952756e-01   2.4455025e-01   3.9012653e-03  -1.4740913e-03  -4.2788673e-04
   1.4777253e-01   1.0659549e-01   2.4836963e-01   4.5832441e-03  -1.3896443e-03  -5.0134533e-04
   1.5185790e-01   6.7071404e-03   2.8934749e-01   4.6436995e-03  -1.6682158e-03  -3.9834028e-04
   1.0964708e-01   1.8168849e-01   2.2568230e-01   3.2320286e-03  -1.4113513e-03  -1.2256025e-04
   1.6891462e-01  -3.3981515e-02   3.5143084e-01   3.5930517e-03  -1.5966759e-03  -6.1358506e-05
   1.1855164e-01  -1.1883608e-03   2.0250584e-01   4.1525890e-03  -1.3803557e-03   1.1719896e-05
   1.0616717e-01   2.7237103e-01   1.8395898e-01   2.9896541e-03  -1.2652267e-03   1.2395067e-04
   1.6538384e-01  -1.2003756e-01   3.0627059e-01   4.5785428e-03  -1.7196533e-03  -1.5256551e-04
   1.0229902e-01   2.1621738e-01   1.5918181e-01   3.1589858e-03  -1.3366811e-03  -1.2716342e-04
   1.0356603e-01   1.9573242e-01   1.4419242e-01   3.4146767e-03  -1.3395856e-03  -3.3639595e-04
   1.6382540e-01   4.4620743e-02   2.9292987e-01   3.0039785e-03  -1.7320256e-03  -3.4712149e-04
   1.1357916e-01   7.0207062e-02   1.5453227e-01   3.5663786e-03  -1.5709093e-03  -4.5200911e-04
   1.6547152e-01   8.6939511e-02   3.0671030e-01   4.3564587e-03  -1.8610846e-03  -2.0376612e-04
   1.0854952e-01   4.7626912e-02   1.6958130e-01   3.6632148e-03  -1.3161102e-03   1.2793844e-05
   1.0731435e-01   2.0417383e-01   1.8229669e-01   3.2047580e-03  -1.2452638e-03  -3.5182697e-05
   1.0894339e-01   1.8150916e-01   1.7526466e-01   3.3197834e-03  -1.2997864e-03  -1.0777981e-04
   1.2251729e-01   1.1807916e-01   2.3497594e-01   2.8339604e-03  -1.3227162e-03  -8.3772249e-05
   2.2495281e-01  -3.8174068e-01   5.4142986e-01   6.0374221e-03  -2.0434457e-03  -3.6993413e-04
   2.0396367e-01  -1.5001137e-01   5.3174853e-01   6.7090894e-03  -1.4759900e-03  -1.1697313e-03
   2.2945926e-01   2.4942225e-01   4.5107719e-01   5.5987007e-03  -2.1927729e-03  -1.1164616e-03
   2.2161791e-01  -4.2419336e-04   3.6694918e-01   5.1302473e-03  -2.3738502e-03  -7.1661056e-04
   2.0818546e-01   8.6313202e-02   3.2817388e-01   5.1022684e-03  -2.1688003e-03  -8.3423179e-04
   2.2449122e-01   8.8309255e-02   3.2393202e-01   5.5070312e-03  -2.4119074e-03  -1.0037350e-03
   2.5520157e-01  -1.3861547e-01   4.2998339e-01   6.0226572e-03  -2.6808589e-03  -1.0500443e-03
   2.1610403e-01  -2.5987170e-02   3.4581606e-01   5.7060264e-03  -2.2306865e-03  -1.1848239e-03
   2.7569669e-01  -6.7684410e-02   4.4669615e-01   5.9851848e-03  -3.1566816e-03  -1.0813687e-03
   2.2909527e-01  -1.3475574e-02   3.7819484e-01   5.9573506e-03  -2.7591956e-03  -9.0298344e-04
   2.2842161e-01   3.2470796e-02   3.9106135e-01   5.5735150e-03  -2.7783141e-03  -6.9453412e-04
   2.3548902e-01  -1.0844569e-01   4.1904429e-01   5.7956767e-03  -2.6356549e-03  -8.9693712e-04
   2.1866771e-01   7.6541915e-02   3.5960341e-01   5.4888410e-03  -2.6193658e-03  -8.9658755e-04
   2.2844041e-01   8.7193398e-02   3.6864877e-01   6.2943724e-03  -2.7532325e-03  -1.2114756e-03
   2.5901587e-01  -9.7195223e-02   4.4828458e-01   6.1929377e-03  -3.0897219e-03  -1.0398222e-03
   2.0447514e-01  -2.8980821e-02   3.6332674e-01   5.7178662e-03  -2.4786212e-03  -9.2953353e-04
   2.2401276e-01   4.6965496e-02   3.5905333e-01   5.9093795e-03  -2.7491784e-03  -7.9910106e-04
   2.2292241e-01  -3.9727766e-02   3.4852836e-01   5.3650423e-03  -2.7348922e-03  -7.4113146e-04
   2.2669831e-01  -2.6743841e-03   3.4908447e-01   5.6661475e-03  -2.6693382e-03  -1.0762600e-03
   2.5556262e-01  -7.0722535e-02   4.2730065e-01   5.8682135e-03  -2.9243596e-03  -1.1584932e-03
   2.1462872e-01  -4.9315843e-02   3.7271515e-01   5.7884557e-03  -2.4256300e-03  -1.3526444e-03
   2.6534124e-01  -4.3106812e-02   4.5078395e-01   6.5496060e-03  -3.0017389e-03  -1.2883382e-03
   2.4467914e-01   6.3349234e-02   4.2936112e-01   5.9188853e-03  -2.8291178e-03  -1.3365845e-03
   2.7935927e-01  -4.3501437e-02   4.6566287e-01   5.4375561e-03  -3.4565079e-03  -9.1608707e-04
   2.5282464e-01  -1.1277549e-01   4.2880892e-01   6.7689504e-03  -3.1062070e-03  -1.0725190e-03
   2.4781438e-01   3.0301835e-02   4.2493453e-01   6.2933876e-03  -2.7876066e-03  -1.0512577e-03
   2.3818486e-01   8.1365906e-02   3.9179961e-01   5.8953361e-03  -2.8570066e-03  -1.1662223e-03
   2.4389093e-01   6.6906308e-02   4.0001221e-01   5.6392853e-03  -2.8501317e-03  -1.2583051e-03
   2.8237585e-01  -1.9014319e-01   4.8669163e-01   6.8802890e-03  -3.2277378e-03  -1.3416086e-03
   2.4914537e-01  -3.2645337e-02   4.2789291e-01   6.6967655e-03  -3.0289882e-03  -1.5029858e-03
   2.6072069e-01   3.6975615e-03   4.5107535e-01   5.7893287e-03  -3.2603731e-03  -1.3493307e-03
   2.7497574e-01  -1.7027673e-01   4.2451925e-01   7.0735081e-03  -3.4693487e-03  -1.2055136e-03
   2.4048049e-01   1.4795297e-01   3.9191144e-01   5.3215658e-03  -3.0162871e-03  -9.6987917e-04
   2.6114348e-01  -8.7317414e-02   4.5432651e-01   6.4326312e-03  -3.2571922e-03  -1.2409595e-03
   2.3726977e-01   1.5449242e-02   3.4792086e-01   6.2810466e-03  -3.2693088e-03  -1.2752894e-03
   2.4300916e-01   1.1119930e-01   4.3105114e-01   6.0821799e-03  -3.0909053e-03  -1.5000107e-03
   2.2351210e-01  -5.6925997e-02   3.7178200e-01   5.9438644e-03  -3.1138723e-03  -1.4596127e-03
   2.5771309e-01   8.9296899e-03   4.3024310e-01   5.0383369e-03  -3.3888870e-03  -1.4343145e-03
   2.8537821e-01  -2.5483810e-01   4.6418846e-01   6.6570624e-03  -3.4028981e-03  -1.5313406e-03
   2.3315318e-01   1.6226083e-01   3.6381056e-01   5.6084666e-03  -3.1119442e-03  -1.2061166e-03
   2.6144461e-01  -1.6303187e-02   4.2859123e-01   5.7781908e-03  -3.2525303e-03  -1.2562562e-03
   2.3571364e-01  -1.0445861e-01   3.7138845e-01   6.3118948e-03  -2.9407903e-03  -1.3314124e-03
   1.9214259e-01   2.1456579e-01   2.9104108e-01   5.1180692e-03  -2.6834910e-03  -1.1805718e-03
   2.1349719e-01   1.0704898e-01   3.2377064e-01   5.0009786e-03  -2.7462440e-03  -1.2636830e-03
   2.4704692e-01  -1.8503744e-01   3.5105974e-01   6.7978965e-03  -3.1661962e-03  -1.5842820e-03
   2.2045724e-01   1.6532440e-01   2.8932582e-01   4.9990425e-03  -2.9762331e-03  -1.0601098e-03
   2.6317056e-01  -1.8441441e-02   4.0860253e-01   5.6192385e-03  -3.5752240e-03  -1.1563547e-03
   2.4808631e-01  -1.1062828e-01   3.5579576e-01   6.5733163e-03  -3.3284797e-03  -1.3334580e-03
   2.3215900e-01   2.3397254e-01   3.1125476e-01   4.9771250e-03  -3.3787395e-03  -1.0278725e-03
   2.6519449e-01  -1.0959209e-01   4.2123617e-01   6.0780500e-03  -3.3139187e-03  -1.3145556e-03
   2.2803605e-01  -4.2039278e-02   3.2454235e-01   5.3418302e-03  -3.0204446e-03  -1.0994036e-03
   2.2274393e-01   1.2635886e-01   3.1893442e-01   5.0910754e-03  -3.1222966e-03  -1.2310977e-03
   2.6271729e-01  -1.2165063e-01   4.3235098e-01   5.4503539e-03  -3.3273425e-03  -1.3776907e-03
   2.2635894e-01  -6.3929744e-02   3.4906704e-01   6.3990178e-03  -3.1227664e-03  -1.1958343e-03
   2.3399782e-01   1.3494644e-01   3.5144070e-01   5.7967877e-03  -2.9923686e-03  -1.1020605e-03
   2.7801933e-01  -2.3033445e-01   4.8783357e-01   6.5632466e-03  -3.4150900e-03  -1.2218855e-03
   2.4118857e-01  -1.0228601e-01   3.5501297e-01   6.0914509e-03  -2.7887140e-03  -1.3768342e-03
   2.4948318e-01   1.2544042e-01   3.5747715e-01   5.5968665e-03  -2.9013517e-03  -1.6835040e-03
   2.8547620e-01  -1.8102703e-01   4.3459455e-01   6.2027947e-03  -3.1311679e-03  -1.8570215e-03
   2.5280831e-01  -4.4807729e-02   3.2601813e-01   5.7533840e-03  -2.8844660e-03  -1.5393780e-03
   2.5526718e-01   5.9872294e-02   3.3915733e-01   5.5125258e-03  -3.0162639e-03  -1.3064310e-03
   2.7393002e-01  -1.3200437e-01   4.4433511e-01   5.8591634e-03  -2.9653638e-03  -1.3764918e-03
   2.8961078e-01  -1.7191174e-01   4.3933308e-01   6.9293924e-03  -3.1428496e-03  -1.5317592e-03
   2.9255037e-01  -5.8692417e-02   4.5779799e-01   6.0989570e-03  -2.9745621e-03  -1.6138285e-03
   2.8090748e-01   5.2924250e-03   4.4099999e-01   6.4741158e-03  -3.2464523e-03  -1.3617654e-03
   2.7016555e-01  -6.4967944e-02   4.2428198e-01   6.2511287e-03  -3.2060805e-03  -1.2134684e-03
   2.6599896e-01   1.0409526e-02   4.0619793e-01   6.5896823e-03  -3.2255392e-03  -1.5875529e-03
   2.6760653e-01  -2.3309274e-02   4.2368464e-01   6.1069419e-03  -3.2085967e-03  -1.5868342e-03
   2.8163827e-01  -1.2196102e-01   4.8721982e-01   6.8469223e-03  -3.3585358e-03  -1.6980449e-03
   2.6276187e-01  -8.4494746e-02   4.1604701e-01   7.1427474e-03  -3.2297635e-03  -1.4737454e-03
   2.4905312e-01  -6.2964329e-02   4.0346333e-01   8.0304946e-03  -3.2743996e-03  -1.3014274e-03
   2.7543757e-01  -4.1002710e-02   4.6795292e-01   8.1648306e-03  -3.7308049e-03  -1.3698596e-03
   2.6506815e-01  -2.2576195e-02   4.9370112e-01   7.7439106e-03  -3.5013951e-03  -1.6396846e-03
   2.2816100e-01  -8.2003591e-04   4.0759619e-01   7.4113200e-03  -3.2209358e-03  -1.7476018e-03
   2.4237292e-01   9.7766524e-02   4.2334587e-01   6.9735425e-03  -3.6647020e-03  -1.5601663e-03
   2.9093829e-01  -1.4865712e-01   5.1061243e-01   8.1563301e-03  -4.2751880e-03  -1.4659087e-03
   2.4142240e-01   3.8390413e-02   3.9902629e-01   7.2631549e-03  -3.8074976e-03  -1.5010546e-03
   2.5062388e-01   8.0883173e-02   4.3004170e-01   6.8466791e-03  -3.9166323e-03  -1.4464015e-03
   2.8900716e-01  -1.6264556e-01   4.1502504e-01   7.9473807e-03  -4.5856115e-03  -1.2990051e-03
   2.2748815e-01   2.2336907e-01   3.8103502e-01   6.7214670e-03  -3.5081574e-03  -1.1600924e-03
   2.0602940e-01   1.2564076e-01   3.3018684e-01   6.3274377e-03  -3.1395996e-03  -1.2859844e-03
   2.0563530e-01   1.1146460e-01   3.2673682e-01   6.3008148e-03  -3.2145377e-03  -1.2211490e-03
   2.1282576e-01   7.6831459e-02   3.3760924e-01   6.6327924e-03  -3.5957442e-03  -1.3034594e-03
   3.1899628e-01  -2.4262532e-01   5.3211782e-01   7.5916936e-03  -4.7223318e-03  -1.2243751e-03
   2.8360227e-01  -1.6349187e-01   4.3400763e-01   7.9397363e-03  -3.9732223e-03  -1.4273514e-03
   2.4870539e-01   2.2900570e-01   4.1168867e-01   6.7697053e-03  -3.5574326e-03  -1.2045837e-03
   2.4049108e-01   1.0401531e-01   3.9796188e-01   6.6568134e-03  -3.8189591e-03  -1.2848645e-03
   2.8128862e-01  -6.3859097e-02   4.9441775e-01   7.1569649e-03  -4.0476665e-03  -1.3826879e-03
   2.8968965e-01  -1.3699538e-01   4.5402899e-01   8.5790738e-03  -4.1058843e-03  -1.6284640e-03
   2.4851248e-01   2.4167268e-01   4.3913910e-01   6.8254801e-03  -3.7358282e-03  -1.4251390e-03
   2.6359852e-01   8.3846058e-02   4.6397182e-01   6.7841436e-03  -3.7819076e-03  -1.5426173e-03
   3.0539356e-01  -2.1364010e-01   5.5391625e-01   8.1912325e-03  -4.1857737e-03  -1.6569863e-03
   2.5103421e-01   9.7610788e-02   4.3495323e-01   6.9988312e-03  -3.9082765e-03  -1.5119372e-03
   2.5498002e-01   1.1668546e-01   4.0667987e-01   7.0720603e-03  -4.0170516e-03  -1.2080127e-03
   2.4854815e-01   1.2509581e-01   3.9338081e-01   5.8886979e-03  -3.8503468e-03  -1.0523380e-03
