   0.0000000e+00   0.0000000e+00   0.0000000e+00   0.0000000e+00   0.0000000e+00   0.0000000e+00
   2.4672499e-03  -6.4637489e-02  -1.1986583e-02   1.3597205e-03  -5.1906535e-04   9.4046410e-05
   1.0587464e-03  -8.5875665e-02  -1.3719875e-02   1.1077602e-03  -7.4195589e-04  -2.1711614e-05
  -8.5625613e-03  -8.5103173e-02  -3.9274878e-02   1.1666396e-03  -5.9657649e-04  -2.1346023e-04
   8.2061650e-03  -5.3869970e-02  -5.2350487e-02   8.1544857e-04  -1.1728964e-03  -4.1760967e-04
  -2.3890844e-03  -8.9415361e-02  -1.3531793e-01   1.8946808e-03  -9.0865626e-04  -1.3071568e-04
  -6.5903671e-03  -9.2149415e-02  -4.5069069e-02   2.2811830e-03  -9.6040739e-04  -1.7388853e-04
  -2.0445185e-02  -8.5875355e-02   2.1483551e-02   2.1461524e-03  -6.3787817e-04  -3.9149995e-04
  -9.9554234e-03  -1.1057478e-01  -8.3649344e-03   2.0644611e-03  -8.6636479e-04  -4.6635801e-04
  -9.7363956e-03  -4.2360208e-02  -2.5352534e-02   2.3321733e-03  -1.1025827e-03  -2.7336359e-04
  -1.4218845e-02  -8.1210603e-02   2.6695454e-02   3.2172437e-03  -9.6505661e-04   3.5123677e-05
  -5.1052679e-03  -1.0998616e-01   2.9280700e-02   2.4841121e-03  -1.2180688e-03  -2.3360340e-04
  -1.0880369e-02  -1.6751264e-01   5.6880401e-02   2.4747699e-03  -1.0107770e-03  -2.1586382e-04
  -8.3819845e-03  -5.3965377e-02  -3.0733314e-02   3.0950170e-03  -1.2204799e-03  -7.2070749e-05
  -1.0297886e-02  -8.1416661e-02   6.7244499e-02   3.4433598e-03  -1.0214046e-03  -3.5634153e-05
   1.2433500e-04  -9.5360326e-02   2.0791187e-02   3.3830720e-03  -1.3023917e-03   2.5151411e-04
   2.3698061e-03  -1.1829701e-01  -1.0934797e-03   3.8191165e-03  -1.4580466e-03   4.8408072e-05
  -3.9325431e-04  -1.4767756e-01   4.9910096e-02   4.0052157e-03  -1.1716826e-03   3.1397117e-05
   4.7167142e-03  -1.2228869e-01   5.1667857e-02   4.2122099e-03  -1.5339214e-03   1.4400446e-04
  -3.8676409e-03  -1.9546378e-01   7.5075658e-02   4.0562635e-03  -1.2002098e-03  -1.5181738e-04
   1.1366931e-02  -1.6295631e-01  -7.5514394e-02   4.2546621e-03  -1.7347538e-03  -3.4519600e-04
  -4.6023473e-03  -1.2719539e-01  -4.0329334e-02   3.9344612e-03  -1.5157378e-03  -2.5077736e-04
   2.0063553e-03  -1.9707353e-01  -2.1250686e-02   4.8629589e-03  -1.7827190e-03  -2.0771373e-04
   6.4730801e-04  -1.5823545e-01   3.0402102e-03   4.2934086e-03  -1.7771565e-03  -3.8368151e-04
   5.0062106e-03  -1.8649675e-01  -4.3855908e-02   4.6925319e-03  -1.9044650e-03  -4.9506640e-04
  -3.5656161e-03  -8.8610358e-02  -7.4970422e-02   5.3647717e-03  -1.7119714e-03  -2.6069072e-04
   2.7727528e-03  -1.4415772e-01  -7.4043550e-02   6.1248199e-03  -2.1078307e-03  -2.7939130e-05
  -3.8420369e-03  -1.8581461e-01  -3.7491550e-02   6.3040362e-03  -1.7653326e-03  -5.4452415e-05
   1.3425540e-02  -1.5514487e-01  -1.5216480e-02   5.4056950e-03  -2.2403111e-03  -2.7643436e-04
   1.9330010e-02  -2.1479473e-01  -5.1222739e-02   5.8516028e-03  -2.1678995e-03   1.1482128e-04
   1.2286825e-02  -1.4732071e-01  -2.4994185e-02   5.6802843e-03  -2.0534812e-03   2.8328285e-04
   9.0981820e-03  -1.4724636e-01  -4.4137665e-02   6.4069639e-03  -2.2164355e-03   5.2578642e-04
   1.4995808e-02  -1.9954309e-01   6.6836422e-03   5.9860680e-03  -2.1231405e-03   5.6943720e-04
   1.0252266e-02  -2.1395565e-01   2.4837117e-02   6.2329620e-03  -1.9683177e-03   6.3099248e-04
   4.6625033e-03  -1.8066644e-01   1.8701025e-03   6.1533848e-03  -1.7656145e-03   6.4892740e-04
   7.4547512e-03  -1.3535745e-01  -4.6959878e-02   6.0971172e-03  -2.0331509e-03   7.4262029e-04
  -2.3386032e-03  -9.1603159e-02  -1.6698145e-02   6.7074056e-03  -1.7490248e-03   8.3152532e-04
   5.1711278e-03  -1.7275721e-01   3.8936771e-02   6.6313698e-03  -1.8148515e-03   8.5280813e-04
   4.5827049e-03  -1.9459843e-01   5.5450988e-02   6.2989760e-03  -1.7049862e-03   7.5003501e-04
   1.7454646e-02  -1.6012765e-01  -7.8248452e-02   6.0211242e-03  -2.3476181e-03   5.9924099e-04
   6.5861951e-03  -1.4962090e-01  -8.6212866e-02   7.7070938e-03  -2.1587780e-03   6.7774283e-04
  -2.1070053e-02  -9.1922074e-02  -8.5867557e-03   7.4809064e-03  -1.5286442e-03   7.8222494e-04
   3.5412901e-03  -1.8865003e-01  -6.5226175e-03   6.7756235e-03  -2.2434803e-03   6.7992257e-04
  -2.0478549e-03  -2.1369483e-01  -2.1166557e-01   7.6751652e-03  -2.0972189e-03   3.5629303e-04
  -1.5341636e-02  -1.8284496e-01  -5.0167909e-02   5.9759015e-03  -1.6178527e-03   2.4479002e-04
  -1.5319029e-02  -1.9171757e-01  -8.1586967e-02   7.3777375e-03  -1.6133350e-03   7.4352705e-04
  -2.0907380e-02  -1.7125842e-01   6.0464140e-03   7.8101208e-03  -1.4689919e-03   1.0098988e-03
  -1.1531041e-02  -1.6906896e-01  -9.5378207e-03   7.3559523e-03  -1.6279973e-03   1.1436757e-03
   2.1505981e-03  -2.8202326e-01  -5.6007325e-03   7.3768137e-03  -1.8256847e-03   9.5982935e-04
  -5.2369456e-03  -1.4628061e-01  -9.3402376e-02   7.8694591e-03  -1.7650962e-03   9.6622057e-04
  -1.1763974e-02  -1.2347917e-01  -5.0591699e-02   8.0758432e-03  -1.5817993e-03   7.1917442e-04
  -9.4135660e-03  -1.7323254e-01  -4.5855964e-02   8.8805654e-03  -1.8239693e-03   1.0346434e-03
  -1.7653019e-02  -1.9359744e-01   9.4293793e-03   8.6452303e-03  -1.8490032e-03   8.0186811e-04
  -3.2801921e-02  -2.2321556e-01   3.0489698e-02   8.7620146e-03  -1.3219098e-03   8.0548051e-04
  -2.4354012e-02  -2.4713215e-01   5.2781950e-02   7.9593805e-03  -1.4387823e-03   5.0639853e-04
  -1.3585406e-02  -2.8508119e-01   3.6983111e-04   8.7234264e-03  -1.5996144e-03   6.1762634e-04
  -3.6944254e-02  -1.6854207e-01  -8.1491799e-02   1.0097046e-02  -1.3793855e-03   3.2323204e-04
  -4.3431270e-02  -1.9559042e-01  -9.2354124e-03   9.5357052e-03  -1.5215105e-03   2.7221798e-04
  -3.9084162e-02  -1.9255978e-01   2.0424377e-02   9.8162500e-03  -1.7780590e-03   2.4823014e-04
  -3.0566669e-02  -2.3505532e-01   2.6048574e-02   9.0781917e-03  -1.8152256e-03   1.1647567e-04
  -2.3145937e-02  -1.9217462e-01  -1.1916206e-02   9.4478937e-03  -2.3042640e-03  -8.3577602e-05
  -3.4458558e-02  -1.8583742e-01  -1.2069572e-02   1.0028514e-02  -2.0937559e-03   1.6421202e-04
  -3.7783815e-02  -1.3898040e-01   4.1789195e-02   9.1312191e-03  -2.0369168e-03   3.2992009e-05
  -2.0840515e-02  -2.0617481e-01  -2.4474383e-02   9.2988576e-03  -2.6446809e-03  -1.0489690e-04
  -3.5185234e-02  -1.8976839e-01  -9.8441381e-02   9.6549315e-03  -2.3641379e-03  -5.4679425e-05
  -3.3659559e-02  -1.8247575e-01  -8.0438661e-03   9.8200317e-03  -2.6097240e-03   1.6326283e-04
  -3.8762921e-02  -1.9241968e-01   4.8429864e-02   8.7551045e-03  -2.2740170e-03   1.5314322e-04
  -1.9254694e-02  -2.3582850e-01  -5.5017341e-02   8.6943027e-03  -2.6039147e-03   4.1006434e-05
  -4.4947540e-02  -2.4876949e-01  -1.7827107e-02   9.9495755e-03  -2.1938557e-03   2.3880269e-04
  -4.8712467e-02  -1.2275150e-01   5.5799816e-02   8.8653803e-03  -2.1636470e-03  -2.3127755e-05
  -5.1140018e-02  -2.8784653e-01  -1.0313589e-02   9.1059019e-03  -2.0348009e-03  -1.1527542e-04
  -3.9783532e-02  -2.2944837e-01   2.0424660e-02   9.9701070e-03  -2.5680854e-03   1.1761340e-04
  -5.5076440e-02  -2.1469414e-01   8.7250812e-02   9.1646754e-03  -2.2951785e-03   2.3380893e-04
  -3.3939191e-02  -2.5141636e-01   4.7371571e-02   8.9989183e-03  -2.8499575e-03   1.1074544e-05
  -5.4764880e-02  -2.5861677e-01  -2.4494675e-02   1.0208529e-02  -2.2399859e-03   3.6929452e-04
  -5.5058967e-02  -2.1920261e-01   4.7703010e-02   1.0094411e-02  -2.4269861e-03   1.5550895e-04
  -5.5409724e-02  -2.2422315e-01   2.1430988e-02   9.8778460e-03  -2.3587680e-03   7.9834881e-05
  -5.2541629e-02  -2.9457676e-01   3.1603476e-02   1.0417231e-02  -3.2608565e-03   5.5957570e-05
  -6.7009697e-02  -2.1461385e-01  -6.0084389e-02   1.0020831e-02  -3.0057698e-03  -3.9154891e-04
  -5.5652937e-02  -9.1021843e-02  -5.5817535e-02   8.9792704e-03  -3.0933371e-03  -5.1304604e-04
  -7.1179681e-02  -1.7353060e-01  -5.5094034e-02   9.8387930e-03  -2.3603003e-03  -5.6695708e-05
  -6.4614177e-02  -1.7343390e-01  -4.3870880e-02   9.6482588e-03  -2.4322389e-03   8.5331924e-05
  -7.0284192e-02  -2.6908376e-01   1.7267481e-03   9.7611992e-03  -2.1062899e-03   1.6687596e-04
  -7.3239374e-02  -2.8964655e-01   2.9120047e-02   1.0108249e-02  -2.4173179e-03   9.2368377e-05
  -7.6634483e-02  -2.5104573e-01   5.7782924e-02   9.6295546e-03  -2.1853652e-03   1.5802886e-04
  -8.0161985e-02  -2.6045045e-01   2.2992323e-02   9.8999914e-03  -2.1673489e-03   2.0832694e-04
  -8.4167156e-02  -1.9842082e-01   8.7705107e-03   9.7185145e-03  -2.3988804e-03  -1.4947307e-05
  -9.6649767e-02  -1.7833572e-01   1.0442327e-02   1.0759215e-02  -2.2808479e-03   3.4993596e-04
  -8.7395324e-02  -1.9431288e-01   4.5838535e-02   9.7314735e-03  -2.6030380e-03   6.7572054e-05
  -7.6370732e-02  -2.5719513e-01   1.4533839e-02   1.0024490e-02  -2.6581025e-03   2.9483744e-04
  -7.1935582e-02  -2.6053688e-01  -3.4365482e-02   1.1433562e-02  -3.0843220e-03   2.6266257e-04
  -7.9324942e-02  -2.1421932e-01   9.3690762e-03   1.0760856e-02  -3.3801306e-03   1.3748738e-04
  -7.6124627e-02  -2.2535327e-01   2.2485112e-02   1.0985342e-02  -4.1405412e-03   1.1877351e-04
  -7.1216859e-02  -2.0034391e-01   1.2073842e-02   1.0746700e-02  -4.9591962e-03   9.6142869e-05
  -7.2643901e-02  -2.2542558e-01   2.8281534e-03   1.2030283e-02  -5.6547819e-03   2.8239431e-04
  -7.3466404e-02  -1.6140858e-01   2.5151142e-02   1.2210740e-02  -6.3718448e-03   2.7752661e-04
  -6.2289045e-02  -2.6264780e-01   3.7506574e-02   1.1551647e-02  -6.3528045e-03   3.8524031e-04
  -4.6113290e-02  -2.5459853e-01  -5.0056312e-02   1.1270371e-02  -6.6923728e-03   3.4558545e-04
  -5.8225640e-02  -2.7207199e-01  -3.7264787e-02   1.2226437e-02  -6.3073213e-03   4.3585271e-04
  -6.2512680e-02  -2.3634960e-01  -9.3772554e-03   1.1773705e-02  -6.2599732e-03   5.0343781e-04
  -5.9366275e-02  -2.6772005e-01  -2.6650813e-02   1.1517400e-02  -6.1575212e-03   5.7403366e-04
  -6.4277734e-02  -2.1284409e-01  -3.2895144e-02   1.2089330e-02  -6.2683353e-03   6.4298215e-04
  -7.8199619e-02  -2.6196923e-01   8.0489652e-03   1.2974864e-02  -5.9660041e-03   6.3875510e-04
  -7.4620666e-02  -2.4857669e-01   4.3476677e-02   1.2149059e-02  -6.1914701e-03   6.7426148e-04
  -5.1586023e-02  -2.9965420e-01  -2.1173580e-02   1.1896861e-02  -6.8716328e-03   4.2438359e-04
  -4.2934114e-02  -2.8222933e-01  -6.8274686e-02   1.1622254e-02  -6.7803835e-03   4.3009992e-04
  -5.9073148e-02  -2.3547193e-01  -6.1033595e-02   1.2021969e-02  -6.7741651e-03   1.6058619e-04
  -7.0249069e-02  -2.0131480e-01  -4.2296478e-02   1.2473633e-02  -6.5137380e-03   4.9396874e-04
  -6.0602345e-02  -2.7303058e-01  -1.0809426e-02   1.2593425e-02  -6.9707977e-03   3.1460866e-04
  -6.0879169e-02  -3.1361933e-01  -2.1833758e-02   1.2072498e-02  -6.8404715e-03   3.1954610e-04
  -5.4926437e-02  -3.0400772e-01  -9.3273463e-02   1.2581282e-02  -7.3423983e-03   3.0403093e-04
  -7.3485009e-02  -2.5939374e-01  -1.1847327e-02   1.2903124e-02  -6.8205885e-03   5.4830341e-04
  -6.3586667e-02  -2.6788807e-01  -1.9479919e-02   1.2456510e-02  -7.0661039e-03   7.4525935e-04
  -7.2947180e-02  -2.7682610e-01  -3.5629217e-02   1.2667667e-02  -7.0585191e-03   7.0702026e-04
  -8.6231050e-02  -2.4456737e-01  -1.3396794e-03   1.3091552e-02  -6.7596281e-03   8.1825558e-04
  -7.6955579e-02  -2.5263692e-01   2.3292029e-03   1.2709937e-02  -7.0910872e-03   6.3116638e-04
  -7.5388755e-02  -3.0727104e-01  -1.3370883e-02   1.2868481e-02  -7.1400074e-03   6.4377293e-04
  -7.3077106e-02  -2.9362235e-01  -2.2065134e-02   1.3554263e-02  -7.2388295e-03   8.9019894e-04
  -7.3250715e-02  -2.7083472e-01   3.6152147e-02   1.2946832e-02  -7.1842201e-03   6.9658964e-04
  -4.6105321e-02  -3.4537326e-01  -4.6465675e-02   1.3240683e-02  -7.7780051e-03   9.2754397e-04
  -6.6799678e-02  -2.6429423e-01   2.2052655e-02   1.4143516e-02  -7.6538967e-03   8.5718988e-04
  -6.1428529e-02  -3.1099833e-01   6.3511604e-02   1.3787595e-02  -7.7207947e-03   9.2638715e-04
  -5.3216435e-02  -3.3129361e-01   4.8200558e-02   1.3158928e-02  -7.8618946e-03   7.6090650e-04
  -5.5210801e-02  -3.2550867e-01   3.2982982e-02   1.4697639e-02  -8.4796732e-03   1.0217305e-03
  -7.0219317e-02  -2.9936373e-01   1.0137113e-01   1.4452209e-02  -8.2879336e-03   1.0644289e-03
  -5.1143280e-02  -3.5069628e-01   1.4416543e-02   1.3862398e-02  -8.5243624e-03   9.8330860e-04
  -6.9218904e-02  -2.7628497e-01   7.6020819e-03   1.4064931e-02  -8.2847261e-03   7.3093189e-04
  -6.3611023e-02  -3.1196217e-01   4.3119011e-02   1.4556106e-02  -8.6176255e-03   1.0672194e-03
  -4.3216029e-02  -2.1759588e-01   3.6419730e-03   1.3122578e-02  -9.0193147e-03   8.0841376e-04
  -3.4617669e-02  -3.4086931e-01  -9.8485718e-02   1.4022526e-02  -9.2910603e-03   5.7881542e-04
  -2.7460520e-02  -2.8826190e-01  -1.1247883e-01   1.2925592e-02  -8.8172740e-03   3.0395989e-04
  -4.8384308e-02  -3.0519919e-01  -4.1560554e-02   1.3808860e-02  -8.3675711e-03   1.0323070e-03
  -4.9515478e-02  -3.2848639e-01   2.0792916e-02   1.3451184e-02  -8.5334656e-03   9.5807282e-04
  -4.8425227e-02  -3.6697430e-01  -4.1661133e-02   1.3284695e-02  -8.5656958e-03   9.5945871e-04
  -4.5743984e-02  -3.0225397e-01  -3.6614187e-02   1.3697035e-02  -8.8947011e-03   9.4862485e-04
  -6.7511905e-02  -2.9430122e-01  -2.5054833e-02   1.4787713e-02  -8.5101755e-03   1.1185556e-03
  -6.5539179e-02  -2.9103635e-01   5.2848152e-02   1.4274830e-02  -8.8243025e-03   1.0695673e-03
  -6.6851808e-02  -3.4287728e-01   7.4262453e-02   1.4128195e-02  -8.7185825e-03   1.2256710e-03
  -4.7623902e-02  -3.9791140e-01   6.9832803e-02   1.3543571e-02  -9.4925762e-03   1.0756245e-03
  -4.6567121e-02  -3.1013272e-01   1.6173912e-02   1.4316201e-02  -1.0026549e-02   1.1066203e-03
  -6.8299684e-02  -3.2902735e-01   5.7076804e-02   1.4791228e-02  -9.3993851e-03   1.3167120e-03
  -6.3343828e-02  -3.4898928e-01   1.0144455e-01   1.3429324e-02  -9.6811266e-03   9.9050344e-04
  -9.7430888e-02  -3.1896265e-01  -2.8252550e-01   1.4851150e-02  -1.0821347e-02   1.3775751e-03
  -3.5674924e-02  -2.2994705e-01  -1.9087689e-01   1.1324397e-02  -9.0356373e-03   6.1771595e-04
  -5.6528154e-02  -1.9077552e-01  -4.0744229e-02   1.1138472e-02  -8.9303928e-03   4.1618749e-04
  -7.0171549e-02  -2.7970020e-01  -3.9113504e-02   1.2036468e-02  -8.6337988e-03   6.9384977e-04
  -6.5265384e-02  -2.7997237e-01  -5.8826496e-02   1.1938229e-02  -8.9575454e-03   8.1186785e-04
  -6.8149989e-02  -2.7663626e-01  -8.0342835e-02   1.2286485e-02  -9.2454306e-03   8.6096278e-04
  -4.7958579e-02  -1.8913546e-01  -1.0078062e-01   1.0833439e-02  -9.3004721e-03   2.8344043e-04
  -5.8332196e-02  -2.5271956e-01  -4.7036378e-02   1.1426194e-02  -9.9098203e-03   1.1889553e-04
  -5.6359668e-02  -3.3568766e-01  -7.4775852e-02   1.1484300e-02  -1.0114521e-02   2.0805828e-04
  -7.5228588e-02  -3.1268881e-01  -1.0024051e-01   1.2804863e-02  -9.9122986e-03   6.7309344e-04
  -7.2207465e-02  -3.0743861e-01   2.9251846e-03   1.3846701e-02  -1.0333631e-02   1.0247602e-03
  -7.9241799e-02  -2.6564714e-01   4.2441186e-02   1.3176522e-02  -1.0006336e-02   1.0268944e-03
  -6.6065829e-02  -3.2943131e-01   1.9500650e-02   1.3258247e-02  -1.0119462e-02   9.9876015e-04
  -8.0038571e-02  -3.4686101e-01  -5.9456988e-03   1.4016952e-02  -1.0009554e-02   8.1658165e-04
  -9.0492778e-02  -2.6902615e-01   7.8849995e-02   1.4153043e-02  -1.0160714e-02   1.2252173e-03
  -9.3956352e-02  -3.2116750e-01   6.5580616e-02   1.3313414e-02  -9.9611812e-03   1.0433274e-03
  -9.4290487e-02  -3.0726117e-01  -8.4393168e-03   1.4708832e-02  -1.0154039e-02   1.2756112e-03
  -1.0255495e-01  -2.7509049e-01   8.6057624e-02   1.4576108e-02  -1.0029441e-02   1.3646347e-03
  -8.6122108e-02  -3.5325014e-01   1.6948929e-02   1.4503280e-02  -1.0520697e-02   1.4149234e-03
  -5.2260488e-02  -2.8581445e-01  -1.5682667e-01   1.2691601e-02  -1.0601485e-02   7.9401796e-04
  -8.8005871e-02  -2.5890932e-01  -9.1830404e-02   1.3334129e-02  -1.0177326e-02   6.7757481e-04
  -8.2525167e-02  -2.4721299e-01  -4.9892833e-02   1.4496338e-02  -1.0537670e-02   1.1876757e-03
  -8.6875460e-02  -2.0346964e-01   1.2150870e-02   1.3315454e-02  -1.0246624e-02   1.1382184e-03
  -4.7485345e-02  -3.0307028e-01  -8.9485430e-02   1.2704257e-02  -1.0838385e-02   1.0791012e-03
  -4.7457763e-02  -2.7774120e-01  -9.8182675e-02   1.2924261e-02  -1.1003848e-02   1.0826234e-03
  -4.8456179e-02  -1.9534685e-01  -1.8304981e-02   1.2715346e-02  -1.1289440e-02   1.4891019e-03
  -5.6478443e-02  -2.5048039e-01  -1.5246888e-02   1.2322029e-02  -1.1042316e-02   1.1337757e-03
  -5.2311126e-02  -3.0515855e-01  -7.0091826e-02   1.3633238e-02  -1.1266030e-02   1.3527604e-03
  -6.7518130e-02  -2.8985641e-01   3.0106788e-02   1.3700558e-02  -1.1080961e-02   1.4866774e-03
  -5.8209106e-02  -2.8466048e-01   4.4716854e-02   1.3305024e-02  -1.1282023e-02   1.3484952e-03
  -5.5582739e-02  -3.7840309e-01   2.9122867e-02   1.4915640e-02  -1.1195455e-02   1.4292341e-03
  -5.8354183e-02  -1.9558470e-01   6.1762334e-02   1.3304730e-02  -1.1454232e-02   1.5220296e-03
  -5.7282458e-02  -3.0446040e-01   7.4113454e-03   1.3819387e-02  -1.1331087e-02   1.4331147e-03
  -2.1127836e-02  -2.9365015e-01  -1.6607410e-01   1.4373693e-02  -1.1979125e-02   7.4999618e-04
  -3.9876717e-02  -2.6676332e-01   7.2071009e-02   1.1772847e-02  -1.1245568e-02   8.9219721e-04
  -4.3857642e-02  -2.4949854e-01  -5.2502140e-02   1.2537134e-02  -1.1279811e-02   9.2115532e-04
  -4.5757474e-02  -3.0016104e-01  -3.3976695e-02   1.3963860e-02  -1.1030423e-02   1.2365529e-03
  -7.7175293e-02  -2.4193922e-01  -1.8238246e-01   1.4222937e-02  -1.1201136e-02   2.0423782e-03
  -1.7973016e-03  -2.2964796e-01  -2.2529813e-01   1.2027317e-02  -1.2530854e-02   1.5631502e-03
  -2.7946847e-03  -1.6887548e-01  -2.7762285e-01   1.1129805e-02  -1.2308548e-02   4.7582975e-04
   2.0497154e-03  -2.1623487e-01  -2.6520250e-01   1.3293755e-02  -1.2782556e-02   6.8628704e-04
  -1.5438052e-02  -1.5648414e-01  -1.4220983e-01   1.2740904e-02  -1.2338925e-02   1.0690103e-03
  -8.4032908e-03  -2.0392693e-01  -1.4063460e-01   1.3245289e-02  -1.2658952e-02   1.0461794e-03
  -2.0281558e-02  -2.9591562e-01  -9.6329416e-02   1.4115878e-02  -1.2531475e-02   9.8492468e-04
  -2.3158476e-02  -1.8018063e-01  -3.9302550e-02   1.2916421e-02  -1.2689093e-02   1.1408003e-03
  -1.7602839e-02  -2.6459877e-01  -4.1359195e-02   1.3472893e-02  -1.2831274e-02   1.1569169e-03
  -3.0008922e-02  -2.6083804e-01  -3.3956150e-02   1.3172808e-02  -1.2466312e-02   1.3086018e-03
  -4.2031612e-02  -2.7327219e-01  -1.9042550e-01   1.1919465e-02  -1.3206792e-02   1.6184912e-03
  -1.7560603e-02  -2.5322435e-01  -9.5741082e-02   9.8898478e-03  -1.1833920e-02   1.3215790e-03
   1.2830559e-03  -2.0010456e-01  -1.5645320e-01   1.0466719e-02  -1.2528157e-02   9.8687998e-04
  -1.3221162e-02  -1.4847341e-01  -8.7479672e-02   1.2227196e-02  -1.2678021e-02   1.2069620e-03
  -2.9186982e-02  -2.4587719e-01  -1.1269965e-02   1.1782014e-02  -1.2392580e-02   9.2492995e-04
  -1.1711022e-02  -2.6455358e-01  -1.1413576e-01   1.2340138e-02  -1.2892464e-02   1.0219543e-03
  -1.8599587e-02  -2.6917259e-01  -1.6727738e-02   1.2843508e-02  -1.2697370e-02   1.2639410e-03
  -5.7347018e-03  -2.6872527e-01  -4.8794188e-02   1.1605305e-02  -1.2732626e-02   7.4049910e-04
  -5.7630117e-02  -3.6304140e-01  -1.9614274e-01   1.4720066e-02  -1.5047396e-02   1.0227153e-03
  -8.5021271e-02  -1.6369572e-01  -9.3587528e-02   8.4397464e-03  -1.1745656e-02   9.5762367e-04
  -3.1254308e-02  -1.9822277e-01  -1.5034723e-01   8.5916685e-03  -1.1555998e-02   5.3883561e-04
  -1.0978245e-02  -2.3291837e-01  -1.6604082e-01   8.9229314e-03  -1.0929152e-02  -1.9887710e-04
  -1.9844932e-02  -2.3525218e-01  -2.0469761e-01   9.5499097e-03  -1.1085754e-02  -3.4717460e-04
  -4.1834631e-02  -2.1448051e-01  -1.3147811e-01   1.1271835e-02  -1.1066542e-02  -2.8721410e-04
  -5.7614102e-02  -2.0247388e-01  -3.5594332e-02   1.0868012e-02  -1.1433007e-02   3.3116712e-04
  -2.2730813e-02  -3.5447235e-01   3.5758130e-02   1.0725347e-02  -1.1985782e-02   3.3018314e-04
  -5.0134495e-02  -2.4374866e-01  -3.8901435e-02   1.0758700e-02  -1.1617954e-02   2.8777387e-04
  -4.1488945e-02  -2.3027521e-01   2.6345702e-02   1.1715876e-02  -1.2041764e-02   5.8418119e-04
  -4.6326311e-02  -2.7716537e-01   9.9275755e-02   1.1179838e-02  -1.2038483e-02   5.8678545e-04
  -2.6894192e-02  -2.8771715e-01  -9.4795886e-03   1.0986312e-02  -1.2561635e-02   6.3338911e-04
  -3.9700892e-02  -2.6588284e-01  -4.4895902e-02   1.2151802e-02  -1.2192094e-02   6.4490521e-04
  -2.5637449e-02  -2.6700785e-01   7.2983346e-02   1.1844101e-02  -1.2858447e-02   5.5993530e-04
  -1.9036525e-02  -2.3810335e-01   1.1369338e-04   1.1403137e-02  -1.3001478e-02   5.8097984e-04
  -1.8223010e-02  -3.5388533e-01   2.9084823e-02   1.3253911e-02  -1.3340558e-02   7.1053444e-04
  -3.1060976e-02  -1.6800033e-01   6.1663147e-02   1.1916861e-02  -1.3083200e-02   7.4566123e-04
  -1.4780167e-02  -3.4347195e-01   4.5289371e-02   1.3315144e-02  -1.3494313e-02   9.0470402e-04
  -2.1869857e-02  -2.8246689e-01   1.2665047e-01   1.2586824e-02  -1.3147939e-02   1.2133388e-03
  -8.5477345e-03  -2.3710902e-01  -1.6449992e-02   1.2003159e-02  -1.3456307e-02   9.4306400e-04
  -1.6397462e-02  -2.6573012e-01  -1.5509234e-02   1.3075805e-02  -1.3358888e-02   8.9715716e-04
  -2.0666954e-02  -2.3717327e-01   4.6973975e-02   1.2727923e-02  -1.3402061e-02   9.3152126e-04
  -1.0051941e-02  -3.0478137e-01   4.4968926e-02   1.2275717e-02  -1.3236711e-02   1.0560579e-03
  -9.8963505e-03  -3.0518817e-01   4.2458688e-02   1.2394925e-02  -1.3581621e-02   1.1947951e-03
  -2.4080177e-02  -2.2904279e-01  -6.1622767e-03   1.3235508e-02  -1.3345413e-02   1.2004032e-03
   6.8989806e-03  -2.3460591e-01  -4.6541184e-02   1.2022775e-02  -1.3643037e-02   1.0950722e-03
  -4.1543151e-03  -2.2921034e-01  -1.4751438e-01   1.1840178e-02  -1.3155694e-02   8.9352265e-04
  -1.6489984e-02  -2.2473537e-01  -1.1718487e-01   1.2846998e-02  -1.3003942e-02   7.8454406e-04
  -4.2891719e-03  -2.2749163e-01   1.7659942e-02   1.2546466e-02  -1.3452171e-02   1.1364704e-03
  -6.7424331e-03  -2.2199642e-01  -4.2789113e-02   1.1125402e-02  -1.3135150e-02   1.1256453e-03
  -1.6547889e-02  -2.6513823e-01  -2.1118927e-02   1.3423101e-02  -1.3282594e-02   1.1312847e-03
  -2.5958851e-02  -2.3205683e-01   2.0311455e-02   1.2789509e-02  -1.2869099e-02   1.1859122e-03
  -8.5217282e-03  -2.4468414e-01  -1.7178300e-01   1.2027690e-02  -1.1650955e-02   5.2263957e-04
  -9.4460748e-03  -1.4993493e-01  -2.2398271e-02   1.0965459e-02  -1.1775435e-02   6.0183400e-04
   5.3420693e-03  -2.6996549e-01  -7.3754246e-03   1.0856471e-02  -1.2375036e-02   7.9540036e-04
  -1.0064966e-02  -2.5201245e-01  -5.4650593e-02   1.1058357e-02  -1.2193295e-02   9.7573872e-04
  -5.6965260e-04  -3.4152775e-01   1.4371593e-03   1.2718403e-02  -1.2786784e-02   1.1285303e-03
  -2.2183209e-03  -7.5535118e-02  -1.2815251e-01   1.0908688e-02  -1.2474318e-02   7.7262627e-04
   1.0991519e-02  -2.2818489e-01  -1.3795569e-01   1.2472428e-02  -1.3118280e-02   9.8934210e-04
  -4.6140289e-03  -1.5580969e-01  -7.6748158e-03   1.1905533e-02  -1.2827443e-02   1.0527267e-03
   1.4006554e-02  -2.2807991e-01  -6.3627943e-03   1.1687384e-02  -1.3064126e-02   1.2131510e-03
   7.5774691e-03  -2.2625470e-01  -6.1524621e-02   1.1445094e-02  -1.2917349e-02   1.0701440e-03
   7.0780176e-03  -2.9079340e-01   1.6066812e-02   1.1705943e-02  -1.2777669e-02   1.1625920e-03
   2.6931382e-02  -2.5669513e-01  -5.3092130e-02   1.1359528e-02  -1.3298926e-02   1.3136868e-03
   1.4539146e-02  -2.1565539e-01  -6.8431105e-02   1.1781574e-02  -1.3041954e-02   1.3391762e-03
   2.0243949e-02  -2.2923438e-01   2.1988156e-02   1.1855729e-02  -1.3205269e-02   1.4171836e-03
   3.9346714e-02  -2.5306811e-01  -5.8251947e-02   1.1466460e-02  -1.3370533e-02   1.5963375e-03
   1.7639603e-02  -1.9689819e-01  -4.5876971e-02   1.1578376e-02  -1.2864511e-02   1.4017522e-03
   3.5097393e-02  -2.3135644e-01  -1.2639947e-01   1.2063207e-02  -1.3231631e-02   1.4692753e-03
   2.1282078e-02  -1.2909036e-01  -3.7608352e-02   9.2322313e-03  -1.3168445e-02   1.0361051e-03
   2.6382957e-02  -2.3431081e-01  -7.4010607e-02   1.0971392e-02  -1.3213843e-02   1.4293802e-03
   1.5272105e-02  -1.8075110e-01  -2.8302282e-02   1.1736960e-02  -1.3497140e-02   1.6655248e-03
   4.9800892e-03  -2.1821539e-01   7.1873970e-02   1.1265047e-02  -1.3306350e-02   1.7304537e-03
   2.2942134e-02  -2.5297689e-01  -6.3300713e-03   1.0690059e-02  -1.3608080e-02   1.7128505e-03
   1.4251936e-03  -2.2034494e-01   9.3371702e-03   1.1726640e-02  -1.3388293e-02   1.5594324e-03
   2.7637140e-03  -2.0438804e-01   9.0990827e-02   1.1146311e-02  -1.3698513e-02   1.6483117e-03
   1.5571071e-03  -2.8142461e-01   5.8626411e-02   1.1337803e-02  -1.4097195e-02   1.6625466e-03
  -3.5090469e-03  -2.8624239e-01  -8.3260111e-02   1.2098613e-02  -1.3598601e-02   1.2170001e-03
   6.5677409e-03  -2.7123761e-01   3.7941812e-02   1.0206177e-02  -1.3945184e-02   8.1370637e-04
  -4.6445110e-03  -2.4233045e-01  -1.2107403e-02   1.1186126e-02  -1.3694333e-02   1.3539346e-03
   7.9271553e-04  -2.9474360e-01  -1.8321795e-02   1.2151390e-02  -1.4117887e-02   1.5124572e-03
  -2.0417991e-02  -2.3808933e-01   3.9714112e-02   1.1814269e-02  -1.3667621e-02   1.3643014e-03
  -1.1229013e-02  -2.7444719e-01   1.8667124e-02   1.1361107e-02  -1.3980132e-02   1.3969531e-03
  -1.7182369e-02  -3.2720827e-01   5.9784985e-02   1.1105430e-02  -1.3920337e-02   1.3373861e-03
  -2.7585599e-02  -3.7557765e-01   2.3251474e-02   1.2640752e-02  -1.3908492e-02   1.5330794e-03
  -2.9643566e-02  -2.0999641e-01   9.1509826e-02   1.1029543e-02  -1.3955116e-02   1.2794534e-03
  -1.6961992e-02  -3.3152150e-01   3.7557362e-02   1.1901413e-02  -1.4111085e-02   1.9377575e-03
  -1.6095941e-02  -2.3026204e-01   4.5766102e-03   1.2827202e-02  -1.4479816e-02   1.6090787e-03
  -1.7233382e-02  -2.7888378e-01   1.0751117e-01   1.2430382e-02  -1.4336152e-02   1.7011976e-03
  -1.1773782e-02  -2.8343405e-01   2.5781717e-02   1.2078160e-02  -1.4688755e-02   1.8332262e-03
  -6.4939798e-04  -4.2166442e-01   1.2535546e-01   1.3788762e-02  -1.4688992e-02   1.9240817e-03
  -1.4298333e-02  -2.1135223e-01  -2.3915595e-02   1.1831230e-02  -1.4510753e-02   1.6419978e-03
  -6.3861888e-03  -2.8471146e-01   5.4481326e-03   1.3292943e-02  -1.4878530e-02   1.5944948e-03
  -3.0713807e-02  -3.6273760e-01   4.4326301e-02   1.2974933e-02  -1.4958358e-02   1.9071132e-03
  -2.9719191e-02  -3.4372060e-01  -2.0007982e-01   1.2637538e-02  -1.4876707e-02   1.1097930e-03
  -9.0673102e-03  -4.7623877e-02  -2.6048848e-01   1.0879080e-02  -1.5051579e-02   6.2878702e-04
   1.0035185e-02  -1.9974206e-01  -9.9421407e-02   1.0676935e-02  -1.5578239e-02   7.3998920e-04
   1.7564784e-02  -5.3867588e-01   6.7579303e-02   1.2876352e-02  -1.5309481e-02   1.5056121e-03
   2.4554560e-02  -2.1808204e-01  -1.6417278e-01   1.1766437e-02  -1.5683181e-02   1.1351762e-03
   1.4494311e-02   1.1496160e-02  -1.8606429e-01   1.0551129e-02  -1.5719628e-02   1.1750036e-03
   8.3853541e-03  -1.7346121e-01  -1.5266969e-01   1.1389404e-02  -1.5669060e-02   1.4222266e-03
   2.1954251e-02  -2.4847296e-01  -1.3669946e-01   1.2624968e-02  -1.6042460e-02   1.8584801e-03
   1.9400436e-02  -1.7900511e-01  -8.3406442e-02   1.1423322e-02  -1.5927260e-02   1.9232105e-03
   3.4669947e-02  -2.8741154e-01  -7.6653713e-02   1.2436823e-02  -1.6066374e-02   2.1815604e-03
   2.7869161e-02  -2.2171886e-01  -4.0764134e-02   1.2634894e-02  -1.5970588e-02   2.3131527e-03
   2.2813815e-02  -2.1653739e-01  -9.4221782e-03   1.2713728e-02  -1.5952007e-02   2.5592214e-03
   2.5215583e-02  -2.5165928e-01  -2.4239616e-02   1.1588030e-02  -1.6010327e-02   2.3807852e-03
   2.8145060e-02  -2.5459803e-01  -9.0981425e-02   1.2672996e-02  -1.6073238e-02   2.4379069e-03
   2.7973097e-02  -2.4097866e-01  -5.9914144e-02   1.2936835e-02  -1.5979490e-02   2.1608970e-03
   3.6326239e-02  -2.2138360e-01  -7.7786719e-02   1.3009481e-02  -1.6532757e-02   2.2684782e-03
   3.7996013e-02  -2.3667502e-01  -2.8525066e-02   1.2475616e-02  -1.6292506e-02   2.1852390e-03
   3.8004489e-02  -1.9681410e-01  -8.4799474e-02   1.3357495e-02  -1.6528754e-02   2.5952264e-03
   5.2045039e-02  -2.8365632e-01  -5.9883442e-03   1.2829602e-02  -1.6821878e-02   2.5305207e-03
   5.0203348e-02  -3.0689210e-01  -4.3627771e-02   1.2421482e-02  -1.6598427e-02   2.6919956e-03
   6.1709388e-02  -3.1106636e-01  -6.6942559e-02   1.3517710e-02  -1.7017101e-02   2.6929728e-03
   4.5482305e-02  -2.0543392e-01   1.9685395e-02   1.2692922e-02  -1.6523558e-02   2.7507221e-03
   4.7458809e-02  -2.4120503e-01  -9.5357692e-02   1.3376063e-02  -1.6870352e-02   2.5703793e-03
   3.8822216e-02  -2.8305825e-01  -3.0131820e-02   1.3661660e-02  -1.6717504e-02   2.8389579e-03
   4.2121678e-02  -2.4330563e-01  -3.2920126e-02   1.3067044e-02  -1.6906346e-02   3.0035691e-03
   3.8717435e-02  -2.9612191e-01  -4.0580568e-02   1.3613624e-02  -1.7057409e-02   3.1843238e-03
   4.2997177e-02  -2.8768796e-01   4.1286456e-02   1.3720263e-02  -1.7148071e-02   3.7806042e-03
   4.7653482e-02  -3.2042245e-01   1.0818989e-02   1.3614775e-02  -1.7500203e-02   3.6400981e-03
   3.5899270e-02  -3.2148061e-01  -1.8543951e-01   1.5247067e-02  -1.6940407e-02   3.3752390e-03
   3.4577211e-02  -1.6392038e-01  -1.8838163e-01   1.3438216e-02  -1.6770288e-02   2.7922144e-03
   2.9839619e-02  -2.1775291e-01  -1.7968724e-01   1.3790932e-02  -1.6509988e-02   2.8981629e-03
   2.6225425e-02  -2.3399603e-01  -1.7247124e-01   1.3949964e-02  -1.6157398e-02   3.2656411e-03
   2.9558404e-02  -2.4721340e-01  -1.4318318e-01   1.4194490e-02  -1.6588908e-02   3.1685933e-03
   9.8646091e-03  -2.5896719e-01  -1.0099008e-01   1.4879450e-02  -1.6256041e-02   3.1209789e-03
   1.5013359e-02  -1.9617244e-01  -6.3677834e-02   1.4262794e-02  -1.6914793e-02   3.1947015e-03
   2.5401084e-02  -3.5458194e-01  -1.1919769e-01   1.4066012e-02  -1.6529656e-02   2.9330063e-03
   1.6072619e-02  -2.3351241e-01  -8.8985881e-02   1.3518722e-02  -1.6678182e-02   2.8357063e-03
   2.0831071e-02  -2.9981281e-01  -7.6792150e-02   1.4079514e-02  -1.6642431e-02   3.3348646e-03
   3.7627337e-02  -3.5600081e-01  -4.2971134e-02   1.4027298e-02  -1.6960928e-02   3.1359799e-03
   2.7803642e-02  -2.0571035e-01  -1.2448388e-01   1.3542256e-02  -1.6218048e-02   3.0088278e-03
  -2.5117268e-02  -4.6441147e-01  -3.8959625e-01   1.7852645e-02  -1.8303743e-02   2.7283804e-03
  -1.0289883e-02  -1.1461021e-01  -2.7889371e-01   8.2121713e-03  -1.1832889e-02   1.6044351e-03
  -4.5794965e-03  -1.7487221e-01  -2.1445447e-01   1.0392485e-02  -1.1148830e-02   9.6820339e-04
  -9.4317950e-03  -1.4063796e-01  -1.4956007e-01   9.5708143e-03  -1.1152790e-02   1.5059953e-03
  -1.2353549e-02  -1.4242492e-01  -1.5530113e-01   1.0683066e-02  -1.1507313e-02   1.6940363e-03
  -2.4027887e-02  -2.3899030e-01  -2.0591572e-02   1.1025377e-02  -1.1127141e-02   1.9150846e-03
  -1.1209813e-02  -2.9878615e-01  -5.5305328e-02   1.0497386e-02  -1.1208346e-02   1.8964612e-03
  -2.6585599e-02  -1.8751715e-01  -9.6507540e-02   1.1702436e-02  -1.1316632e-02   2.2686145e-03
  -1.4668994e-02  -2.3502558e-01  -1.6892921e-02   1.2375009e-02  -1.2062608e-02   2.6151165e-03
  -1.6554897e-02  -2.3487026e-01   1.1457105e-03   1.1832123e-02  -1.1787834e-02   2.5170139e-03
  -1.2198307e-02  -2.5096265e-01  -1.1738693e-01   1.2486288e-02  -1.1991986e-02   2.6901068e-03
  -1.8314902e-02  -2.0731875e-01   4.8250889e-03   1.2339509e-02  -1.2170737e-02   2.7705608e-03
  -6.0170709e-03  -2.8038946e-01  -6.1886527e-02   1.2079924e-02  -1.2827595e-02   3.0690480e-03
  -5.1075942e-03  -2.4950998e-01  -8.7932670e-02   1.3349006e-02  -1.2989764e-02   2.7544380e-03
  -8.8020322e-03  -2.2133677e-01   1.2990022e-02   1.2957830e-02  -1.3331111e-02   3.0280992e-03
   3.9819669e-03  -2.5586516e-01  -9.8596006e-02   1.3060959e-02  -1.3612939e-02   2.9058204e-03
  -6.6349587e-03  -4.0677449e-01   7.4868331e-02   1.3826649e-02  -1.3327518e-02   2.9958629e-03
  -1.4251111e-03  -1.9824209e-01  -8.7381166e-02   1.2951844e-02  -1.3599660e-02   2.8691645e-03
  -1.0532551e-02  -2.6327947e-01  -4.1821831e-03   1.3331561e-02  -1.3337479e-02   3.0974401e-03
   1.6511172e-05  -2.0678646e-01  -2.5032515e-02   1.2580172e-02  -1.3643646e-02   3.0710173e-03
  -1.6940068e-02  -1.9053568e-01  -4.6485345e-02   1.2895022e-02  -1.3332451e-02   3.0524351e-03
  -7.2475099e-03  -2.8880020e-01   6.4225173e-02   1.2993288e-02  -1.3648057e-02   3.1813485e-03
  -7.2222922e-03  -2.6766939e-01   3.1793452e-02   1.2440244e-02  -1.3702687e-02   3.3053208e-03
  -1.1248638e-02  -2.3471257e-01  -1.7973513e-02   1.2890051e-02  -1.3926028e-02   3.3439219e-03
  -2.2751458e-02  -2.3844940e-01   1.5842751e-02   1.3371225e-02  -1.3358405e-02   3.2205448e-03
  -7.1497682e-03  -2.0564245e-01   3.7862288e-03   1.2687982e-02  -1.3851378e-02   3.2128557e-03
  -8.6048408e-03  -2.6938263e-01  -3.2483080e-02   1.2970426e-02  -1.3811766e-02   3.3150619e-03
  -1.6181109e-02  -1.8948302e-01   8.9338980e-03   1.3251606e-02  -1.3673673e-02   3.4501700e-03
  -9.0486918e-03  -3.2066097e-01   4.5512470e-02   1.3124570e-02  -1.4014488e-02   3.3875462e-03
  -1.7354473e-02  -2.5207993e-01  -4.1501828e-02   1.3443445e-02  -1.3971530e-02   3.4041125e-03
