   0.0000000e+00   0.0000000e+00   0.0000000e+00   0.0000000e+00   0.0000000e+00   0.0000000e+00
   1.4464771e-03  -5.9801755e-02  -8.6648145e-02   7.8205602e-04  -7.8118093e-05   8.0255980e-05
  -1.3381801e-02  -7.9160981e-02  -8.2014034e-02   1.0423692e-03   1.0640199e-04  -1.0185285e-05
  -6.5525354e-02  -7.6370404e-02  -1.3825923e-01   1.1073517e-03   8.3811932e-04  -5.8407959e-04
  -1.0757488e-01  -2.2713011e-01  -1.6320349e-01   3.6734875e-03   1.3736393e-03  -1.2310907e-03
  -1.8070196e-01  -4.5870948e-01  -4.7434607e-01   8.2380679e-03   2.4758495e-03  -2.2938394e-03
  -1.1882325e-01  -1.5713504e-01  -2.1531578e-01   3.5497656e-03   2.1702617e-03  -7.6168289e-04
  -1.1124853e-01  -1.6077817e-01  -2.0749059e-01   4.1692302e-03   2.6061323e-03  -5.0689668e-04
  -1.3439544e-01  -1.4418369e-01  -2.7548841e-01   3.2117951e-03   2.8382023e-03  -6.1025147e-04
  -1.7724015e-01  -1.4395120e-01  -1.7030163e-01   2.9072007e-03   3.4648161e-03  -9.1823401e-04
  -8.0194753e-02  -2.1137289e-02  -1.1881857e-01  -2.7749776e-04   1.9589903e-03  -2.6506047e-05
  -9.2112909e-02  -7.1069402e-02  -1.8118076e-01   1.2321038e-03   2.1310818e-03  -1.0848622e-04
  -5.5347903e-02  -8.8927457e-02  -1.5860417e-01   1.4226177e-03   1.7141518e-03   1.0975448e-04
  -6.0733574e-02  -6.4457869e-02  -1.5940867e-01   2.2420190e-03   1.6220597e-03  -2.0861223e-04
  -1.0929968e-01  -2.7292135e-01  -1.7021272e-01   4.6791912e-03   2.5518487e-03  -6.8196497e-04
  -8.0570266e-02  -1.1166312e-01  -1.4386688e-01   2.1462305e-03   2.1419434e-03   9.5590899e-05
  -5.6840755e-02  -2.0785784e-01  -2.6574993e-01   3.9198946e-03   2.0648465e-03   5.5512383e-06
  -5.1808394e-02  -7.7297253e-02  -1.5962341e-01   2.9165102e-03   1.7220193e-03   5.3140281e-04
  -2.5847938e-02  -1.5813766e-01  -1.3230866e-01   3.2287145e-03   1.2185978e-03   4.3880254e-04
  -9.7185770e-03  -1.1496963e-01  -1.1564357e-01   3.1348248e-03   1.1722288e-03   6.8585901e-04
  -1.4376695e-02  -2.4252428e-01  -1.0681963e-01   2.6775409e-03   9.2743308e-04   1.8902579e-04
  -2.3508932e-02  -1.2660622e-01  -1.1907200e-01   2.6359072e-03   9.1695964e-04   2.8843825e-04
  -1.5438056e-02  -1.5557547e-01  -1.4830259e-01   2.1686982e-03   8.6917668e-04   1.3114251e-04
  -7.2152027e-03  -2.7860802e-02  -9.8719635e-02   9.3530743e-04   7.4905177e-04   5.0696023e-04
   8.7311448e-04  -1.6931468e-01  -1.9986228e-01   2.0256863e-03   6.2989538e-04   3.3782107e-04
  -3.3521442e-02  -3.0344276e-02  -8.4720414e-02   1.5278830e-03   1.3230024e-03   1.1156440e-04
  -9.9265335e-02  -2.0912022e-01  -1.1470575e-01   2.5259046e-03   2.1058803e-03  -1.3446419e-03
  -2.5807766e-01  -1.3947746e-01  -2.8658109e-01   3.3255120e-03   4.0781313e-03  -2.2383822e-03
  -1.4201125e-01  -1.6154994e-01  -1.8918353e-01   1.0851778e-03   2.6775599e-03  -7.7724621e-04
  -1.4949564e-01  -1.3036103e-01  -1.1885024e-01   2.1193500e-03   2.5207868e-03  -7.6473472e-04
  -1.1608769e-01  -8.7324476e-02  -7.1282822e-02   1.4006266e-03   2.0717846e-03  -5.0436109e-04
  -1.1014148e-01  -1.4312468e-01  -7.6892685e-02   9.4399064e-04   2.0293920e-03  -3.5023126e-04
  -6.3795190e-02  -4.8254720e-02  -4.2749367e-02  -2.3378783e-04   1.5855184e-03   3.6413217e-05
  -9.3731611e-02  -1.7078653e-02  -5.9254943e-02   1.2361450e-04   1.8043302e-03   5.8146487e-05
  -7.9635440e-02  -1.4416352e-01  -3.5219320e-02   7.0717519e-04   1.7461010e-03   1.5510595e-04
  -6.9118581e-02  -7.2244505e-02  -4.6088911e-02   3.6312754e-04   1.6240826e-03   3.4621330e-04
  -4.8572178e-02  -1.6639620e-01  -4.6781808e-02   4.8179724e-04   1.3549247e-03   4.9064938e-04
  -5.9810233e-02  -6.9264195e-02  -1.6694282e-02   2.3020133e-04   1.5252106e-03   4.2495151e-04
  -2.6997981e-02  -6.4195151e-02  -5.1090054e-02   2.7862733e-04   1.1643000e-03   6.9695645e-04
  -1.8564273e-02  -4.6285295e-02  -1.6069263e-02   1.4056845e-04   1.0703885e-03   8.4282584e-04
  -2.0701807e-02  -6.7880964e-02  -1.3218767e-02   3.9814052e-04   1.2680118e-03   9.4737150e-04
  -1.7757218e-02  -2.5116923e-02   7.0021072e-02  -1.5725159e-04   1.4422114e-03   8.5027208e-04
  -9.0217047e-03  -4.7831014e-02   3.9115943e-03  -1.5965894e-04   1.2109696e-03   9.9526980e-04
   1.0025118e-02  -1.3524765e-02   5.6150455e-02  -4.3230496e-04   1.0855535e-03   1.1318702e-03
  -8.4529029e-03   1.4079295e-02   4.3309560e-02  -1.1274927e-03   1.2002829e-03   1.1718120e-03
   1.7226276e-02  -5.9368114e-02   8.0146812e-02  -1.4166088e-03   8.7044752e-04   1.3100468e-03
  -3.6860892e-03   3.7367677e-02  -4.0677674e-03  -1.5670605e-03   9.8608911e-04   1.1197327e-03
   1.2704794e-02  -2.2580035e-02   5.0826086e-02  -8.5170233e-04   8.5478704e-04   1.2286855e-03
   6.1663664e-03  -4.1909326e-02   4.5567322e-03  -2.5383570e-04   8.2096608e-04   1.1651907e-03
   3.2978998e-02  -7.9126946e-02   6.5878475e-02  -3.8814560e-04   6.4378510e-04   1.4486380e-03
   1.8119715e-02  -4.7782895e-02  -2.4554202e-02  -3.2927820e-04   4.4568765e-04   1.2040536e-03
   5.2993787e-02  -3.0151337e-02   5.7754992e-02  -1.3081075e-03   1.4986795e-04   1.2880123e-03
   1.9611298e-02  -3.4438164e-02   9.5910519e-03  -4.2002740e-04   5.9245647e-04   1.3338898e-03
   3.8350160e-02  -6.3215337e-02   4.2044462e-02  -1.4931960e-04   2.9164686e-04   1.3318322e-03
   2.7689380e-02   2.5785815e-02   1.5156996e-02  -1.3554219e-04   2.2139151e-04   1.1488842e-03
   4.8074667e-02  -7.7134840e-02   1.4567166e-03  -2.7598836e-04  -9.7998877e-06   1.2902189e-03
   4.6410164e-02   8.4804972e-02  -8.6831236e-03  -5.6672349e-04  -4.8005605e-05   1.1957952e-03
   6.0082107e-02  -9.4495609e-02  -3.0863547e-02  -3.0679654e-04  -2.8062920e-04   1.3789138e-03
   4.3811236e-02   7.6890080e-03  -2.6084631e-02   2.9873294e-04  -2.5159202e-04   1.2631609e-03
   5.7157788e-02  -1.8411259e-01  -6.2955066e-02   8.5379398e-04  -2.9398436e-04   1.2845288e-03
   7.2034898e-02  -7.6361164e-02  -1.9737622e-02   7.9652906e-04  -5.8442828e-04   1.1621987e-03
   7.8792698e-02  -8.7556224e-02  -5.7294743e-02   1.1633611e-03  -7.4444020e-04   1.1202382e-03
   6.0051668e-02  -6.4091407e-02  -2.2860396e-02   1.4719360e-03  -4.1375559e-04   1.1326839e-03
   7.8503609e-02  -1.4629525e-01  -4.8587212e-02   1.8860702e-03  -8.8105480e-04   1.1480910e-03
   9.4983112e-02  -5.4025921e-02  -3.1433389e-02   1.5976917e-03  -1.0803771e-03   1.2530036e-03
   9.7603156e-02  -1.4694117e-01  -9.2721824e-02   1.5633478e-03  -1.1920449e-03   1.2531977e-03
   1.0937091e-01  -8.0296407e-02  -5.9494560e-02   1.8496434e-03  -1.0275307e-03   1.5937442e-03
   1.0299685e-01  -1.3768115e-01  -3.5357687e-02   1.3320574e-03  -1.0967374e-03   1.6701443e-03
   1.3475727e-01  -2.4164637e-02  -3.9763547e-02   2.0762605e-03  -1.3962640e-03   1.7040108e-03
   1.2004834e-01  -7.8450856e-02  -1.0019294e-01   1.9199061e-03  -1.2062905e-03   1.6786026e-03
   1.4345162e-01  -4.7617512e-02  -7.8140887e-02   2.1124189e-03  -1.2604022e-03   1.8587592e-03
   7.3420235e-02  -3.2365059e-01  -1.6069905e-01   5.4580783e-03   1.3465752e-04   1.5214426e-03
   3.1368249e-02  -3.9669194e-01  -2.4496880e-01   8.9222231e-03   1.2753555e-03   2.2018694e-03
   8.1233062e-02  -9.0492017e-02  -2.4843288e-01   3.2311611e-03   2.7563784e-04   2.1003121e-03
   1.2604954e-01  -1.3898753e-01  -1.9298388e-01   3.3986827e-03  -2.9425814e-04   2.4926934e-03
   1.3016972e-01  -1.1099999e-01  -1.3851939e-01   1.9850709e-03  -4.2564784e-04   2.3941314e-03
   1.5197274e-01  -1.4234736e-01  -1.5801217e-01   2.9560967e-03  -9.1174819e-04   2.3428513e-03
   1.8507586e-01  -6.8012344e-02  -1.1402994e-01   1.8743891e-03  -1.3526515e-03   2.5537361e-03
   1.7059650e-01  -1.4766673e-01  -1.8950464e-01   1.8064172e-03  -1.3409377e-03   2.3045847e-03
   1.8735463e-01  -7.3171221e-02  -2.0451653e-01   1.7301192e-03  -1.7510024e-03   2.4758199e-03
   1.8121541e-01  -5.4146034e-02  -1.8988160e-01   2.2881968e-03  -1.7076143e-03   2.2354867e-03
   1.8718570e-01  -1.3794940e-01  -2.1508840e-01   2.5060548e-03  -1.8328703e-03   2.2387499e-03
   1.8070177e-01  -1.8566218e-01  -1.9372529e-01   2.5175660e-03  -1.7278782e-03   2.1769084e-03
   1.9940003e-01  -3.2791151e-02  -1.8182340e-01   1.6641607e-03  -1.9259616e-03   2.4272148e-03
   2.0679699e-01  -1.3851100e-01  -2.0817770e-01   1.0234845e-03  -2.0344572e-03   2.5673489e-03
   2.4157885e-01  -7.5206875e-02  -1.8226430e-01   1.4433612e-03  -2.6363130e-03   2.7449255e-03
   2.1664523e-01  -7.5274389e-02  -2.2427386e-01   1.7594046e-03  -2.2210610e-03   2.6082294e-03
   2.4278090e-01  -9.2870896e-02  -2.2637192e-01   1.3070595e-03  -2.5630733e-03   2.7593803e-03
   2.3780171e-01  -3.0082780e-02  -1.7530022e-01   7.4168462e-04  -2.3162531e-03   2.8759614e-03
   2.4361397e-01  -1.1261452e-01  -2.3346991e-01   1.3552693e-03  -2.5373296e-03   2.8202543e-03
   2.3767981e-01  -6.4473276e-02  -1.8587514e-01   8.9535434e-04  -2.4464893e-03   2.7403095e-03
   2.3154036e-01  -6.6100903e-02  -2.2014503e-01   1.2158215e-03  -2.3677902e-03   2.7973315e-03
   2.5388788e-01  -9.0166657e-02  -2.0166080e-01   8.9508720e-04  -2.7670087e-03   2.7928572e-03
   2.3993787e-01  -4.7279732e-02  -2.4605884e-01   8.7309135e-04  -2.6916597e-03   2.7010374e-03
   2.6552230e-01  -5.6488956e-02  -2.5306239e-01   1.2952492e-03  -2.9390515e-03   2.7935410e-03
   2.5614137e-01  -1.3380132e-01  -2.3942383e-01   1.4413729e-03  -2.7641556e-03   2.7748361e-03
   2.8473615e-01  -7.4514556e-02  -2.7067799e-01   1.4107293e-03  -3.0558166e-03   2.8030416e-03
   2.5878798e-01  -7.3473881e-02  -2.2909383e-01   1.6161246e-03  -2.6585624e-03   2.8267051e-03
   2.9072847e-01  -9.7271986e-02  -2.7304118e-01   9.0092999e-04  -3.2735934e-03   2.9717490e-03
   2.7775695e-01  -5.4657465e-02  -2.4589314e-01   9.5729268e-04  -2.9547588e-03   3.3084527e-03
   2.8051304e-01  -5.0825794e-02  -2.6902415e-01   1.4473386e-03  -3.1715431e-03   3.1966939e-03
   2.7371089e-01   4.6519066e-02  -2.4413588e-01   1.0870294e-03  -2.9243019e-03   3.1816778e-03
   2.8468743e-01  -8.5309176e-02  -2.5756899e-01   1.3711371e-03  -3.1874070e-03   3.1473565e-03
   2.9513128e-01  -2.5944386e-02  -2.6508684e-01   1.0278626e-03  -3.2757477e-03   3.0527571e-03
   2.8170468e-01  -6.0605256e-02  -2.4904282e-01   1.1756951e-03  -3.1572010e-03   3.0131638e-03
   2.6962729e-01  -9.5172058e-02  -2.7730308e-01   1.3976924e-03  -2.9216578e-03   3.2178065e-03
   2.5886965e-01  -5.4662885e-02  -2.2523939e-01   7.2872226e-04  -3.0387628e-03   3.1962715e-03
   2.4343408e-01  -7.8836467e-02  -2.4528817e-01   4.0040728e-04  -2.8737136e-03   2.7372782e-03
   1.6982131e-01  -2.7969327e-01  -3.6901897e-01   3.9966249e-03  -9.3832177e-04   2.4156099e-03
   1.4453107e-01  -4.3593173e-01  -4.9087039e-01   7.0141880e-03  -7.4464984e-04   1.8972773e-03
   2.2270313e-01  -3.3528562e-02  -2.1370798e-01   5.7894837e-04  -2.3041556e-03   2.7735607e-03
   2.4937323e-01  -7.9935923e-02  -3.0182411e-01   2.4901195e-03  -2.8850380e-03   2.7348805e-03
   2.3865265e-01  -1.1870110e-01  -2.2249282e-01   1.6316385e-03  -2.8182396e-03   2.8871198e-03
   2.7610468e-01  -1.5481600e-01  -2.3435079e-01   1.6879461e-03  -3.4385222e-03   2.9403047e-03
   2.7965111e-01  -7.9762841e-02  -2.4325302e-01   1.4755903e-03  -3.5199363e-03   2.6643727e-03
   2.6530440e-01  -8.2658064e-02  -2.7628780e-01   1.4199310e-03  -3.2533443e-03   2.7116156e-03
   2.7819628e-01  -4.9659469e-02  -2.6640645e-01   1.0515635e-03  -3.3823313e-03   2.7720979e-03
   2.5605561e-01  -9.9565545e-02  -2.9882917e-01   1.3167400e-03  -3.2280229e-03   2.6488405e-03
   2.7545368e-01  -3.7270424e-02  -2.7079450e-01   6.1585819e-04  -3.2138130e-03   3.0309205e-03
   2.5898163e-01  -4.3753671e-02  -2.6233900e-01   2.6979766e-04  -3.5006902e-03   3.0479456e-03
   1.9018752e-01  -2.4455198e-01  -2.3977513e-01   4.2740904e-03  -2.4904784e-03   2.1047183e-03
   1.6271030e-01  -2.2723807e-01  -3.8861325e-01   4.2609124e-03  -2.4113891e-03   1.8345130e-03
   1.8271573e-01  -1.8569155e-01  -2.3144302e-01   2.7664834e-03  -2.4126512e-03   2.0649241e-03
   2.1305395e-01   3.7475270e-02  -1.8721758e-01   2.8007625e-03  -2.3282743e-03   2.7122092e-03
   2.3708419e-01  -2.0247376e-01  -1.5218048e-01   3.1815205e-03  -2.6798395e-03   2.8471160e-03
   2.4748045e-01  -9.6847739e-02  -1.7919251e-01   2.8399507e-03  -2.8949770e-03   2.8058018e-03
   2.7911754e-01  -1.4351936e-01  -2.4166922e-01   3.0466991e-03  -3.5267525e-03   2.6469560e-03
   2.7247258e-01  -7.3983899e-02  -3.2851108e-01   3.6301618e-03  -3.3374149e-03   2.3677906e-03
   2.3981387e-01  -1.9631813e-01  -3.4168577e-01   4.9363983e-03  -3.1560965e-03   2.0351725e-03
   2.4796684e-01  -2.6470536e-02  -2.9432100e-01   4.4022340e-03  -3.2241446e-03   2.2736518e-03
   2.8809117e-01  -2.0548487e-01  -3.0505063e-01   4.6000778e-03  -3.7127974e-03   2.5395443e-03
   2.8245322e-01  -1.5408405e-01  -2.3789268e-01   4.4737487e-03  -3.5743230e-03   2.5227261e-03
   2.9273395e-01  -1.8478067e-01  -2.7591100e-01   4.7323890e-03  -3.7233897e-03   2.4230312e-03
   2.8598178e-01  -1.0412192e-01  -2.6122946e-01   4.0470267e-03  -3.6452931e-03   2.6235356e-03
   2.7805418e-01  -1.4693785e-01  -2.8544652e-01   4.2141212e-03  -3.8033618e-03   2.5306218e-03
   2.9575661e-01  -1.7710072e-01  -2.4237109e-01   4.1927123e-03  -3.7750740e-03   2.6338122e-03
   3.0524406e-01  -1.5588238e-01  -2.7887551e-01   4.5207302e-03  -4.0699330e-03   2.5390774e-03
   3.2185397e-01  -9.4454947e-02  -2.6186492e-01   3.9814861e-03  -4.1780191e-03   2.5450783e-03
   2.9423201e-01  -1.8600360e-01  -3.3736808e-01   4.6486563e-03  -3.8455316e-03   2.4758568e-03
   3.3797097e-01  -1.3775422e-01  -2.8543611e-01   3.7886293e-03  -4.3507961e-03   2.8297421e-03
   3.1277405e-01  -1.4472744e-01  -2.7294752e-01   4.2745795e-03  -3.8551864e-03   2.8976501e-03
   3.3013201e-01  -1.7416488e-01  -3.0569966e-01   4.1950852e-03  -4.2101013e-03   2.8437163e-03
   3.1253463e-01  -6.7974066e-02  -2.9906423e-01   3.6343363e-03  -4.0227784e-03   2.9004146e-03
   3.3078877e-01  -1.3914028e-01  -3.4046871e-01   3.3825855e-03  -4.2951656e-03   3.0871562e-03
   3.1905448e-01  -7.9728647e-02  -3.1053492e-01   4.0087090e-03  -4.0167771e-03   2.8674960e-03
   3.2464776e-01  -1.8979248e-01  -2.9285443e-01   3.6047667e-03  -4.1822842e-03   3.1521196e-03
   3.4514945e-01  -1.0510139e-01  -2.6282399e-01   3.3601240e-03  -4.5185289e-03   3.1387952e-03
   3.1016423e-01  -2.0697505e-01  -1.4834213e-01   3.4869626e-03  -3.8424988e-03   2.7487028e-03
   2.6484899e-01  -2.5933446e-01  -2.0944312e-01   4.6508419e-03  -2.9991359e-03   1.5811709e-03
   2.3041774e-01  -4.2682216e-01  -6.3712353e-01   8.4838631e-03  -3.1131876e-03   1.2798022e-03
   2.4384203e-01  -2.3894808e-01  -4.4176056e-01   6.7472949e-03  -2.9042556e-03   2.3091772e-03
   2.6519511e-01  -2.2227024e-01  -3.8356823e-01   6.0675928e-03  -2.8334186e-03   2.7449753e-03
   2.8256121e-01  -2.4919835e-01  -3.2186853e-01   6.4218907e-03  -2.9780729e-03   2.8044055e-03
   3.0150854e-01  -1.9972801e-01  -2.3919935e-01   6.0471999e-03  -3.3300585e-03   2.9289843e-03
   2.8192184e-01  -3.2075945e-01  -2.3348630e-01   6.3807297e-03  -3.2845648e-03   2.7927112e-03
   3.0472134e-01  -2.4345842e-01  -2.3107620e-01   5.8827338e-03  -3.7133388e-03   2.6440216e-03
   2.9021575e-01  -1.6825914e-01  -2.8203578e-01   5.8855643e-03  -3.4602902e-03   2.6396624e-03
   3.0696832e-01  -2.7989277e-01  -2.9710858e-01   5.9213802e-03  -3.7088863e-03   2.7670320e-03
   2.9458735e-01  -1.6930570e-01  -3.2037842e-01   5.7974565e-03  -3.5288856e-03   2.6661215e-03
   3.2834623e-01  -2.0674438e-01  -3.5227108e-01   5.5649087e-03  -3.8797226e-03   3.0279401e-03
   3.1442984e-01  -1.3385612e-01  -2.7467171e-01   5.3548831e-03  -3.7426178e-03   2.9545291e-03
   3.2536226e-01  -2.6178520e-01  -3.2350560e-01   5.5801863e-03  -3.9691026e-03   3.0468471e-03
   3.3145400e-01  -1.7956596e-01  -2.9161149e-01   5.3181004e-03  -3.8776445e-03   3.2784654e-03
   3.1322982e-01  -2.2091494e-01  -3.4497377e-01   5.5786460e-03  -3.8775814e-03   3.1086611e-03
   3.4022929e-01  -1.6866062e-01  -3.1459832e-01   5.4816372e-03  -4.3060961e-03   2.9744480e-03
   3.2472596e-01  -1.5359094e-01  -3.1152463e-01   5.1945693e-03  -3.9729138e-03   2.9803588e-03
   3.3347102e-01  -2.4447233e-01  -3.1793816e-01   5.3782501e-03  -4.0324789e-03   3.1742319e-03
   3.2184486e-01  -2.1651566e-01  -2.9370461e-01   5.5209862e-03  -4.0064852e-03   3.0615368e-03
   3.3942236e-01  -2.3503391e-01  -3.1992311e-01   5.3214656e-03  -4.3279813e-03   3.1041061e-03
   3.3460957e-01  -1.3447450e-01  -2.9417890e-01   5.4422848e-03  -4.1947326e-03   3.0736372e-03
   3.4040662e-01  -2.4495272e-01  -3.4975932e-01   5.8463655e-03  -4.3894848e-03   3.0154974e-03
   3.2198750e-01  -8.9016969e-02  -2.9602972e-01   5.0495879e-03  -4.1172382e-03   3.0149526e-03
   3.3188448e-01  -2.2915487e-01  -3.4572899e-01   5.3079545e-03  -4.2575378e-03   2.9717101e-03
   3.4807725e-01  -1.8691884e-01  -2.8780779e-01   5.1514426e-03  -4.4003491e-03   2.9945271e-03
   3.2663295e-01  -2.1560206e-01  -3.2633439e-01   5.9545722e-03  -4.2047177e-03   2.8318658e-03
   3.2916540e-01  -1.8083457e-01  -3.0808445e-01   4.9387141e-03  -4.0869820e-03   3.0002665e-03
   3.0815269e-01  -1.9308307e-01  -3.2498542e-01   5.6316306e-03  -3.8784849e-03   2.8264642e-03
   3.5005070e-01  -2.0672668e-01  -2.6162275e-01   4.1523409e-03  -4.3490379e-03   2.7893590e-03
   2.5293704e-01  -3.9641166e-01  -6.3875980e-01   9.4218079e-03  -3.9303556e-03   7.3718757e-04
   2.0760923e-01   1.0554485e-02  -4.7752822e-01   4.2800550e-03  -2.9906092e-03   1.9439788e-03
   2.7776854e-01  -1.4508333e-01  -4.3426972e-01   5.5475746e-03  -4.3718767e-03   2.1188069e-03
   2.7384501e-01  -1.3647685e-01  -3.9070872e-01   5.1807116e-03  -4.1011907e-03   2.4376317e-03
   3.2165769e-01  -2.1934746e-01  -3.2427006e-01   5.0909631e-03  -4.7923035e-03   2.4041822e-03
   3.2272758e-01  -1.0366287e-01  -3.3952329e-01   4.5639265e-03  -4.8043585e-03   2.4349238e-03
   3.2290286e-01  -1.0988360e-01  -2.8168059e-01   4.0106628e-03  -4.7434672e-03   2.5631567e-03
   3.1573912e-01  -6.6276971e-02  -2.4462907e-01   3.6482263e-03  -4.6454640e-03   2.5644890e-03
   3.3798912e-01  -1.1656423e-01  -2.8326957e-01   4.0812359e-03  -5.0648772e-03   2.3590531e-03
   3.1735703e-01  -8.8429076e-02  -3.0755951e-01   3.3770427e-03  -4.9078378e-03   2.3892380e-03
   3.4286980e-01  -1.2928308e-01  -2.8701939e-01   3.5722431e-03  -5.1798300e-03   2.5847954e-03
   3.0619167e-01  -8.9362069e-02  -3.0207370e-01   3.7789134e-03  -4.7719364e-03   2.3675405e-03
   3.4262132e-01  -1.6548434e-01  -3.3309834e-01   3.8776459e-03  -5.3965901e-03   2.2730768e-03
   3.3866860e-01  -6.6667597e-02  -3.2546822e-01   3.0778168e-03  -5.4291698e-03   2.3954202e-03
   3.4595347e-01  -1.3455610e-01  -3.4170546e-01   3.9437617e-03  -5.7306392e-03   2.2442929e-03
   3.3467411e-01  -6.9581726e-02  -2.8337250e-01   3.4815807e-03  -5.6401035e-03   2.2313806e-03
   3.2665328e-01  -1.1825263e-01  -3.3413291e-01   3.2348717e-03  -5.6256274e-03   2.1686538e-03
   3.5631449e-01  -7.1032271e-02  -3.2063372e-01   2.9162436e-03  -6.0682202e-03   2.1323916e-03
   3.2257058e-01  -1.4173254e-01  -3.3949582e-01   3.5297345e-03  -5.5462056e-03   2.2388965e-03
   3.4002796e-01  -1.6855004e-01  -3.4071172e-01   4.3633324e-03  -5.8235205e-03   1.9220545e-03
   3.2905157e-01  -1.2831294e-01  -3.0651360e-01   4.3462477e-03  -5.5930580e-03   1.8197737e-03
   3.6702844e-01  -8.3535505e-02  -3.1992549e-01   3.6537551e-03  -5.8969378e-03   2.3414215e-03
   3.4573156e-01  -2.9952843e-02  -3.2841841e-01   3.4064699e-03  -5.8145480e-03   2.2670113e-03
   3.5501076e-01  -9.5415737e-02  -3.4219568e-01   3.1068800e-03  -5.8823688e-03   2.4223816e-03
   3.4730500e-01  -1.7406731e-03  -3.1246593e-01   3.0553999e-03  -5.7328123e-03   2.3549651e-03
   3.4072219e-01  -1.0774744e-01  -3.4343059e-01   3.3738397e-03  -5.5917855e-03   2.2760115e-03
   3.4005970e-01  -6.1751106e-02  -2.7993366e-01   3.0645042e-03  -5.5700944e-03   2.2707110e-03
   3.5660704e-01  -1.1849935e-01  -3.4586798e-01   4.2760876e-03  -5.8235742e-03   2.0323239e-03
   3.5770756e-01  -4.3692291e-02  -2.9707090e-01   2.9322155e-03  -5.7516915e-03   2.3692130e-03
   3.4840094e-01  -1.3017422e-01  -3.3399767e-01   3.8944284e-03  -5.6118018e-03   2.3205832e-03
   3.6301076e-01  -9.9293985e-03  -2.8488640e-01   3.0561026e-03  -5.5836889e-03   2.5861609e-03
   3.5734602e-01  -7.1898386e-02  -3.5196386e-01   4.1214573e-03  -5.7256715e-03   2.3216778e-03
   3.5161627e-01  -2.2598527e-02  -3.0070688e-01   3.7145838e-03  -5.6551545e-03   2.5240199e-03
   3.4610008e-01  -9.6228457e-02  -3.4122900e-01   4.3227711e-03  -5.6554398e-03   2.4881902e-03
   3.5238569e-01  -3.0301604e-02  -3.0171205e-01   3.4918361e-03  -5.7390605e-03   2.3627435e-03
   3.3586883e-01   2.9740653e-02  -3.5688560e-01   3.1456571e-03  -5.7717175e-03   2.1728821e-03
   3.5086953e-01  -1.0145208e-01  -3.4266916e-01   3.0832382e-03  -5.7489017e-03   2.3500097e-03
   3.4214680e-01  -7.9714821e-02  -3.2926005e-01   3.2409477e-03  -5.5833440e-03   2.2660819e-03
   3.6037721e-01  -1.0215388e-01  -3.5700443e-01   3.3820147e-03  -5.8367217e-03   2.3071674e-03
   3.3102674e-01   3.7847741e-02  -3.4615687e-01   2.7873251e-03  -5.5375457e-03   2.2149130e-03
   3.2528133e-01  -8.1712847e-02  -3.9324563e-01   2.9432281e-03  -5.5461298e-03   2.1787817e-03
   3.5304226e-01   2.0989763e-02  -3.6429805e-01   2.7493874e-03  -5.7981514e-03   2.3207358e-03
   3.2638140e-01  -6.8937672e-02  -3.7878013e-01   3.7361412e-03  -5.6130208e-03   2.3604824e-03
   3.6513611e-01  -8.4764702e-02  -3.4796175e-01   3.0397082e-03  -6.0681840e-03   2.4080340e-03
   3.4248695e-01  -6.6238334e-02  -3.6327122e-01   3.3123144e-03  -5.8174120e-03   2.0798217e-03
   3.0109904e-01  -2.2020484e-02  -3.6144262e-01   2.8836471e-03  -5.2637399e-03   2.0654106e-03
   2.8296592e-01  -6.3928481e-02  -1.8818932e-01   2.8877006e-03  -4.5344712e-03   2.0933701e-03
   2.3613188e-01  -3.1133948e-01  -3.4423681e-01   8.1637433e-03  -3.6775357e-03   8.2743326e-04
   1.5844563e-01  -3.3949862e-01  -5.9614678e-01   9.4899296e-03  -3.2416472e-03  -2.2178449e-04
   2.1685354e-01  -9.7048346e-02  -4.0690581e-01   3.7382900e-03  -3.9504173e-03   1.0645281e-03
   2.0026055e-01  -2.5029097e-01  -3.5169898e-01   4.6700916e-03  -3.8370735e-03   8.6347960e-04
   1.9515607e-01  -9.1334470e-02  -2.2371142e-01   3.0992751e-03  -3.5273331e-03   1.1122304e-03
   1.3854470e-01  -2.1997629e-01  -2.4980815e-01   3.4720375e-03  -1.6544456e-03   9.0014893e-04
   1.5279615e-01  -4.3919529e-02  -1.8719173e-01   5.7159856e-04  -2.3027561e-03   9.6445545e-04
   1.5754252e-01  -8.9520112e-02  -3.0875005e-01   4.7309529e-04  -1.6395909e-03   1.1236047e-03
   2.4401311e-01  -3.9078432e-01  -1.8905469e-01  -2.7895023e-03  -1.5709233e-03   1.9268189e-04
   1.2206106e-01  -1.4647863e-01   6.6842874e-02  -6.8426716e-04  -1.9533259e-03  -1.9346680e-03
   7.1465913e-02   4.5268578e-03   1.1394096e-01  -1.9180370e-03  -1.0874898e-03  -2.1402105e-03
   5.0273717e-02  -1.7366479e-01  -5.4509818e-02  -3.0858132e-04  -6.5716857e-04  -2.0091987e-03
   2.9869834e-02  -7.8805402e-02   9.3867037e-02  -3.3556726e-03  -1.2104589e-03  -2.5924624e-03
   7.4407966e-02  -8.0629368e-02   7.7952848e-02  -2.3982041e-03  -2.0510667e-03  -2.2141685e-03
   8.0337338e-02  -8.3490029e-02   1.0876152e-01  -2.5132853e-03  -2.0049223e-03  -1.8485003e-03
   1.0296730e-01  -1.5912425e-01   1.2081646e-01  -3.4624132e-04  -2.0198723e-03  -1.8228238e-03
   1.1592861e-01  -8.1301516e-02   1.1348155e-01  -1.6392740e-03  -2.1363688e-03  -1.4777290e-03
   1.4604707e-01  -9.9860738e-02   6.9779251e-02  -1.3853436e-03  -2.4617777e-03  -1.5573253e-03
   1.2546837e-01  -8.5213465e-02   5.3397200e-02  -1.9082264e-03  -2.3678811e-03  -1.3304531e-03
   1.6422429e-01  -1.9019320e-01   1.8247957e-03  -4.2394876e-04  -2.7344469e-03  -1.3748556e-03
   1.4704815e-01  -6.5955060e-02  -1.1524817e-02  -1.4737905e-03  -2.3742931e-03  -1.1884235e-03
   1.5867305e-01  -2.2514348e-01  -9.1361815e-02  -2.4652016e-04  -2.8310425e-03  -1.6926106e-03
   1.6287312e-01  -2.8773388e-02  -1.6324300e-02  -1.7434556e-03  -2.7611299e-03  -1.1677585e-03
   1.4090127e-01  -1.3702008e-01  -8.2336920e-02  -1.6172154e-03  -2.6860800e-03  -1.4686616e-03
   1.2359167e-01  -1.4840966e-01  -1.6334653e-01   1.2936406e-03  -2.2746459e-03  -2.6177191e-03
  -2.8712797e-02  -7.0597323e-02  -1.5081651e-01   2.3004350e-03   2.7460362e-04  -3.0191449e-03
   3.5302020e-02  -1.3440193e-01  -5.7190996e-02   7.8334196e-04  -5.3011250e-04  -1.8241526e-03
   3.9623402e-02  -1.8424586e-01  -1.0690437e-01   1.1045359e-03  -7.2309062e-04  -2.2974129e-03
   4.0344031e-02  -2.2349419e-01  -4.3449356e-01   4.0724017e-03  -8.7424972e-04  -2.8328019e-03
   3.0099098e-02  -8.2155727e-02  -1.5246719e-01   7.2966510e-04  -7.0962673e-04  -2.4639997e-03
   8.4754588e-02  -1.1303083e-01  -1.8661182e-01   5.2536356e-04  -1.5423869e-03  -2.0975875e-03
   5.0415481e-02  -1.4683867e-01  -1.7450048e-01   6.4340199e-05  -1.4794887e-03  -2.3073562e-03
   8.3333709e-02  -1.0504326e-01  -1.3327492e-01   6.2499131e-04  -1.7800278e-03  -2.4384223e-03
   4.2867123e-02  -1.5015452e-01  -1.5826444e-01   6.6756225e-04  -1.3217098e-03  -2.6095124e-03
   5.4242500e-02  -2.2067084e-01  -1.2190138e-01   1.4366193e-03  -9.9721456e-04  -2.8021399e-03
   6.5435421e-02  -7.2407067e-02  -1.3054685e-01  -4.9092179e-04  -1.8982047e-03  -2.4250731e-03
   8.8433061e-02  -5.4374733e-02  -1.6366969e-01   1.6859477e-04  -2.1354499e-03  -2.3600423e-03
   7.8317764e-02  -1.9234744e-01  -2.0725883e-01   2.9566844e-03  -2.1172953e-03  -2.2853221e-03
   9.4506502e-02  -1.8344521e-01  -1.7171433e-01   2.7331081e-03  -2.4867778e-03  -2.1489527e-03
   8.9115840e-02  -4.1436835e-02  -1.7985775e-01   1.4469699e-03  -2.4012829e-03  -2.1755888e-03
   1.2218488e-01  -2.3174178e-01  -2.1067102e-01   2.1223180e-03  -3.1119704e-03  -2.2383495e-03
   1.2235115e-01  -3.5841895e-03  -1.6996052e-01   8.8155929e-04  -2.9927169e-03  -1.7958514e-03
   1.0882269e-01  -1.2143740e-01  -2.2242710e-01   1.4762212e-03  -3.0951456e-03  -2.0243940e-03
   1.4662752e-01  -1.0685404e-01  -1.7756314e-01   1.2397240e-03  -3.5034589e-03  -1.6526674e-03
   1.5028132e-01  -2.0787314e-01  -2.4120084e-01   2.1691739e-03  -3.9652751e-03  -1.9025338e-03
   1.7617480e-01  -1.1061459e-01  -2.0361918e-01   1.3866928e-03  -4.1155935e-03  -1.6387085e-03
   1.6309330e-01  -1.8806831e-01  -2.3094085e-01   1.4547173e-03  -3.6615186e-03  -1.2234590e-03
   1.6835037e-01  -1.3015719e-01  -2.5934505e-01   1.8172040e-03  -4.0339451e-03  -1.3633108e-03
   1.7777308e-01  -1.6625976e-01  -2.1279519e-01   2.2289961e-03  -3.9731946e-03  -1.3859356e-03
   1.7265833e-01  -2.0597123e-01  -2.3457663e-01   1.8985998e-03  -4.0541735e-03  -1.3487262e-03
   1.5616767e-01  -4.8910327e-02  -1.8381049e-01   1.3989515e-03  -4.1339490e-03  -1.9669368e-03
   1.4013223e-01  -2.1682303e-01  -2.6454921e-01   6.2724656e-03  -3.3585924e-03  -2.4661726e-03
   1.3741734e-01  -7.4799951e-02  -2.6914368e-01   3.5086577e-03  -3.6681352e-03  -1.3225187e-03
   7.3057951e-02  -4.1114938e-01  -4.2194581e-01   1.0996897e-02  -3.7195048e-03  -2.3478482e-03
   1.3564980e-01  -2.6824871e-01  -3.3249449e-01   6.3361274e-03  -4.2085621e-03  -1.9418909e-03
   1.4041757e-01  -1.9868140e-01  -3.2117005e-01   6.5505381e-03  -4.3396114e-03  -1.7590235e-03
   1.9509024e-01  -3.3718836e-01  -2.9328258e-01   6.6523743e-03  -4.9981055e-03  -1.7165552e-03
   1.7666025e-01  -1.3866960e-01  -2.6739340e-01   5.6626520e-03  -4.8474140e-03  -1.5962163e-03
   2.2355494e-01  -2.4027818e-01  -3.2481925e-01   6.0154272e-03  -5.3869119e-03  -1.5378108e-03
   2.2323093e-01  -1.0131390e-01  -3.1040207e-01   5.4860058e-03  -5.1608637e-03  -9.4182464e-04
   2.1532464e-01  -2.3867213e-01  -3.4282948e-01   6.0696130e-03  -4.9229074e-03  -9.0573154e-04
   1.9248237e-01  -1.3498952e-01  -2.9628862e-01   6.2448593e-03  -4.7702391e-03  -9.3790806e-04
   2.2254091e-01  -2.6446941e-01  -3.4770148e-01   6.9862606e-03  -5.0069149e-03  -1.0882916e-03
   1.8471005e-01  -1.8066742e-01  -3.4478728e-01   5.9542156e-03  -4.3993833e-03  -9.8791077e-04
   2.2395294e-01  -2.9535196e-01  -4.0552049e-01   6.8867704e-03  -4.9751192e-03  -1.1459225e-03
   2.0122569e-01  -2.0071275e-01  -3.8562571e-01   6.8592698e-03  -4.3728267e-03  -7.6873146e-04
   2.2952223e-01  -2.3542672e-01  -4.2740892e-01   7.0177690e-03  -4.4405214e-03  -4.7193231e-04
   2.2444164e-01  -2.0265595e-01  -3.6636066e-01   7.1525148e-03  -4.4746363e-03  -7.1956733e-04
   2.3591425e-01  -2.6555561e-01  -4.4062476e-01   6.9300006e-03  -4.7772602e-03  -4.7541680e-04
   2.3004291e-01  -1.7450704e-01  -3.9704787e-01   6.9152904e-03  -4.6876109e-03  -6.0855828e-04
   2.0944338e-01  -1.4980991e-01  -3.6205490e-01   5.6328221e-03  -4.5070268e-03  -7.2480075e-04
   2.0380355e-01  -2.5882522e-01  -4.1924529e-01   7.5995560e-03  -3.7925682e-03  -1.9611564e-03
   1.5373473e-01  -1.6060329e-01  -4.3404893e-01   5.4064338e-03  -2.4629449e-03  -7.8652701e-04
   1.6519401e-01  -1.3782755e-01  -4.5848313e-01   6.2343451e-03  -2.7674689e-03  -4.6356980e-04
   1.7492645e-01  -1.6692883e-01  -4.3711055e-01   6.3069037e-03  -3.0906355e-03  -4.2575112e-04
   1.7936707e-01  -1.9434958e-01  -3.8679584e-01   6.4036376e-03  -2.8616391e-03  -5.6633263e-04
   1.5477943e-01  -1.3869858e-01  -5.5997361e-01   6.4630489e-03  -2.5863194e-03  -6.3012357e-04
   1.9087042e-01  -1.3434767e-01  -4.5895209e-01   5.9829609e-03  -3.3946690e-03  -8.6485459e-04
   1.8717702e-01  -1.7912137e-01  -3.7292851e-01   5.9614868e-03  -3.1154819e-03  -1.1361419e-03
   2.0983127e-01  -1.7584235e-01  -2.5623412e-01   5.4134694e-03  -3.1169391e-03  -6.7837628e-04
   2.0669607e-01  -9.7876003e-02  -4.2196177e-01   5.9078235e-03  -3.3771183e-03  -5.9324450e-04
   2.1958627e-01  -1.9861941e-01  -4.9435848e-01   6.8867624e-03  -3.5710009e-03  -3.8339204e-04
   2.2237722e-01  -1.7450829e-01  -4.9177206e-01   6.4026870e-03  -3.4296277e-03  -3.0435925e-04
   2.2259200e-01  -2.1269623e-01  -5.1860162e-01   7.4288633e-03  -3.8739743e-03  -4.2360527e-04
   2.6208948e-01  -1.4222936e-01  -4.7223332e-01   6.9798248e-03  -4.0324830e-03  -1.6836347e-05
   2.4414445e-01  -1.0058581e-01  -4.6053405e-01   6.2511246e-03  -4.0506747e-03   2.7301412e-04
   2.8360946e-01  -1.9499682e-01  -4.8907214e-01   6.8357115e-03  -4.4532089e-03   2.9712778e-04
   2.7288696e-01  -1.4734784e-01  -4.4573834e-01   6.0647954e-03  -4.2868105e-03   5.1984936e-04
   2.9984443e-01  -2.3134777e-01  -5.3816233e-01   7.2720157e-03  -4.7709446e-03   3.6177934e-04
   2.9895948e-01  -1.2683128e-01  -4.3914938e-01   5.9452662e-03  -4.6837426e-03   5.5779211e-04
   2.9606240e-01  -2.2350705e-01  -3.5526598e-01   6.0608539e-03  -4.9451650e-03   2.7435488e-04
   2.8179383e-01  -3.1412202e-01  -5.1486795e-01   1.0542429e-02  -4.1652016e-03  -1.1865353e-04
   2.5606257e-01  -2.1675181e-01  -2.0200821e-01   7.6107693e-03  -3.6055898e-03  -5.3561728e-05
   2.8638893e-01  -1.8757457e-01  -5.1451337e-01   7.8848703e-03  -4.5598223e-03   2.6702742e-04
   2.5758460e-01  -2.3337790e-01  -4.8399518e-01   8.5152329e-03  -4.3029891e-03   2.0853234e-04
   3.2061254e-01  -3.3045410e-01  -5.1993820e-01   8.3720413e-03  -5.2663464e-03   2.6589141e-04
   3.0890779e-01  -2.1172910e-01  -4.8216826e-01   8.0370834e-03  -5.1532801e-03   2.5582513e-04
   3.3695430e-01  -2.7369232e-01  -5.5991914e-01   7.5199155e-03  -5.4508914e-03   4.8056906e-04
   3.2822788e-01  -2.3609406e-01  -5.1464093e-01   7.9487647e-03  -5.3690653e-03   7.3819672e-04
   3.4134910e-01  -2.8724529e-01  -5.3437600e-01   8.7458984e-03  -5.8834017e-03   5.5188931e-04
   3.3830044e-01  -2.3090550e-01  -4.9947404e-01   8.4958212e-03  -5.6502252e-03   3.9698592e-04
   3.4903571e-01  -2.7483232e-01  -6.1668753e-01   8.1648998e-03  -5.9604557e-03   3.5927472e-04
   3.4517186e-01  -1.0097013e-01  -5.5572984e-01   7.7233703e-03  -5.9036023e-03   5.1667423e-04
   3.3740611e-01  -2.5262957e-01  -6.3060887e-01   8.4915831e-03  -5.8707843e-03   4.3183895e-04
   3.4694172e-01  -2.4967805e-01  -5.5841364e-01   7.5938521e-03  -5.8556215e-03   5.5883894e-04
   3.3556411e-01  -2.1980217e-01  -6.1367687e-01   7.9741214e-03  -5.9031785e-03   5.0842755e-04
   3.7895568e-01  -2.8212847e-01  -6.2183447e-01   8.0495501e-03  -6.4094574e-03   6.6806898e-04
   3.5496152e-01  -1.6070686e-01  -5.8812441e-01   7.4074895e-03  -6.0310631e-03   7.4588128e-04
   3.9830051e-01  -2.4539231e-01  -6.5825744e-01   7.9152230e-03  -6.7212819e-03   8.9590202e-04
   3.5010064e-01  -1.6994425e-01  -6.1136450e-01   8.0800156e-03  -6.0308025e-03   8.3502554e-04
   3.5245134e-01  -2.4581199e-01  -6.4906146e-01   8.7294256e-03  -6.1634941e-03   8.3987935e-04
   3.3642976e-01  -1.3738718e-01  -5.9049430e-01   7.7768779e-03  -5.9470681e-03   6.9998668e-04
   3.8331026e-01  -3.0655910e-01  -6.2813131e-01   8.6524834e-03  -6.7181541e-03   7.8682102e-04
   3.6720695e-01  -1.7653274e-01  -5.8776322e-01   8.1573961e-03  -6.3480209e-03   6.8362618e-04
   3.7807337e-01  -2.6922166e-01  -6.6021894e-01   8.1885593e-03  -6.6093873e-03   8.9893758e-04
   3.7137344e-01  -8.0473596e-02  -5.6667297e-01   7.7176464e-03  -6.4537173e-03   9.4598446e-04
