   0.0000000e+00   0.0000000e+00   0.0000000e+00   0.0000000e+00   0.0000000e+00   0.0000000e+00
   2.0361792e-02  -4.9531762e-02  -6.0876456e-02   5.5660973e-04  -5.5846497e-04  -1.9024810e-04
   2.1272154e-03  -5.5502847e-02  -8.2030672e-02   1.2146233e-03  -7.1596761e-04  -4.9570919e-04
  -2.4988943e-03  -4.9212435e-02  -1.2772493e-01   1.5107808e-03  -1.1588209e-03  -7.7122210e-04
   1.4921454e-02  -2.4667103e-02  -8.2747540e-02   3.6608478e-04  -1.0717648e-03  -3.1649639e-04
   1.0374264e-02  -4.9591613e-02  -7.9708681e-02   9.1933431e-04  -1.0165389e-03  -2.2287136e-04
   1.0200743e-02  -3.0187650e-02  -8.0163535e-02   3.5678454e-04  -9.4415194e-04  -2.2810984e-04
   2.7185533e-02  -7.1260436e-02  -5.5486910e-02   5.5418987e-04  -1.4672371e-03  -2.5023491e-04
   1.1330815e-02  -2.9100562e-02  -1.6637729e-01   1.5178160e-03  -1.4322759e-03  -7.4119173e-04
   1.1441842e-02   2.4957870e-02  -1.0605624e-01   1.3710238e-03  -1.4813159e-03  -7.4213045e-04
   1.3100213e-02  -3.1878627e-02  -1.2523880e-01   6.5812150e-04  -1.3803789e-03  -6.3361571e-04
   1.2636522e-02   3.9814957e-03  -6.8290132e-02   2.7815565e-04  -1.4517062e-03  -7.1307349e-04
   7.4172032e-03  -2.3721737e-03  -9.5798292e-02   7.3311437e-04  -1.4044008e-03  -6.8300927e-04
   5.0937806e-03   6.8842500e-02  -9.0481264e-02   2.5602398e-04  -1.2535030e-03  -6.2455791e-04
   2.8401732e-03   5.5987381e-02  -9.9939358e-02  -8.6485826e-05  -1.1682969e-03  -5.5177082e-04
   7.0427594e-03   2.4380561e-02  -1.2447516e-01   5.9579476e-04  -1.2128209e-03  -5.7693197e-04
   1.2844633e-02   2.1477923e-02  -1.2736635e-01   4.5201785e-04  -1.2395858e-03  -6.2443620e-04
  -1.2121991e-02  -1.4049782e-02  -1.0394238e-01   1.1142177e-03  -1.0992535e-03  -9.7957843e-04
   9.8025688e-03  -4.0162577e-02  -9.2015210e-02   9.8358030e-04  -1.3670487e-03  -9.1846074e-04
  -4.3150482e-03  -1.3035505e-02  -1.3100110e-01   1.5145293e-03  -1.2250503e-03  -8.9052746e-04
  -1.1450833e-02   2.8126095e-02  -7.6479017e-02   8.7023890e-04  -1.1863905e-03  -8.4862830e-04
  -1.6123192e-02  -1.4507532e-02  -7.1057710e-02   5.4624604e-04  -7.9897281e-04  -7.7457501e-04
  -3.1419750e-04   1.1200307e-02  -1.4192364e-01   1.0599270e-03  -9.2393639e-04  -4.6106274e-04
  -5.4634572e-03  -2.5335694e-02  -9.3213759e-02   1.2171362e-03  -7.9017220e-04  -2.8248717e-04
   2.1423561e-02  -3.5087293e-02  -1.2828099e-01   1.6057157e-03  -1.2134623e-03  -2.6647812e-04
   1.5831527e-02   5.0135823e-02  -9.8068305e-02   1.3346062e-03  -1.0886715e-03  -9.7951196e-05
   6.8892274e-03   5.4423947e-02  -9.3000149e-02   9.6269564e-04  -9.2430114e-04  -2.1830419e-04
   2.4681280e-02  -6.2624770e-02  -1.4787875e-01   1.6405405e-03  -1.1541291e-03  -2.4745951e-04
   2.1792318e-02   1.0367495e-02  -1.3671843e-01   1.8572401e-03  -1.0847455e-03  -1.1315488e-04
   2.4182023e-02  -7.5930043e-02  -1.2080430e-01   2.3742825e-03  -9.7252156e-04   7.4744062e-05
   3.5313733e-02  -7.6373058e-02  -1.5745459e-01   2.2562041e-03  -1.1657409e-03   2.4184454e-04
   3.0633972e-02  -9.7146953e-02  -1.2288106e-01   2.4817874e-03  -8.9003635e-04   2.5971475e-04
   2.4623770e-02  -3.2294746e-02  -1.3472779e-01   2.2933750e-03  -6.7533564e-04   4.1578571e-04
   2.9010767e-02  -1.5312390e-02  -9.2383706e-02   2.4072197e-03  -7.6031131e-04   6.2432849e-04
   2.8469888e-02  -3.9549923e-02  -6.2474540e-02   2.1160258e-03  -8.0971006e-04   2.9119475e-04
   4.1466777e-02  -1.0584532e-01  -1.4932410e-01   2.3719136e-03  -1.0614671e-03   2.6115443e-04
   2.8188879e-02  -1.3788700e-02  -1.1480855e-01   1.9101783e-03  -7.8302510e-04   3.6149640e-04
   3.6708175e-02  -7.3053340e-02  -1.3157325e-01   2.5535313e-03  -9.4573836e-04   3.8240673e-04
   2.7630870e-02   5.5071839e-02  -9.8333411e-02   1.9321977e-03  -8.2767064e-04   3.7177807e-04
   2.9915554e-02  -8.0256738e-02  -9.6469705e-02   2.1905963e-03  -9.1065008e-04   3.7230068e-04
   3.0386918e-02  -5.1766728e-02  -1.2667466e-01   2.2905254e-03  -9.1554702e-04   3.7120109e-04
   1.9756851e-02   1.3430724e-02  -9.4420639e-02   2.1564428e-03  -8.0007899e-04   4.4550134e-04
   2.4358312e-02  -5.6745363e-02  -1.0430207e-01   2.1437324e-03  -8.8521923e-04   5.1048373e-04
   2.8639944e-02  -4.9401327e-02  -1.4534110e-01   2.0937342e-03  -1.0462708e-03   3.9658331e-04
   1.1616237e-02  -5.0484337e-02  -1.1304222e-01   2.1993883e-03  -7.0956699e-04   4.7572253e-04
   2.7186609e-02  -1.1469516e-01  -1.3606133e-01   2.6709697e-03  -9.4525397e-04   5.2483168e-04
   3.6645732e-02  -6.2894087e-02  -1.2579323e-01   2.8646072e-03  -9.5473282e-04   5.5622051e-04
   2.6402791e-02  -7.0532908e-02  -1.0610796e-01   2.5113740e-03  -7.7475204e-04   7.5063581e-04
   2.2826791e-02  -6.4501710e-02  -1.3047379e-01   2.5404959e-03  -8.2777799e-04   6.6559917e-04
   2.9771360e-02  -5.0367194e-03  -9.8399830e-02   2.4164111e-03  -9.5534230e-04   6.2287669e-04
   3.2995954e-02  -1.2823069e-01  -1.2148271e-01   3.1892653e-03  -9.2816280e-04   7.2698865e-04
   3.1469553e-02   4.9391920e-02  -8.8120525e-02   2.4889091e-03  -9.9330719e-04   7.7609202e-04
   2.0469855e-02  -8.6007493e-02  -8.5204703e-02   2.6612823e-03  -8.8822170e-04   6.5429739e-04
   3.1630432e-02  -6.6559286e-02  -1.0341200e-01   2.5149330e-03  -9.3409317e-04   7.7148981e-04
   3.4225423e-02  -7.1766125e-02  -8.7251061e-02   2.3692644e-03  -1.0406228e-03   7.4361918e-04
   4.3410875e-02  -1.1947816e-01  -1.4185220e-01   2.5745768e-03  -1.2087914e-03   6.5927759e-04
   4.1512278e-02  -7.8263288e-02  -1.7011166e-01   2.4531177e-03  -1.2603377e-03   9.0680095e-04
   8.0739585e-02  -7.6062813e-02  -2.8324541e-01   1.9016418e-03  -2.0216014e-03   9.1883921e-04
   6.9045668e-02  -3.6993300e-02  -1.6811817e-01   1.7525257e-03  -1.6865966e-03   9.7455540e-04
   7.5318898e-02  -1.0276877e-01  -8.7581741e-02   3.0432221e-03  -1.7330711e-03   9.1881364e-04
   6.2257997e-02  -6.8975332e-02  -1.0030900e-01   2.7565806e-03  -1.4958684e-03   9.9823255e-04
   5.6446655e-02  -6.8199055e-02  -6.0413276e-02   2.4826809e-03  -1.2498743e-03   1.0037080e-03
   6.1543669e-02  -1.2540909e-01  -1.2081907e-01   2.7718159e-03  -1.4362197e-03   8.6735983e-04
   5.2545607e-02  -2.6327130e-02  -6.1648390e-02   2.4758598e-03  -1.3996828e-03   7.2806167e-04
   6.2968306e-02  -8.2154726e-02  -6.6159431e-02   2.3265708e-03  -1.6955694e-03   7.3965544e-04
   5.4723505e-02  -2.9603192e-02  -9.1721275e-02   2.0046481e-03  -1.5940376e-03   6.0884093e-04
   4.8111626e-02  -2.7386229e-02  -7.5214022e-02   2.2259908e-03  -1.5223542e-03   5.2028554e-04
   5.0006520e-02  -6.2417456e-03  -9.9789404e-02   2.1564092e-03  -1.6273535e-03   2.5846136e-04
   5.6435453e-02   2.4642108e-02  -7.7150724e-02   1.9252992e-03  -1.6308327e-03   5.2456358e-04
   5.4197155e-02  -6.2090371e-03  -1.0358983e-01   2.1419088e-03  -1.6377253e-03   4.1488989e-04
   4.8130358e-02   4.0660425e-02  -9.0875243e-02   1.6086451e-03  -1.3995910e-03   3.5369862e-04
   4.6278238e-02   1.8694952e-02  -7.1668702e-02   1.5981921e-03  -1.2127906e-03   3.8340192e-04
   7.2395521e-02  -9.7223407e-02  -1.2103559e-01   1.7455483e-03  -1.6360463e-03   4.4455099e-04
   6.0366654e-02   2.2845605e-02  -1.2921439e-01   1.8167180e-03  -1.4488962e-03   4.9186932e-04
   4.9197410e-02  -7.8870263e-02  -1.6612447e-01   2.3310038e-03  -1.3951051e-03   3.6196920e-04
   5.6116605e-02   7.1228465e-02  -9.4083837e-02   1.9064925e-03  -1.5455522e-03   4.1120539e-04
   6.0038756e-02  -6.0405925e-02  -9.3148641e-02   2.4814017e-03  -1.7240689e-03   1.4982021e-04
   6.1017790e-02  -8.5220684e-02  -1.0499949e-01   2.3993195e-03  -1.8150232e-03   1.4145352e-04
   5.2864524e-02  -7.4794177e-03  -6.0047194e-02   2.0782297e-03  -1.7055673e-03   2.9670895e-04
   7.1682825e-02  -7.4903962e-02  -9.2724094e-02   2.4816310e-03  -1.9599417e-03   2.9731792e-04
   6.5061082e-02   1.0254742e-02  -9.0471771e-02   2.1419564e-03  -1.6992053e-03   4.0224661e-04
   6.0590670e-02  -5.7444274e-02  -7.1462994e-02   2.4408976e-03  -1.6263468e-03   4.8113526e-04
   7.5430014e-02  -6.6838004e-02  -1.0725049e-01   2.8220069e-03  -1.9214793e-03   7.6788015e-04
   7.8875276e-02  -1.1909131e-01  -9.0092075e-02   3.2562888e-03  -1.8191488e-03   7.7798839e-04
   8.0254297e-02  -1.3229949e-01  -1.1202731e-01   3.1030180e-03  -1.8556464e-03   7.4746597e-04
   7.9493841e-02  -2.8166079e-02  -9.1478751e-02   2.2413308e-03  -1.7660693e-03   7.7629506e-04
   8.5574686e-02  -1.0304512e-01  -9.2160335e-02   2.9776351e-03  -1.9168549e-03   6.1831229e-04
   8.8042751e-02  -3.6109465e-02  -1.2125155e-01   2.7245815e-03  -2.0118772e-03   6.8251413e-04
   7.6219919e-02  -5.3678744e-02  -8.7827236e-02   2.2858366e-03  -1.7334787e-03   7.1941950e-04
   8.3789520e-02  -8.8416088e-02  -1.0891253e-01   2.8115796e-03  -1.8504240e-03   6.1418073e-04
   8.8386682e-02  -5.5069849e-02  -1.1493413e-01   2.8164193e-03  -1.8954029e-03   5.2364865e-04
   7.6221308e-02  -6.9386442e-02  -9.8444870e-02   2.6609537e-03  -1.7228858e-03   4.8351169e-04
   6.7453385e-02  -8.4996678e-02  -2.3954156e-01   3.1540653e-03  -1.6537655e-03   6.4490428e-04
   6.2300531e-02  -1.4529173e-02  -2.4469643e-01   2.3083809e-03  -1.7226272e-03   6.1534083e-04
   7.6718050e-02  -1.0027187e-01  -3.9985519e-01   3.4947946e-03  -2.0263226e-03   6.2909297e-04
   8.3453527e-02  -8.1141604e-02  -1.5712213e-01   2.5381977e-03  -1.8145585e-03   7.0264871e-04
   7.0751926e-02  -1.2249744e-01  -9.5067030e-02   2.7120336e-03  -1.4301839e-03   7.8925981e-04
   8.0224613e-02  -7.1078825e-02  -1.0750969e-01   3.1649154e-03  -1.6562204e-03   7.3622999e-04
   6.8375195e-02   9.4643424e-03  -8.2200180e-02   2.4211482e-03  -1.6142107e-03   6.7057791e-04
   8.2312470e-02  -8.6034447e-02  -8.8546126e-02   3.4095512e-03  -1.8621831e-03   6.3678620e-04
   8.8474613e-02  -2.0086832e-02  -9.2451220e-02   3.0726115e-03  -1.8312113e-03   6.2206463e-04
   8.7194403e-02  -9.3241300e-02  -7.5400023e-02   2.8715234e-03  -1.7104138e-03   8.6268814e-04
   1.1163927e-01  -1.4749341e-01  -1.3624217e-01   3.1298252e-03  -2.0567784e-03   7.7645942e-04
   9.8879637e-02  -7.2163332e-02  -7.3133170e-02   3.1262849e-03  -1.9131027e-03   8.4326669e-04
   1.1382680e-01  -1.1515800e-01  -1.1462374e-01   3.1469450e-03  -2.1444140e-03   6.4822703e-04
   1.0016755e-01  -6.1157547e-02  -9.3569641e-02   2.9472557e-03  -1.8610686e-03   5.4863706e-04
   1.0472137e-01  -1.0709833e-01  -1.2486636e-01   3.5536784e-03  -1.9281922e-03   7.3100301e-04
   9.6400655e-02   2.2689573e-03  -9.4465371e-02   2.6201751e-03  -1.9404213e-03   6.2669549e-04
   9.5473144e-02  -6.7693594e-02  -6.9046102e-02   2.7428861e-03  -2.0311762e-03   5.2452922e-04
   9.5867932e-02  -1.1499061e-01  -9.8996766e-02   2.4225110e-03  -2.3812103e-03  -4.7922967e-04
   4.8672308e-02  -1.7462545e-02  -7.0389628e-02   2.1873975e-03  -1.9741511e-03  -1.0470669e-03
   4.1679486e-02  -5.7687512e-03  -9.6761752e-02   2.4488342e-03  -1.7557510e-03  -7.9055888e-04
   4.3333875e-02   5.5361685e-02  -8.8439814e-02   1.4966743e-03  -1.6723981e-03  -6.2576989e-04
   5.0648803e-02  -8.6892445e-02  -9.5131844e-02   2.7819092e-03  -1.7906049e-03  -5.8820811e-04
   6.4604537e-02  -3.5361155e-02  -1.4076613e-01   3.5257860e-03  -1.8884823e-03  -5.2883352e-04
   5.3292158e-02  -7.3163889e-02  -1.0415178e-01   3.4167877e-03  -1.5933340e-03  -3.6359146e-04
   8.0448613e-02  -1.1711376e-01  -1.1506388e-01   3.4455956e-03  -1.9802252e-03  -3.9466777e-04
   7.7935836e-02  -7.9353981e-02  -8.0583148e-02   2.7378042e-03  -1.7716610e-03  -2.2184624e-04
   7.9836984e-02  -9.2032254e-02  -7.8955952e-02   2.7499706e-03  -1.8788081e-03  -3.9239698e-04
   7.6558111e-02  -5.2677755e-02   5.3006796e-02   1.9255400e-03  -2.0160143e-03  -3.8131476e-04
   5.5455982e-02  -5.4695272e-02  -3.0979589e-02   2.8305272e-03  -1.8558924e-03  -5.9661719e-04
   6.3357502e-02   2.5933833e-02  -5.2526724e-02   2.5579393e-03  -1.9250257e-03  -7.5829667e-04
   4.8111594e-02  -2.8535052e-02  -4.4655033e-02   2.5912965e-03  -1.9645280e-03  -8.7370254e-04
   6.4522663e-02  -8.1141757e-02  -5.2737744e-02   2.8204062e-03  -2.2535470e-03  -9.7293193e-04
   4.2166494e-02  -5.7226197e-02  -2.9217375e-02   2.3555683e-03  -1.9756879e-03  -1.0993862e-03
   4.5585190e-02  -7.8678096e-02  -8.1089175e-02   2.4638780e-03  -1.9897998e-03  -1.1058012e-03
   4.7237173e-02   6.8578828e-03  -6.1306622e-02   2.0517603e-03  -2.0069830e-03  -9.6331164e-04
   5.2335759e-02  -2.8572381e-02  -4.3760044e-02   2.1167822e-03  -1.9878729e-03  -9.2124155e-04
   6.6841030e-02  -3.4800054e-02  -5.5133651e-02   1.8437381e-03  -2.1441862e-03  -9.4014169e-04
   5.0425101e-02  -1.0329765e-02  -3.6798397e-02   1.8479572e-03  -1.7444167e-03  -8.4691349e-04
   5.3266263e-02  -6.5177440e-02  -6.1950120e-02   1.7977411e-03  -1.6694755e-03  -8.8835351e-04
   5.9985240e-02   9.4461630e-02  -1.9214841e-01   8.5356893e-04  -2.1845177e-03  -7.8727714e-04
   6.1906565e-02  -1.3644566e-01  -2.2053573e-01   1.2563146e-03  -2.8448721e-03  -3.1431656e-04
   8.2634101e-02  -4.0320478e-01  -1.3446842e-01   3.7712094e-03  -2.6629351e-03  -1.6356438e-04
   5.5267097e-02  -7.0067221e-02   1.3372099e-02   2.5452122e-03  -1.8347846e-03  -5.4783315e-04
   6.1853170e-02   1.1524639e-01   2.9169352e-01   9.5650294e-04  -1.9468991e-03  -1.0683372e-03
   9.0835799e-02   2.2791500e-02   2.6916838e-01   1.0774232e-03  -2.4054733e-03  -9.3920074e-04
   8.8668718e-02  -4.0167107e-02   2.5414056e-01   1.5649601e-03  -2.1326943e-03  -9.4369924e-04
   1.0102368e-01   2.0706384e-02   2.8962263e-01   9.3197830e-04  -2.1687963e-03  -6.9856158e-04
   9.6854423e-02  -5.7651584e-02   2.7976485e-01   1.1467204e-03  -1.9752025e-03  -7.5680951e-04
   9.0825242e-02   1.4563425e-02   2.8177985e-01   1.0009821e-03  -1.8060163e-03  -7.2514876e-04
   9.9154928e-02  -4.7276622e-02   2.7098738e-01   3.6569045e-04  -1.7948337e-03  -4.6762710e-04
   1.0311909e-01   8.9837910e-03   2.4898787e-01   1.3642828e-04  -1.8270223e-03  -6.6576361e-04
   1.0946567e-01  -5.1181219e-02   2.2207293e-01   1.9396673e-04  -1.9798033e-03  -5.4498168e-04
   9.4441659e-02  -5.4018651e-02   1.8900492e-01   1.6079469e-04  -1.9464718e-03  -7.3153628e-04
   1.0261967e-01  -6.2813177e-02   2.0712296e-01   3.8380874e-04  -2.0765627e-03  -1.1251350e-03
   8.3229107e-02  -1.3586266e-02   1.6169400e-01  -2.2243106e-04  -2.0899774e-03  -1.3441910e-03
   8.2737457e-02   5.0781815e-02   1.7567736e-01  -5.3067065e-04  -2.2125888e-03  -1.4084917e-03
   9.1663145e-02  -1.1434678e-02   8.0659806e-02   6.1801192e-04  -2.3360761e-03  -1.2354341e-03
   1.0276485e-01   4.1484968e-02   5.5009560e-02   6.6018036e-04  -2.6046517e-03  -1.1809172e-03
   9.4217955e-02   2.8857172e-02   1.2356976e-01   1.0509722e-03  -2.2480951e-03  -1.0815995e-03
   9.1886664e-02   3.1070046e-03   1.4614791e-01   1.3577717e-03  -2.4153429e-03  -1.2704532e-03
   7.0931309e-02  -8.3899456e-03   2.2378459e-01   4.7876494e-04  -1.8653039e-03  -1.3544320e-03
   8.8014608e-02  -3.0656721e-02   1.4050205e-01   6.1975533e-04  -2.0247917e-03  -1.2780723e-03
   8.1492733e-02   4.9434217e-02   3.1837019e-02  -5.3386579e-04  -1.9348285e-03  -1.1286889e-03
   7.8870803e-02   4.1719363e-02  -7.9743526e-02  -1.2279915e-03  -1.8001749e-03  -9.8284986e-04
   9.1643218e-02   1.5091214e-01  -1.6774643e-01  -1.9481387e-03  -2.1928599e-03  -1.2703374e-03
   9.0294401e-02   4.6195339e-02  -2.3521442e-01  -1.4212362e-03  -2.3708502e-03  -1.4879547e-03
   1.1803442e-01  -4.0531977e-02  -1.2125097e-01  -1.5625479e-03  -2.6562950e-03  -1.5302067e-03
   9.3842651e-02   2.5910137e-02   5.4616694e-02  -2.3084822e-03  -1.9377480e-03  -1.5610320e-03
   1.0807782e-01   1.9486515e-01   1.1972687e-01  -3.9940733e-03  -2.1572269e-03  -1.7363045e-03
   1.0386028e-01   1.2090205e-01   2.2695992e-01  -3.7702427e-03  -2.0799587e-03  -1.6186709e-03
   1.0386073e-01   9.5922020e-02   1.6833774e-01  -3.4818371e-03  -2.1643258e-03  -1.6263812e-03
   9.9255506e-02   1.9093820e-01   2.2220191e-01  -4.3522462e-03  -1.9826116e-03  -1.4238324e-03
   1.1110874e-01   1.1566338e-01   1.6875661e-01  -3.6809534e-03  -2.3482770e-03  -1.5087156e-03
   1.0135253e-01   2.7371626e-01   1.9639999e-01  -4.3132836e-03  -2.1941931e-03  -1.7415640e-03
   1.1431764e-01   1.6628021e-01   1.6610350e-01  -3.8491950e-03  -2.4077447e-03  -1.4800919e-03
   1.1080654e-01   1.7954870e-01   1.6739521e-01  -3.7287428e-03  -2.4184880e-03  -1.6561888e-03
   1.1522170e-01   1.7558001e-01   1.5941451e-01  -3.4806769e-03  -2.4162261e-03  -1.4046821e-03
   1.1181392e-01   1.6085069e-01   1.1969043e-01  -3.2101647e-03  -2.4021186e-03  -1.5745353e-03
   1.0079561e-01   2.3278137e-01   1.7542707e-01  -4.1499075e-03  -2.1409342e-03  -1.5313610e-03
   1.0329768e-01   1.3580545e-01   1.2897822e-01  -3.2995401e-03  -2.1946997e-03  -1.5531296e-03
   1.1046873e-01   2.2057430e-01   1.7483729e-01  -4.0786109e-03  -2.1705667e-03  -1.6101419e-03
   1.2132763e-01   1.0925787e-01   1.5355401e-01  -3.1709373e-03  -2.4247142e-03  -1.4211528e-03
   1.1882701e-01   1.3041306e-01   1.2798102e-01  -3.1072219e-03  -2.4633325e-03  -1.5068650e-03
   1.0302423e-01   1.8257690e-01   1.5467907e-01  -3.5559455e-03  -2.2545343e-03  -1.5218985e-03
   6.1172315e-02   7.8360474e-01  -6.9290131e-01   3.4239830e-03  -1.3721722e-03  -9.4632815e-04
   1.0161027e-01   5.5682441e-01  -3.7387183e-01  -1.6543719e-03  -2.0172089e-03  -3.1622816e-03
   5.0986643e-02   5.1582225e-01   7.7575575e-02  -4.0960887e-03   1.3840084e-04  -2.3202149e-03
   4.1095214e-02   7.5654378e-01   1.9062807e-01  -5.2085928e-03  -1.3211530e-04  -2.2121420e-03
   7.2971621e-02   5.9465911e-01   1.2817587e-01  -4.6513407e-03  -5.7517930e-04  -2.1055679e-03
   7.7015718e-02   6.4676284e-01   1.9128632e-01  -4.9427707e-03  -5.6077800e-04  -2.0320837e-03
   1.0061370e-01   6.0719701e-01   1.3822420e-01  -5.1034121e-03  -9.2020778e-04  -2.0324882e-03
   8.3324537e-02   6.5079403e-01   1.8628725e-01  -5.2828146e-03  -6.5329810e-04  -1.9961433e-03
   8.4955046e-02   6.4947051e-01   1.5335244e-01  -5.3727669e-03  -7.0739922e-04  -1.9656974e-03
   1.0356505e-01   6.0511000e-01   1.5101406e-01  -5.2049350e-03  -1.0440887e-03  -1.7390693e-03
   8.6772267e-02   6.5368769e-01   1.5338626e-01  -5.3126952e-03  -6.3229096e-04  -2.2117546e-03
   9.3661921e-02   6.2343908e-01   1.3473073e-01  -5.5685954e-03  -9.8068897e-04  -1.9529536e-03
   8.7503353e-02   6.3198403e-01   1.1568193e-01  -5.5282749e-03  -6.2310035e-04  -2.1307338e-03
   1.1228116e-01   6.2785849e-01   1.2840191e-01  -4.6122876e-03  -1.0148994e-03  -1.9141274e-03
   1.1315860e-01   6.7301973e-01   1.8494014e-01  -5.6002662e-03  -1.1128647e-03  -1.8468823e-03
   1.0206218e-01   6.2716155e-01   1.4479471e-01  -5.0223625e-03  -1.1497418e-03  -1.7454771e-03
   9.0186090e-02   6.5553627e-01   1.9041235e-01  -5.5261187e-03  -1.0387599e-03  -1.9320836e-03
   1.0319100e-01   6.3309936e-01   1.8132442e-01  -5.0596890e-03  -1.4802403e-03  -2.2083298e-03
   1.0015349e-01   6.1050411e-01   1.7758441e-01  -5.1442145e-03  -1.2264401e-03  -2.1739970e-03
   8.9223443e-02   6.7734299e-01   2.0518204e-01  -5.7877422e-03  -1.0473464e-03  -2.2178876e-03
   9.3906888e-02   5.8006653e-01   4.2627428e-02  -4.8131649e-03  -1.2968427e-03  -2.1643006e-03
   7.7989878e-02   6.8484379e-01   2.7406895e-02  -5.2388979e-03  -1.0537788e-03  -2.1997488e-03
   8.2589064e-02   6.4547384e-01   2.5051635e-02  -5.4320113e-03  -9.9337108e-04  -2.1563741e-03
   1.0514571e-01   6.5664762e-01   4.5122542e-02  -5.4500290e-03  -1.2584332e-03  -2.1207636e-03
   8.5007249e-02   6.6929568e-01   8.8290596e-02  -5.2823812e-03  -9.6905412e-04  -2.0622997e-03
   1.1664754e-01   6.3922426e-01   9.0319555e-02  -5.1620537e-03  -1.3847916e-03  -2.0207009e-03
   1.0578670e-01   6.5625617e-01   1.6471387e-01  -5.4798885e-03  -1.0243498e-03  -1.7315227e-03
   1.2343207e-01   5.5302061e-01   5.0676600e-02  -3.7833137e-03  -1.4271075e-03  -1.2690326e-03
   1.1163030e-01   6.4921422e-01   1.0150440e-01  -4.8557018e-03  -1.1495832e-03  -1.6113333e-03
   1.1276200e-01   6.5513815e-01   1.1666985e-01  -4.8055013e-03  -1.2354793e-03  -1.5648448e-03
   1.0028350e-01   6.6309115e-01   9.7270609e-02  -4.9067711e-03  -1.0800543e-03  -1.6487992e-03
   1.0850017e-01   6.6222315e-01   9.2625841e-02  -5.1605624e-03  -1.1817335e-03  -1.5217999e-03
   1.1406474e-01   5.8927051e-01   2.4483136e-02  -4.7461807e-03  -1.2610559e-03  -1.4038931e-03
   1.1030567e-01   5.9951382e-01  -6.5785851e-03  -4.6391674e-03  -1.1340629e-03  -1.3459467e-03
   1.0813839e-01   6.9147176e-01   8.6923885e-02  -5.2867213e-03  -8.4517294e-04  -1.4268029e-03
   1.2481124e-01   5.6501999e-01   1.0990553e-01  -4.7486024e-03  -1.0378263e-03  -1.4196522e-03
   1.0962488e-01   6.5929578e-01   1.5330586e-01  -5.0525022e-03  -9.0051419e-04  -1.3481613e-03
   1.2225863e-01   5.9987587e-01   9.9747167e-02  -4.4168091e-03  -1.2353897e-03  -1.3617870e-03
   1.2727521e-01   6.2293097e-01   1.1941639e-01  -4.3397297e-03  -1.4185305e-03  -1.2139688e-03
   1.1635574e-01   5.1882336e-01   3.4653852e-01  -4.7911697e-03  -1.1909175e-03  -1.5598718e-03
   1.3124346e-01   5.4681523e-01   2.0373372e-01  -3.9559632e-03  -1.5128887e-03  -1.4739632e-03
   1.1892597e-01   6.3946129e-01   6.2404206e-02  -4.2100862e-03  -1.3720972e-03  -1.7899900e-03
   1.3421344e-01   5.3771261e-01   9.7375726e-02  -4.3854822e-03  -1.5360112e-03  -1.6546934e-03
   1.0977283e-01   6.1025405e-01   1.3149117e-01  -4.5381891e-03  -1.1345342e-03  -1.6193941e-03
   1.3187369e-01   5.8559438e-01   9.1863154e-02  -4.6221829e-03  -1.4698401e-03  -1.6916224e-03
   1.1678207e-01   6.2295769e-01   1.2832339e-01  -4.8124264e-03  -1.1482855e-03  -1.6352180e-03
   1.2484706e-01   5.3190307e-01   6.8619794e-02  -4.3269013e-03  -1.4733854e-03  -1.5475207e-03
   1.1526222e-01   6.6823758e-01   1.1916025e-01  -4.7669836e-03  -1.3160418e-03  -1.6681098e-03
   1.2140225e-01   5.3621605e-01   1.5064577e-01  -3.6481597e-03  -1.5044451e-03  -1.9772463e-03
   1.3314454e-01   5.9766962e-01   1.1473780e-01  -4.2898943e-03  -1.7747977e-03  -1.8865970e-03
   1.3076920e-01   6.0161142e-01   1.1753404e-01  -4.2976644e-03  -1.7217099e-03  -1.8076720e-03
   1.5095784e-01   5.6328117e-01   7.7998212e-02  -4.5803429e-03  -2.0744559e-03  -1.8888658e-03
   1.3446151e-01   5.9639545e-01   1.1627887e-01  -4.3544087e-03  -1.6792949e-03  -1.7832634e-03
   1.3090079e-01   6.0554142e-01   8.6470927e-02  -4.3932091e-03  -1.6746080e-03  -1.6820704e-03
   1.1012444e-01   5.6106701e-01   1.6251700e-01  -4.3861050e-03  -1.2985384e-03  -1.8146473e-03
   1.1611615e-01   3.6216292e-01   1.3655905e-01  -2.2349059e-03  -1.6809762e-03  -1.9180808e-03
   8.1032517e-02   5.3436902e-01   2.0232844e-01  -3.0470000e-03  -1.2398936e-03  -2.0123871e-03
   9.9202996e-02   4.7083809e-01   1.6843461e-01  -2.9909750e-03  -1.4022802e-03  -1.9401718e-03
   9.9581241e-02   5.4668141e-01   1.6376188e-01  -3.1130346e-03  -1.5296517e-03  -2.0756173e-03
   9.2493353e-02   4.8558752e-01   1.8978566e-01  -2.8922420e-03  -1.4707989e-03  -2.3334851e-03
   9.5807807e-02   4.8194998e-01   1.5130191e-01  -2.5878573e-03  -1.6310086e-03  -2.2749412e-03
   8.2985981e-02   5.0174676e-01   1.0970346e-02  -3.3506285e-03  -1.5701392e-03  -2.3365150e-03
   7.0904159e-02   6.2089403e-01   7.0142485e-02  -4.6312048e-03  -1.2803495e-03  -2.1768476e-03
   4.9869835e-02   5.6468231e-01   9.4183419e-02  -4.5119033e-03  -7.0359647e-04  -2.1651070e-03
   5.1897420e-02   5.3041011e-01  -3.4820828e-02  -4.3607089e-03  -1.1493555e-03  -2.0858394e-03
   7.2500685e-02   5.1134719e-01   2.0469899e-01  -2.9413528e-03  -1.5385423e-03  -1.2144358e-03
   1.1866261e-01   1.1862239e-01   2.1979489e-01  -2.8057090e-04  -2.2468926e-03  -1.2235714e-03
   4.1256444e-02   3.7750038e-01   2.1472253e-01  -1.7824967e-03  -5.0996681e-04  -2.3149274e-03
   5.1758012e-02   6.5795879e-01   2.9321329e-01  -3.2728036e-03  -4.1553485e-04  -2.4523613e-03
   7.0056154e-02   4.7662762e-01   3.8098201e-01  -4.3988921e-03  -8.0467197e-05  -2.1758256e-03
   9.5964515e-02   4.3623498e-01   2.9851905e-01  -4.1465524e-03  -3.8697282e-04  -1.7948229e-03
   8.7080557e-02   5.0789003e-01   3.4896107e-01  -4.4917458e-03  -2.2804331e-04  -1.4950968e-03
   8.6585155e-02   4.2614182e-01   3.4744616e-01  -4.1298716e-03  -3.2048019e-04  -7.5178843e-04
   7.0859883e-02   4.4735082e-01   3.4224997e-01  -6.1099657e-03   2.6222304e-04  -1.1542001e-03
   7.0248279e-02   6.0857445e-01   2.7535727e-01  -7.2182251e-03   1.0892718e-04  -1.1601233e-03
   5.8133799e-02   5.5007208e-01   2.3194891e-01  -6.9593062e-03   4.1904779e-05  -1.4373686e-03
   6.1141481e-02   5.3362003e-01   1.7659349e-01  -6.0893658e-03  -3.0543151e-04  -1.6696108e-03
   5.4146995e-02   5.1851865e-01   1.0535034e-01  -5.3004073e-03  -1.0313746e-04  -1.6743289e-03
   4.8567235e-02   4.7832036e-01   9.9263552e-02  -4.9162885e-03  -1.6538093e-04  -2.0318390e-03
   6.6016932e-02   5.0994632e-01   7.0714440e-02  -5.7520215e-03  -7.4742659e-04  -2.0794558e-03
   8.4247975e-02   5.6736217e-01   9.8489280e-02  -5.3253835e-03  -1.1886112e-03  -2.0168327e-03
   9.1381636e-02   4.2277990e-01   1.4694600e-02  -5.2135317e-03  -1.0390484e-03  -1.9566567e-03
   7.6152910e-02   7.0112056e-01   9.5585158e-02  -6.4130671e-03  -8.4066159e-04  -1.9232451e-03
   8.1381336e-02   5.1761850e-01  -3.2333653e-02  -5.9157255e-03  -9.3343718e-04  -2.0885817e-03
   5.9953949e-02   7.1958798e-01   8.8657690e-02  -5.9060373e-03  -5.7717598e-04  -2.0797899e-03
   6.2577667e-02   5.4050487e-01   2.4005374e-02  -5.5462742e-03  -6.4779379e-04  -2.2451593e-03
   4.6927870e-02   6.5615729e-01   4.4288651e-02  -6.3162678e-03  -3.4260134e-04  -2.1195565e-03
   6.5818684e-02   5.7230289e-01   6.3614788e-02  -6.3081576e-03  -8.4095715e-04  -2.2583883e-03
   4.5750000e-02   5.7672170e-01   3.8050665e-01  -8.3036126e-03  -3.2817226e-04  -2.3941889e-03
   4.8048435e-02   5.4374621e-01   2.8514958e-01  -5.9832417e-03  -3.3606072e-04  -2.5166994e-03
   6.6435388e-02   5.7802436e-01   1.6876230e-01  -5.9182082e-03  -4.1035384e-04  -2.1142864e-03
   9.0486360e-02   5.4370641e-01   9.9349939e-02  -6.6126287e-03  -8.0867142e-04  -1.9720862e-03
   7.6721307e-02   6.8449981e-01   4.3763189e-02  -7.0594906e-03  -7.3879796e-04  -2.0734621e-03
   9.2413761e-02   5.8733241e-01   7.7950736e-02  -7.1717511e-03  -1.0419646e-03  -2.1647438e-03
   7.0152883e-02   6.6267063e-01   1.0755277e-01  -7.3530012e-03  -7.3990267e-04  -2.2649979e-03
   7.3346293e-02   6.4181587e-01   9.3760717e-02  -7.7158236e-03  -7.7701934e-04  -2.2855332e-03
   8.0853427e-02   6.9615286e-01   9.5354891e-02  -8.0223607e-03  -8.0070877e-04  -2.3684367e-03
   9.3246982e-02   6.2231245e-01   4.9730829e-02  -7.6087614e-03  -8.3183137e-04  -2.2077938e-03
   1.0768400e-01   6.5173220e-01   4.4055487e-02  -7.8666582e-03  -9.9591332e-04  -2.0764421e-03
   1.1304200e-01   6.6014356e-01   3.7493434e-02  -7.5222118e-03  -1.1808060e-03  -1.9302286e-03
   1.0459003e-01   6.0939400e-01   2.2661779e-02  -7.0397515e-03  -1.1511372e-03  -2.1369312e-03
   8.6234079e-02   6.7294444e-01  -4.1937330e-02  -7.3624138e-03  -9.3730631e-04  -2.1125800e-03
   1.1406413e-01   5.3765251e-01  -1.1513915e-01  -6.1756492e-03  -1.3049378e-03  -2.0741912e-03
   4.0296387e-02   1.6198891e-01  -3.5283437e-02  -3.3288652e-03   5.7097498e-04  -1.9360404e-03
  -3.8858877e-02   4.6911814e-01  -1.1094517e-01  -5.9650391e-03   6.4822949e-04  -1.9112146e-03
   4.6426359e-02   5.5117750e-01  -5.2053952e-02  -6.8504549e-03  -1.0163080e-03  -1.5388845e-03
   4.4605791e-02   5.1311239e-01   2.3248467e-01  -8.8668999e-03  -1.1981470e-03  -2.4307574e-03
   6.8804307e-02   4.0294071e-01   4.5976033e-01  -8.1752186e-03  -1.6040994e-03  -2.4994430e-03
   4.0202108e-02   2.9284145e-01   1.1264607e+00  -6.1493130e-03  -1.3357107e-03  -3.4602347e-03
   1.7779868e-02   2.5877417e-01   5.6882828e-01  -3.3622701e-03  -1.1881426e-03  -4.0449163e-03
   4.2314055e-02   6.6058241e-01   8.7231356e-01  -8.5418780e-03  -9.4997413e-04  -3.7728822e-03
   6.3258458e-02   6.7129313e-01   9.8427255e-01  -1.0477425e-02  -1.4900024e-03  -3.2053669e-03
   7.3273453e-02   5.4640508e-01   9.4592756e-01  -1.0252972e-02  -1.7381415e-03  -3.0333363e-03
   7.6162425e-02   5.8614171e-01   9.1916046e-01  -1.1238524e-02  -1.7373839e-03  -3.0434785e-03
   6.4049598e-02   6.6771855e-01   9.2449507e-01  -1.2257099e-02  -1.3840946e-03  -2.9636544e-03
   3.8892499e-02   7.5083587e-01   8.9508473e-01  -1.3898121e-02  -7.1520131e-04  -2.7459793e-03
   3.5847803e-02   7.2496340e-01   8.5564664e-01  -1.3958994e-02  -7.2159517e-04  -2.6761631e-03
   2.2858750e-02   7.6724376e-01   8.1156025e-01  -1.4269533e-02  -6.0683332e-04  -2.9029111e-03
   4.3032279e-02   6.6820476e-01   6.4355577e-01  -1.2541846e-02  -1.5225036e-03  -3.3061158e-03
  -8.4131762e-02   3.1913175e-01  -1.7336454e-01  -9.3454854e-04  -8.6972555e-04  -3.4873510e-03
  -3.3568969e-02   5.0928072e-01   2.2953438e-01  -9.9555149e-03  -1.0825122e-03  -3.6383712e-03
  -6.1069411e-03   6.6889209e-01   3.2848405e-01  -1.2499881e-02  -1.3708245e-03  -3.5398000e-03
   1.5132417e-02   7.0172468e-01   2.8060631e-01  -1.2730847e-02  -1.6899268e-03  -3.5086740e-03
  -7.8319770e-03   8.6869896e-01   3.5078663e-01  -1.4019767e-02  -1.2084116e-03  -3.4509715e-03
   3.1995420e-02   7.4993159e-01   2.9241175e-01  -1.3057780e-02  -1.8118360e-03  -3.4785035e-03
   9.3770893e-03   8.7759491e-01   3.4402288e-01  -1.4143210e-02  -1.3245001e-03  -3.3477736e-03
   9.5022905e-03   7.8488213e-01   3.2629863e-01  -1.2873544e-02  -1.5161426e-03  -3.3213612e-03
   6.7506984e-03   8.0161161e-01   2.3145017e-01  -1.3709641e-02  -1.4588997e-03  -3.2131504e-03
   1.7112499e-03   8.6766365e-01   2.4394501e-01  -1.4213127e-02  -1.4748009e-03  -3.3081098e-03
   5.0863448e-03   6.9918286e-01   3.2181872e-01  -1.3670250e-02  -1.4933895e-03  -3.7330260e-03
  -2.4945717e-02   8.6629815e-01   4.3708592e-01  -1.4336451e-02  -1.0013345e-03  -3.8776113e-03
   1.4642048e-02   7.6192653e-01   3.4879099e-01  -1.4018356e-02  -1.7958237e-03  -4.0425370e-03
   7.5382572e-03   8.6258872e-01   4.1320959e-01  -1.4683435e-02  -1.5994406e-03  -3.9422946e-03
   3.7212400e-02   8.3383877e-01   4.0247805e-01  -1.4993379e-02  -2.0289821e-03  -3.8540978e-03
   2.3354645e-02   8.6572023e-01   4.0318768e-01  -1.5543950e-02  -1.6248392e-03  -3.7548251e-03
   2.2373547e-02   7.6687262e-01   3.9371583e-01  -1.4851183e-02  -1.4210623e-03  -3.7922363e-03
   1.9170390e-02   8.9108006e-01   4.1064459e-01  -1.4808885e-02  -1.6345840e-03  -4.3517727e-03
   2.2582405e-02   7.6630698e-01   4.2229114e-01  -1.4534416e-02  -1.5049433e-03  -4.0093772e-03
   2.1730736e-02   8.0581139e-01   3.9408260e-01  -1.4538708e-02  -1.5869419e-03  -3.9557063e-03
   9.7693171e-03   8.8890272e-01   4.2711297e-01  -1.5550750e-02  -1.4173809e-03  -3.7540821e-03
   2.3003307e-02   7.7735524e-01   3.9627574e-01  -1.4933161e-02  -1.7541383e-03  -3.5866333e-03
   1.8008049e-02   8.5356777e-01   3.6094673e-01  -1.4835062e-02  -1.5796294e-03  -4.0721392e-03
  -3.3488581e-02   8.8726962e-01   3.4491110e-01  -1.7570514e-02  -1.3184615e-03  -4.5242433e-03
  -3.0128175e-02   8.7399033e-01   3.2957676e-01  -1.6590361e-02  -4.6153398e-04  -4.6432270e-03
  -4.6268395e-02   9.3100030e-01   3.3868207e-01  -1.6576334e-02  -1.9479475e-04  -4.9308175e-03
  -5.6821501e-02   8.2472233e-01   3.4331271e-01  -1.5538566e-02   1.0002184e-04  -4.7306322e-03
  -5.0827320e-02   8.8837209e-01   3.9140228e-01  -1.6863155e-02   3.3909864e-04  -4.7819785e-03
  -4.3588844e-02   8.3929719e-01   4.3647958e-01  -1.6481072e-02   2.6827000e-04  -4.6208479e-03
  -4.9403244e-02   8.4048278e-01   4.0668129e-01  -1.6032951e-02   4.3340900e-04  -4.8000715e-03
  -5.6555102e-02   8.3001938e-01   4.6415743e-01  -1.5618552e-02   4.4362958e-04  -4.5353078e-03
  -7.1726945e-02   7.8681216e-01   4.4947409e-01  -1.5006602e-02   8.8083585e-04  -4.7676995e-03
  -1.0183119e-01   7.7455989e-01   4.5325702e-01  -1.4785090e-02   1.2954122e-03  -4.6586489e-03
  -7.2332928e-02   7.6596961e-01   5.1515491e-01  -1.5427808e-02   1.0955365e-03  -4.6631788e-03
  -5.9051387e-02   7.8554163e-01   4.2149910e-01  -1.4986260e-02   9.9897549e-04  -4.8250135e-03
  -2.7205206e-02   6.2693302e-01   5.3106181e-01  -1.1377018e-02   5.7628512e-04  -4.6388763e-03
  -5.3820415e-02   6.3807417e-01   4.9258926e-01  -1.3192332e-02   8.7669647e-04  -4.4038107e-03
  -1.3574754e-01   6.8944801e-01   1.8335661e-01  -1.1176918e-02   1.9260610e-03  -4.6657692e-03
  -1.3111579e-01   8.8351214e-01   9.4627439e-01  -1.5060749e-02   2.2198245e-03  -5.6480497e-03
  -8.2993832e-02   7.3651600e-01   8.5645026e-01  -1.5642747e-02   9.2269142e-04  -5.8119118e-03
  -9.3895213e-02   8.5595410e-01   1.0637651e+00  -1.4657592e-02   1.3317490e-03  -5.6762800e-03
  -1.1731250e-01   7.2931398e-01   1.1773175e+00  -1.5465237e-02   1.9561377e-03  -5.4156456e-03
  -1.1490379e-01   7.9824013e-01   1.1750983e+00  -1.6194482e-02   2.0612883e-03  -5.1668088e-03
  -1.1229579e-01   7.4617422e-01   9.0682030e-01  -1.6515330e-02   1.6712788e-03  -4.3148542e-03
  -9.5412182e-02   8.3857246e-01   9.3536727e-01  -1.7250684e-02   1.3975117e-03  -4.1355790e-03
  -8.5304237e-02   9.0614777e-01   9.6669898e-01  -1.7943992e-02   1.2970257e-03  -3.9893079e-03
