   0.0000000e+00   0.0000000e+00   0.0000000e+00   0.0000000e+00   0.0000000e+00   0.0000000e+00
  -1.0745403e-02   1.4310096e-02  -7.4027604e-02   9.9603829e-04  -5.3273849e-05   1.5314733e-04
  -2.9742843e-03  -2.9217420e-03  -6.5976911e-02   5.2057724e-04   8.2202352e-05   3.0656127e-04
  -1.2165465e-02   1.8483109e-03  -4.6858758e-02   1.3577241e-04   1.3060053e-04   1.7005855e-04
  -2.1450708e-02   1.3290401e-02  -5.2134115e-02   1.5786089e-04   1.6447838e-04  -5.0980114e-05
  -3.1620440e-02   1.6100882e-02  -7.5527106e-02   8.8084395e-04   1.3563835e-04  -1.3484902e-04
  -2.2495457e-02   7.8461882e-02  -4.5886790e-02   6.0754160e-04   1.9650460e-04  -1.3228006e-06
  -1.6514229e-02   4.2443846e-02  -2.8084282e-02   3.7407622e-04   2.1184638e-04   5.4210542e-05
  -1.4287234e-02  -8.7580458e-02  -4.7627822e-02  -1.2286397e-04   2.0418391e-04   4.0195829e-05
  -2.1850540e-02   2.5965711e-02  -5.3702911e-02   5.4481349e-05   2.0944367e-04   8.6059451e-05
  -2.2172056e-02   1.0661279e-01  -4.3381110e-02   5.7577745e-04   1.0711206e-04   3.6338039e-05
  -1.0759259e-02   2.9327345e-02  -3.1151127e-02  -5.6862169e-06   6.5310540e-05   1.3251939e-04
  -2.2623790e-02   1.6936951e-02   1.9879924e-03  -6.6258350e-04   6.1270050e-05  -9.2115242e-05
  -3.8519195e-02   1.7489037e-02  -5.3052625e-02  -1.7842408e-04   1.2092967e-04  -2.3438515e-04
  -2.5298179e-02   1.4739872e-02  -5.9212885e-02   7.8746987e-05  -1.8402503e-05  -7.1021664e-06
  -1.2933829e-02   4.0040447e-02  -2.1362073e-02  -1.7562114e-05   1.8119345e-05   3.2299121e-05
  -2.4097273e-02  -2.9153998e-02  -4.2191325e-02  -7.9580835e-04   1.7170754e-04  -2.3754286e-04
  -2.0913569e-02  -2.5787741e-02  -3.4809360e-02  -4.7852732e-04   1.8565883e-04  -2.4831875e-04
  -2.4139114e-02   7.4896977e-02  -3.3506553e-02  -4.6104633e-06   1.6729104e-04  -2.8422040e-04
  -2.0140908e-02   5.8662879e-03  -5.2644024e-02  -2.3699521e-04  -1.2090937e-04  -9.3732766e-05
  -2.1451781e-02   2.5691158e-02  -1.0887869e-02  -1.9539599e-04   5.0455689e-05  -1.4012408e-04
  -4.3386359e-02   2.4866555e-02  -4.8065864e-02  -2.0980489e-05   2.3673159e-04  -6.1838493e-04
  -3.5985410e-02   4.2006904e-02   4.7216060e-03  -5.3549369e-04   1.9314759e-04  -4.6730206e-04
  -3.8070285e-02  -2.7558573e-02  -4.0501643e-02  -6.0543761e-04   2.6414953e-04  -6.0243606e-04
  -2.9024252e-02   5.0285858e-02  -5.7297354e-02   1.5491101e-04   2.6895387e-05  -4.8286196e-04
  -5.8661994e-03  -2.9722493e-02   3.9539754e-02  -8.0863943e-04   1.8329055e-05  -9.2255480e-05
  -3.2281507e-02   6.8128995e-03  -4.2435677e-02  -8.9337875e-04   3.1852273e-05  -5.0545558e-04
  -3.2067126e-02   9.3732521e-02  -5.1857783e-02  -2.5670596e-04   2.4676412e-05  -4.7377956e-04
  -3.4051710e-02   4.9016611e-02  -5.5344004e-02  -5.7864220e-04   9.8398067e-05  -5.3057829e-04
  -3.3273889e-02  -2.4846691e-03  -8.0043502e-02  -7.2427221e-04   2.6177877e-04  -6.7290564e-04
  -3.5544697e-02   1.1039977e-02  -4.6342433e-02  -5.4751454e-04   3.0219269e-05  -4.8791151e-04
  -4.1285667e-02  -5.9380182e-02  -4.0640890e-02  -7.9579765e-04   1.5489951e-04  -6.4342917e-04
  -4.0343670e-02   1.0638955e-01  -3.6943478e-02  -2.7550455e-04   9.9279928e-05  -6.5103347e-04
  -1.0615660e-02   2.9688957e-02  -4.1787121e-02  -5.3360455e-04   5.6548365e-05  -1.8544005e-04
  -1.5253434e-02   2.2664360e-03  -1.4442060e-02  -1.0492924e-03  -7.5062435e-05  -1.8093934e-04
  -3.2750015e-02  -2.5149376e-02  -6.9931133e-02  -7.2275162e-04   1.4613568e-04  -6.0726573e-04
  -4.1017934e-02   3.1385082e-02  -6.8061377e-02  -5.9084105e-04   1.3691827e-04  -6.1948906e-04
  -3.8567616e-02   1.3298025e-01  -4.1180845e-02  -3.5915940e-04   1.1498722e-04  -6.7558493e-04
  -3.0919632e-02   9.7175662e-02  -3.6140069e-02  -7.7660749e-04   3.9019428e-05  -5.5903353e-04
  -3.0483650e-02  -9.6654478e-02  -5.8723891e-02  -1.2054605e-03  -1.0792075e-04  -3.3222627e-04
  -4.1362199e-02  -5.1349926e-02  -8.5232347e-02  -7.2826452e-04   8.9827207e-05  -6.3140889e-04
  -3.7969767e-02   8.5524269e-02  -5.9182513e-02  -3.2410118e-04   8.6059528e-05  -4.2900243e-04
  -2.6258101e-02   9.8211178e-02  -2.0715224e-02  -6.8587420e-04  -8.8292889e-06  -3.3047855e-04
  -3.4792222e-02   2.0546941e-02  -2.4795534e-02  -1.2510793e-03   2.6715789e-05  -5.5023986e-04
  -2.7759266e-02   9.7194957e-02  -3.2161105e-02  -6.4777535e-04   4.0343717e-05  -4.7251703e-04
  -2.9531869e-02   8.1630683e-02  -4.4775122e-02  -7.6539098e-04  -5.3537756e-05  -5.0115841e-04
  -2.1294439e-02   5.3126599e-02  -7.0737289e-02  -6.7342030e-04  -1.4765580e-04  -3.7481124e-04
  -1.8728330e-02   2.3081277e-02  -3.4506574e-02  -7.2366449e-04   6.4865547e-06  -2.9583204e-04
  -1.7537903e-02  -5.0489075e-02  -6.3927883e-02  -1.0273848e-03  -3.7156457e-05  -3.4952866e-04
  -2.9111117e-02   8.1478877e-04  -1.0982540e-01  -3.1408001e-04  -1.2583503e-04  -4.5953886e-04
  -3.4475648e-02   1.6339474e-01  -3.9661397e-02  -3.5992501e-04   1.7897254e-05  -6.1509350e-04
  -3.7226629e-02   1.1155838e-01  -5.2678860e-02  -4.1850386e-04   1.3137654e-04  -6.8403421e-04
  -2.3315716e-02   1.9155103e-02  -5.2577187e-02  -1.0214635e-03  -9.5426416e-05  -4.0097875e-04
  -2.3543674e-02  -3.5960259e-02  -4.8916065e-02  -9.5039744e-04  -5.7616627e-05  -5.4211976e-04
  -3.8041073e-02   4.6588552e-02  -1.2279110e-01   1.1307217e-04   3.4563868e-05  -6.9416192e-04
  -1.7834058e-02   3.1052654e-02  -1.8209084e-02  -1.1401685e-03  -1.5522155e-04  -3.0617493e-04
  -2.8403394e-02   1.3167714e-02  -4.4402578e-02  -1.2010889e-03  -3.4539942e-05  -5.7666657e-04
  -2.8265505e-02   6.7023040e-03  -1.2561979e-01  -2.5545748e-04  -2.3340574e-04  -4.9658488e-04
  -9.4560467e-03   9.9130059e-02  -4.1537653e-02  -8.8014170e-04  -1.1386234e-04  -2.6895814e-04
  -2.7781231e-02   1.7314162e-02  -8.7638252e-02  -1.0031084e-03  -7.7609405e-05  -5.5302935e-04
  -3.0237886e-02   9.3745958e-03  -6.7263135e-02  -1.2862947e-03  -8.7739380e-05  -7.1656495e-04
  -2.9516052e-02   4.4260269e-02  -8.3839330e-02  -7.3063181e-04   4.8505211e-06  -5.4265579e-04
  -2.4565873e-02   9.5697378e-02  -9.1089964e-02  -2.0634045e-04  -1.5851743e-04  -4.5012188e-04
  -2.0645120e-02   2.7311895e-02  -3.5057940e-02  -1.3473093e-03  -2.0407993e-04  -4.4748310e-04
  -2.3943926e-02   2.5146923e-02  -8.7386128e-02  -7.3142490e-04  -2.4157790e-05  -5.1887055e-04
  -2.3536872e-02   3.6593141e-02  -1.2789176e-01  -1.5970653e-04  -1.8338087e-04  -4.4305136e-04
  -1.2691542e-02   8.4734808e-02  -6.6327763e-02  -7.8427409e-04  -2.8070344e-04  -1.8593613e-04
  -1.6326886e-02   4.6521493e-02  -4.3754276e-02  -1.0828003e-03  -1.5181846e-05  -4.8200444e-04
  -2.9009216e-02  -4.2421261e-02  -1.1054406e-01  -6.4255311e-04  -1.1577496e-04  -5.7887723e-04
  -2.8771828e-02   9.9869266e-02  -1.0204402e-01   2.4151478e-05  -2.0019642e-04  -4.2110232e-04
  -1.6775092e-02   1.5290401e-01  -2.9832274e-02  -6.1476702e-04  -2.4170145e-04  -3.6519819e-04
  -2.9497127e-02  -5.2255782e-02  -8.6563101e-02  -9.6664212e-04  -2.8520044e-05  -5.9568360e-04
  -2.7158148e-02   2.1305179e-02  -8.5872729e-02  -5.0556039e-04  -5.8573879e-05  -5.4737087e-04
  -2.2866974e-02   1.0355919e-01  -9.8654263e-02   1.5563453e-04  -7.4155102e-05  -5.3559013e-04
  -6.6605157e-03   6.2146873e-02  -3.6649506e-02  -1.0269268e-03  -2.0958544e-04  -2.8341590e-04
  -1.6909360e-02  -3.9870294e-02  -1.2167347e-01  -5.7987860e-04  -7.9208730e-05  -4.5372277e-04
  -2.6547898e-02   5.2694736e-02  -8.7898943e-02  -3.9462092e-04  -3.6166005e-05  -7.1028016e-04
  -2.2104056e-02   1.6007086e-01  -6.8796658e-02  -1.0848534e-04  -1.6439981e-04  -5.1544788e-04
  -2.8127573e-02   4.5710683e-02  -1.8912843e-02  -1.2881411e-03  -1.0217692e-04  -6.7380061e-04
  -3.5849221e-02  -4.4771449e-03  -1.2238457e-01  -4.3200306e-04  -1.5373203e-04  -6.9019640e-04
  -1.9177497e-02   1.0553381e-01  -5.7839667e-02  -3.9938121e-04  -3.0045279e-04  -3.8541727e-04
  -3.4292461e-02   5.2598019e-02  -6.1048037e-02  -7.9797769e-04  -8.1468843e-05  -6.9749873e-04
  -3.6698269e-02   6.1828311e-02  -5.6006051e-02  -1.0110115e-03  -9.6075196e-06  -7.8492517e-04
  -3.0094101e-02   2.9520094e-02  -7.0342895e-02  -1.0290794e-03  -2.2263925e-05  -7.3108455e-04
  -2.6144526e-02   1.1997911e-01  -7.2473207e-02  -7.3103729e-04   7.3227460e-05  -7.7216541e-04
  -2.0196044e-02   6.5250750e-02  -1.1429289e-01  -3.4691660e-04  -1.6511126e-04  -5.3190673e-04
  -5.8775944e-03   9.6033292e-02  -5.5297506e-02  -6.7092099e-04  -1.2729349e-04  -4.5058912e-04
  -2.0895506e-02   1.4227211e-02  -8.5282913e-02  -1.2429984e-03  -1.5749558e-04  -5.2973706e-04
  -2.0554762e-02  -1.7385420e-02  -8.1129152e-02  -1.1017175e-03  -6.8462176e-05  -5.7183220e-04
  -2.6057494e-02   6.6615176e-02  -1.3449178e-01  -4.3126242e-04  -1.9329289e-04  -5.0677160e-04
  -9.7314137e-03   6.4422381e-02  -7.8839649e-02  -8.3093545e-04  -2.0321715e-04  -2.8332233e-04
  -1.6195048e-02   2.2416844e-02  -9.2531081e-02  -7.7481847e-04  -1.2649618e-04  -4.1097660e-04
  -2.9863461e-02   1.5545767e-02  -1.0563622e-01  -9.0576505e-04  -9.2542003e-05  -7.4896882e-04
  -2.7804535e-02   3.6575951e-02  -9.2440478e-02  -8.8206869e-04   3.4039238e-05  -6.0241360e-04
  -3.4760221e-02   6.4199225e-02  -1.1824190e-01  -1.2826063e-04  -2.0445187e-04  -5.5934829e-04
  -2.8190857e-02   7.8906683e-02  -7.7433421e-02  -1.0550701e-03  -6.4493713e-05  -5.7532175e-04
  -1.5052222e-02   7.9979498e-03  -5.4398685e-02  -1.1911820e-03  -2.0953460e-04  -2.8187407e-04
  -3.1119630e-02  -2.6901745e-02  -1.1578057e-01  -1.5556673e-03  -5.0971901e-05  -5.3339370e-04
  -2.4726980e-02   8.3299896e-02  -1.1664242e-01  -8.4014991e-04  -1.3673915e-04  -5.1634192e-04
  -2.0851041e-02   1.2456331e-01  -6.3216629e-02  -1.2055791e-03  -1.6524685e-04  -4.9615311e-04
  -2.9670507e-02   5.9838926e-02  -4.8120347e-02  -1.5135481e-03  -1.3118518e-04  -6.5959397e-04
  -3.6955811e-02   3.6910211e-03  -1.1109059e-01  -7.8596595e-04  -7.3473864e-05  -6.6608276e-04
  -3.0651413e-02   1.4131074e-01  -9.8249835e-02  -3.9595835e-04  -1.4629221e-04  -5.3613959e-04
  -1.6158454e-02   8.8822096e-02  -8.3195674e-02  -8.9436240e-04  -1.3673960e-04  -3.6674094e-04
  -2.0077248e-02  -4.1004036e-02  -1.1920467e-01  -8.3361666e-04  -1.2903872e-04  -4.0400178e-04
  -3.0023349e-02  -2.4417156e-03  -1.3028437e-01  -7.2916556e-04   8.2815000e-07  -6.2658167e-04
  -2.8406907e-02   5.8685325e-02  -9.6957996e-02  -7.4028822e-04  -4.0929360e-05  -5.4738226e-04
  -3.3796210e-02   9.9824265e-02  -1.0927366e-01  -2.1663463e-04  -2.2419084e-04  -5.8093838e-04
  -2.0294747e-02   6.1398278e-02  -5.4329881e-02  -1.0772782e-03  -5.2295788e-05  -5.7286463e-04
  -2.2492344e-02  -3.5663463e-02  -1.1513816e-01  -1.1783932e-03  -5.4472137e-05  -5.6866515e-04
  -2.7333714e-02   3.5163679e-02  -1.4142235e-01  -9.0997293e-04  -6.8768982e-05  -5.2233571e-04
  -6.7555207e-03   1.4425242e-01  -8.3707243e-02  -6.2320607e-04  -2.0829310e-04  -2.8899955e-04
  -3.8107599e-03   2.7565194e-02   1.9399457e-02  -1.4070317e-03  -1.1053895e-04  -2.7403304e-04
  -1.6813124e-02   1.7108095e-02  -1.1312987e-01  -1.3132213e-03  -2.2632638e-04  -4.5083264e-04
  -1.9524158e-02   6.8986699e-02  -1.4335509e-01  -2.3386366e-04  -2.4638228e-04  -3.4024538e-04
  -1.4844714e-02   1.6275858e-01  -9.2478528e-02  -4.1416819e-04  -2.1810776e-04  -4.1839487e-04
  -1.3433860e-02   3.5516206e-02  -9.3541331e-02  -9.2648689e-04  -1.6452209e-04  -2.7300781e-04
  -1.6649575e-02   2.6175663e-02  -8.9048541e-02  -6.5589906e-04  -1.1647429e-04  -4.8924803e-04
  -2.1520751e-02   4.0209021e-02  -1.0491205e-01  -6.1736289e-04   1.5581995e-05  -5.8741322e-04
  -1.8153337e-02   9.3935863e-02  -1.1194213e-01  -3.1325484e-04  -1.8962734e-04  -3.7197318e-04
  -3.6846703e-03   1.0062833e-01  -8.9042518e-02  -6.2816676e-04  -1.8384547e-04  -2.6369398e-04
  -4.9137282e-03  -3.5888578e-02  -1.1324960e-01  -1.1271278e-03  -3.1011101e-04  -1.4282702e-04
  -1.7148379e-02  -1.4237242e-02  -1.3394689e-01  -8.8388865e-04  -2.3384594e-04  -3.5594039e-04
  -2.2478401e-02   6.7141098e-02  -1.6150656e-01  -2.2454659e-04  -3.7573696e-04  -4.2046792e-04
  -1.1248082e-02   1.5983209e-01  -9.4796117e-02  -5.6512741e-04  -1.9000772e-04  -3.0315424e-04
  -7.0455131e-03   5.8624442e-02  -9.8080090e-02  -7.7920155e-04  -3.1086165e-04  -2.6740587e-04
  -1.9215188e-02  -6.8807679e-03  -1.0946340e-01  -9.4911323e-04  -1.1508107e-04  -3.6086820e-04
  -2.3198425e-02   9.9407740e-02  -1.2235005e-01  -5.5395672e-04  -1.7862254e-04  -3.8218195e-04
  -6.4164600e-03   1.6242516e-01  -8.5299346e-02  -6.3326015e-04  -3.3753029e-04  -2.0272085e-04
  -4.1341987e-04   6.1629089e-02  -8.0529447e-02  -1.1257842e-03  -3.0106251e-04  -2.0111789e-04
  -1.9730519e-02  -1.7996122e-02  -1.3359697e-01  -1.0833004e-03  -1.2779655e-04  -5.5134759e-04
  -2.1148921e-02   1.2511443e-01  -1.0670479e-01  -3.9747763e-04  -1.7775751e-04  -4.1967152e-04
  -2.0343540e-02   1.3479045e-01  -1.1652359e-01  -3.4981230e-04  -1.1271385e-04  -5.2384099e-04
  -7.2070225e-03   9.4023139e-02  -9.9844284e-02  -6.6994030e-04  -2.6135789e-04  -2.6701217e-04
  -1.5986038e-02   9.5486347e-03  -1.3195945e-01  -6.8655248e-04  -2.4521036e-04  -3.7711019e-04
  -1.9996885e-02   1.6006255e-02  -1.1540281e-01  -5.7326870e-04  -1.1599858e-04  -5.0952436e-04
  -2.4555027e-02   2.1680254e-02  -1.6443312e-01   7.1178576e-05  -2.6046777e-04  -4.7859372e-04
  -9.8770186e-03   1.6924448e-01  -8.9553418e-02  -2.0181232e-04  -3.4526579e-04  -3.1133843e-04
  -8.6129687e-03   5.1280840e-02  -1.0754312e-01  -3.8510787e-04  -2.3980477e-04  -2.1594430e-04
  -1.9639736e-02  -2.1994364e-02  -1.2514554e-01  -8.1120388e-04  -1.7052238e-04  -5.8205706e-04
  -1.2138772e-02  -2.6613169e-01  -1.5124553e-01  -1.7949895e-04  -2.1248516e-03  -8.1362735e-05
  -5.9805766e-02   2.2995314e-01  -1.4527766e-01   3.1069465e-04  -7.9189634e-04  -1.2170597e-03
  -3.9260149e-02   1.9168128e-01  -1.2332877e-01  -2.5966601e-04  -5.1371695e-04  -1.0461050e-03
  -5.9557978e-02   8.7428835e-02  -1.5048257e-01  -3.0487818e-05  -3.9558006e-04  -1.2646934e-03
  -5.3961091e-02   3.9723670e-02  -1.9263800e-01   4.6630025e-04  -6.5730177e-04  -1.0229117e-03
  -4.6253294e-02   9.1646694e-02  -1.0826204e-01  -8.2433380e-04  -5.3740987e-04  -1.1420712e-03
  -5.4180918e-02   6.3108516e-02  -1.1955452e-01  -1.0501646e-04  -4.3506891e-04  -1.2482977e-03
  -5.7753474e-02   8.8099682e-02  -1.0712026e-01  -2.9277967e-05  -3.8939725e-04  -1.3117609e-03
  -3.4623824e-02   1.7961180e-02  -1.4166025e-01  -1.4182082e-04  -6.0355990e-04  -7.5401063e-04
  -4.7198470e-02   1.0064927e-01  -8.7134779e-02  -9.7256725e-04  -5.1830432e-04  -1.0894602e-03
  -5.0525538e-02   6.0535343e-02  -1.0371639e-01  -1.0594954e-03  -4.3235670e-04  -1.2106935e-03
  -5.0053770e-02   4.7703974e-02  -1.6940905e-01  -2.6121990e-04  -4.7074310e-04  -1.1628626e-03
  -3.8318762e-02   8.8091255e-02  -8.1248563e-02  -1.4676305e-03  -4.3914703e-04  -1.1632354e-03
  -3.8944897e-02   6.2844399e-02  -1.3212867e-01  -6.9633447e-04  -3.9712451e-04  -1.0417880e-03
  -4.0014844e-02   1.2991188e-01  -1.1323277e-01  -7.8380776e-04  -6.3057526e-04  -9.6096539e-04
  -3.5813657e-02   1.0337318e-01  -8.9965947e-02  -1.1420772e-03  -4.3560389e-04  -1.0478917e-03
  -3.3087863e-02  -3.9490922e-02  -1.1037017e-01  -1.3770090e-03  -4.4900059e-04  -8.9365547e-04
  -4.0608009e-02   6.0942208e-02  -1.2164234e-01  -1.0494699e-03  -3.5108465e-04  -1.1372328e-03
  -4.4634561e-02   1.3676574e-01  -1.3864273e-01  -2.9644014e-04  -4.9666152e-04  -1.0124381e-03
  -4.6177479e-02   1.6104600e-01  -7.1269285e-02  -1.0351043e-03  -3.2596201e-04  -1.2184389e-03
  -4.7242893e-02   2.4362725e-02  -1.5206210e-01  -5.7961553e-04  -5.3466849e-04  -1.1250525e-03
  -4.4976523e-02   9.7651301e-02  -1.0237301e-01  -6.7506698e-04  -4.1316979e-04  -1.0744442e-03
  -5.3272154e-02   3.5873565e-02  -1.2399991e-01  -7.6251328e-04  -4.1414392e-04  -1.1655017e-03
  -5.2661370e-02  -4.5254734e-02  -1.2330111e-01  -1.2043627e-03  -6.3447224e-04  -1.2337590e-03
  -5.6311019e-02   3.6327326e-02  -1.2887534e-01  -5.5322302e-04  -5.6809423e-04  -1.1867316e-03
  -5.3034375e-02   1.8537951e-01  -9.5310415e-02  -2.5546560e-04  -4.7564149e-04  -1.1792231e-03
  -5.1541608e-02   1.1359936e-01  -9.3626954e-02  -1.1604565e-03  -5.4032635e-04  -1.0173761e-03
  -4.8678253e-02   7.1971791e-02  -1.1757575e-01  -1.0650000e-03  -4.0341008e-04  -1.1336923e-03
  -5.5982027e-02   3.5348233e-03  -1.4893078e-01  -9.3811770e-04  -3.4598951e-04  -1.3554082e-03
  -3.6650872e-02   1.9592066e-02  -8.3392620e-02  -1.0539569e-03  -2.9959404e-04  -1.0657333e-03
  -5.4728006e-02   3.9660089e-02  -1.4352301e-01  -3.8024454e-04  -3.5066549e-04  -1.1701122e-03
  -4.5148803e-02   1.0976476e-01  -9.9924990e-02  -6.4651473e-04  -6.3589274e-04  -9.4928983e-04
  -3.7196615e-02   1.0882856e-01  -6.2221226e-02  -1.2670505e-03  -4.8423366e-04  -9.2739275e-04
  -4.7409070e-02   2.2056868e-02  -6.1567797e-02  -1.4781419e-03  -3.3981083e-04  -1.1000326e-03
  -5.5828325e-02  -2.9271124e-02  -1.1474078e-01  -1.0591327e-03  -5.4078381e-04  -1.0535564e-03
  -6.9516065e-02   1.0160463e-01  -1.0583274e-01  -4.8217111e-04  -5.5768871e-04  -1.2579910e-03
  -5.3459035e-02   1.5817425e-01  -6.4748443e-02  -1.9552721e-04  -6.1011742e-04  -9.5689737e-04
  -4.1238572e-02   7.9644258e-02  -9.8305882e-02   4.9424741e-05  -6.5041416e-04  -9.2861694e-04
  -5.0365102e-02   5.4936924e-02  -1.0105498e-01  -5.6855169e-04  -4.4867141e-04  -1.1970565e-03
  -5.3238662e-02   2.4666016e-02  -1.4585221e-01  -1.4195375e-04  -4.2287206e-04  -1.0300313e-03
  -5.2951479e-02   1.5015874e-01  -1.0201918e-01  -6.0433866e-06  -4.6995211e-04  -1.0566194e-03
  -4.2994256e-02   1.6209561e-01  -8.8902396e-02  -1.3562725e-04  -6.6770993e-04  -9.4339434e-04
  -1.9282943e-02   5.5479515e-02  -1.3618475e-01   3.6135218e-04  -6.1488972e-04  -7.1620057e-04
  -4.1544691e-02   9.2594420e-02  -8.3402689e-02  -6.4925751e-04  -4.5541711e-04  -1.1142420e-03
  -4.4019423e-02   5.4947362e-02  -1.2500625e-01  -2.8042330e-04  -4.1788868e-04  -9.2124366e-04
  -5.2557802e-02   2.3133138e-01  -7.2355926e-02  -9.4665485e-06  -6.6520035e-04  -1.0146266e-03
  -3.4339709e-02   1.2892566e-02  -1.4633754e-01  -4.1117262e-04  -7.2190959e-04  -9.3215416e-04
  -3.3519321e-02  -4.6072327e-03  -1.5777472e-01  -6.5159136e-04  -5.7092371e-04  -9.7898083e-04
  -3.8433824e-02   3.2273938e-02  -1.6747013e-01  -2.5044429e-04  -5.2166407e-04  -9.7187642e-04
  -3.0114594e-02   2.0154054e-01  -9.4111796e-02  -6.8498958e-05  -5.4523535e-04  -7.7850828e-04
  -2.4891101e-02   1.2526240e-01  -1.1766832e-01  -4.2419682e-04  -5.7479874e-04  -7.8874858e-04
  -3.5447638e-02   8.8922258e-02  -1.2535837e-01  -4.9838350e-04  -4.0331837e-04  -1.0530996e-03
  -2.4928592e-02   8.6510078e-03  -1.3319401e-01  -3.1224075e-04  -4.4745314e-04  -8.3226140e-04
  -3.0249116e-02   2.2673761e-02  -1.2882115e-01  -7.5932741e-04  -2.2908628e-04  -1.0537732e-03
  -3.7633431e-02   6.7096817e-02  -1.1059079e-01  -3.3751720e-04  -3.0717764e-04  -1.0610513e-03
  -3.5587279e-02   1.0125225e-01  -1.0506765e-01  -4.7572123e-04  -6.5057705e-04  -8.8940104e-04
  -2.3622380e-02   1.1623149e-01  -8.0069904e-02  -8.3149841e-04  -4.0874615e-04  -8.8366530e-04
  -2.1759137e-02  -1.3308966e-02  -1.0865614e-01  -1.1424323e-03  -4.1721578e-04  -7.9394393e-04
  -3.3384455e-02   7.7290538e-02  -1.0432689e-01  -1.0343093e-03  -1.7568153e-04  -1.0802036e-03
  -3.1079841e-02   1.5098300e-01  -1.2378099e-01  -2.8777981e-04  -4.0210866e-04  -9.6516120e-04
  -2.0255888e-02   4.9281252e-02  -1.3390375e-01  -4.6899206e-04  -4.0046142e-04  -8.9628851e-04
  -1.9381446e-02   4.3162908e-02  -1.1455523e-01  -8.9606316e-04  -1.2912216e-04  -8.4609880e-04
  -3.1056219e-02   3.5564564e-02  -1.3704821e-01  -5.6330949e-04  -1.9309968e-04  -9.6502774e-04
  -3.8181242e-02   1.4700754e-01  -9.6448054e-02  -4.3856809e-04  -3.0397534e-04  -1.0156635e-03
  -3.2428385e-02   5.7909024e-02  -1.7723887e-01   4.5613241e-07  -5.9338621e-04  -8.2520967e-04
  -2.3419398e-02   9.8903080e-02  -8.1238874e-02  -6.1267523e-04  -4.4651380e-04  -7.2469859e-04
  -3.4246464e-02   7.6220794e-03  -1.1113127e-01  -8.1153577e-04  -4.1413533e-04  -1.0191694e-03
  -3.9293134e-02   1.5521909e-01  -1.0945324e-01  -6.7852646e-04  -3.6446262e-04  -1.0611672e-03
  -3.9187389e-02   1.8978486e-01  -1.1844303e-01  -3.8210395e-04  -4.0832239e-04  -1.1011302e-03
  -3.3278807e-02   9.2622093e-02  -1.5667362e-01  -5.0932472e-04  -6.7303366e-04  -9.5438008e-04
  -2.2587573e-02   8.5873895e-02  -1.2996031e-01  -8.1038588e-04  -4.7450196e-04  -8.4721581e-04
  -3.5461952e-02   3.7826782e-02  -1.3250542e-01  -1.0414490e-03  -4.5593602e-04  -1.0494267e-03
  -3.8478322e-02   1.1931105e-01  -1.4945078e-01  -1.4948581e-04  -5.8099915e-04  -1.0198143e-03
  -2.7408837e-02   1.6798382e-01  -1.1404336e-01  -4.3563760e-04  -5.3097066e-04  -8.8904857e-04
  -2.3893458e-02   4.1056392e-02  -1.0903423e-01  -7.4198181e-04  -5.1516629e-04  -7.5312993e-04
  -2.3902581e-02  -1.3974918e-03  -1.4598664e-01  -6.7210029e-04  -2.4212672e-04  -7.4236692e-04
  -3.3775241e-02   3.1026132e-02  -1.5885013e-01  -7.8659999e-04  -3.3510557e-04  -9.8307435e-04
  -3.1824684e-02   9.1533263e-02  -1.8224876e-01   1.0720645e-03  -2.1499308e-04  -7.1290383e-04
  -3.0741370e-02   6.9400914e-02  -1.9020842e-01   1.9325718e-03  -6.8183154e-04  -6.3205883e-04
  -3.9183607e-02   2.6329629e-01  -1.0215671e-01   8.2425091e-05  -2.9147051e-04  -1.0965653e-03
  -4.9005953e-02   9.7574498e-02  -1.7873656e-01   6.4904484e-04  -2.8253988e-04  -9.5828052e-04
  -4.5089188e-02   2.0734114e-01  -1.3039618e-01   5.4376500e-04  -2.3253780e-04  -1.0708470e-03
  -3.9810394e-02   8.4825158e-02  -1.6766392e-01  -1.0499681e-04  -1.2050171e-04  -1.2165440e-03
  -2.2958317e-02   7.6875355e-02  -1.3411093e-01   1.1390070e-04  -2.3972622e-05  -9.7269894e-04
  -1.7163681e-02  -8.9139910e-02  -1.3750580e-01  -5.4288632e-04  -9.8634882e-05  -9.6312366e-04
  -2.2537934e-02   3.1275900e-02  -1.6532681e-01  -2.2680655e-04  -1.3347979e-04  -9.3181546e-04
  -2.6848220e-02   1.9038765e-01  -1.4040783e-01   2.2431483e-04  -1.7373820e-04  -9.3801049e-04
  -2.9189827e-02   2.2040397e-01  -1.3149992e-01  -7.5825934e-05  -1.0441065e-04  -1.1070903e-03
  -3.2715899e-02   1.3809382e-01  -1.5307193e-01  -3.9846168e-05  -1.5470873e-05  -1.1412169e-03
  -3.0691177e-02   1.0771322e-01  -1.3482840e-01  -6.1486215e-04  -5.1014183e-05  -1.1380935e-03
  -2.8309612e-02   3.8303349e-02  -1.4012163e-01  -3.7905828e-04  -4.1477371e-05  -1.0589917e-03
  -3.9961077e-02   9.7378950e-02  -1.8403298e-01   5.8847661e-04  -2.2948230e-04  -1.1416149e-03
  -2.1633078e-02   8.0415293e-02  -7.0067289e-02   3.0132863e-05  -2.8381269e-04  -8.9736738e-04
  -2.3119181e-02   5.1574361e-02   3.3405476e-02  -9.5160335e-04  -3.3179873e-04  -9.5916553e-04
  -5.0638141e-02   9.8299874e-02  -1.9151811e-01   2.5230032e-05  -3.8060189e-04  -1.2180712e-03
  -3.6855697e-02   1.8096115e-01  -1.2290569e-01   2.0082522e-04  -4.4410671e-04  -1.0849384e-03
  -3.3908972e-02   1.5085754e-01  -1.3930988e-01   2.9938741e-04  -3.4722385e-04  -1.0391850e-03
  -4.6994868e-02   4.1917625e-02  -1.6091565e-01  -9.1359531e-05  -4.2249173e-04  -1.3493477e-03
  -4.3093572e-02   1.2033782e-01  -1.4175909e-01   2.5599580e-04  -3.0831232e-04  -1.1860206e-03
  -3.9697105e-02   1.4201830e-01  -1.7034803e-01   4.6401847e-04  -5.1584615e-04  -1.1163075e-03
  -2.2747786e-02   8.8241861e-02  -1.5704373e-01   2.4840395e-04  -3.7733478e-04  -9.9117156e-04
  -2.8086153e-02   4.1528817e-03  -1.6272742e-01  -4.5968060e-04  -4.4488581e-04  -9.5074315e-04
  -3.5229526e-02   6.1862517e-02  -1.8874637e-01   2.0175819e-05  -2.9958283e-04  -1.1611438e-03
  -3.5767700e-02   1.6075881e-01  -1.6398850e-01   4.5019700e-04  -5.5795641e-04  -1.0093506e-03
  -2.4083848e-02   1.8026339e-01  -1.4366730e-01   1.9707038e-04  -5.4819411e-04  -9.5556996e-04
  -4.6859044e-02   1.6488581e-01  -1.5673091e-01   1.3769394e-04  -2.8202050e-04  -1.4415200e-03
  -4.0729534e-02   4.6366677e-02  -1.8111513e-01   2.5554225e-05  -3.9445669e-04  -1.1762387e-03
  -4.6355410e-02   4.1437374e-02  -1.4129991e-01  -6.9884713e-04  -4.5906392e-04  -1.2966105e-03
  -4.7935815e-02   1.1220152e-01  -1.5560275e-01  -5.7029734e-06  -5.3730997e-04  -1.2031217e-03
  -3.8133548e-02   1.2739887e-01  -1.5789151e-01   1.4775977e-04  -5.0757371e-04  -1.1118508e-03
  -4.2603893e-02  -2.3977560e-01   2.7304506e-01  -2.1874379e-03  -1.4766309e-03  -7.9816291e-04
  -4.7551181e-02  -2.7650085e-01   6.8564716e-02   7.6721517e-04  -1.8452475e-03  -3.0456256e-04
  -5.8032102e-02   5.0343546e-01  -5.3317358e-02   6.0267078e-04  -1.3176432e-03  -1.2029171e-03
  -4.7169719e-02   2.1489722e-01  -1.2342977e-01  -2.1878072e-04  -7.7219992e-04  -1.2749389e-03
  -6.3542368e-02   1.7137881e-01  -1.3635169e-01   6.1376761e-04  -6.5567289e-04  -1.4877269e-03
  -4.6503624e-02   6.8733773e-02  -1.4763529e-01   4.1700216e-04  -7.4575123e-04  -1.1411125e-03
  -7.5706410e-02   1.5698257e-01  -1.1416865e-01   6.8013824e-04  -4.3353016e-04  -1.7442205e-03
  -5.3218161e-02   1.1022146e-01  -9.3560411e-02  -3.1709628e-05  -3.5608861e-04  -1.5449559e-03
  -6.8310717e-02   4.1904446e-02  -1.9104342e-01   7.1149348e-04  -4.5278203e-04  -1.5578848e-03
  -4.6754396e-02   1.5653085e-01  -1.2698989e-01  -1.3675150e-05  -4.4563712e-04  -1.1807175e-03
  -5.5853488e-02   1.6313974e-01  -1.2237062e-01  -9.1912552e-05  -4.2681504e-04  -1.5520430e-03
  -5.9536686e-02   9.3540905e-02  -1.4517691e-01  -3.5098736e-04  -3.1726675e-04  -1.6728533e-03
  -6.1957419e-02   1.6207647e-01  -1.3840894e-01   1.4883403e-05  -3.1848544e-04  -1.7000543e-03
  -4.9759503e-02   6.1823306e-02  -1.7283751e-01  -1.3723199e-04  -3.6129289e-04  -1.5079045e-03
  -4.3133222e-02   1.0148348e-01  -1.1741223e-01  -7.4459619e-04  -6.0983850e-04  -1.4275764e-03
  -5.2912712e-02   2.1608423e-02  -1.5688678e-01  -5.0014639e-04  -5.5810599e-04  -1.5804086e-03
  -6.3514900e-02   1.4808964e-01  -1.3138793e-01  -4.6193059e-04  -5.0892084e-04  -1.6889495e-03
  -5.8067341e-02   1.7271070e-01  -1.4667370e-01   2.3114566e-04  -7.0820604e-04  -1.4482609e-03
  -4.5408758e-02   1.8847488e-01  -1.0358739e-01  -2.2381824e-04  -8.0214958e-04  -1.4557260e-03
  -6.0978455e-02   8.5220688e-02  -1.6708747e-01   1.0030828e-04  -6.9635624e-04  -1.6064589e-03
  -5.0036033e-02   1.3301720e-01  -1.8129238e-01   9.3650071e-04  -8.1470928e-04  -1.3546683e-03
  -5.2263961e-02   1.7279528e-01  -1.5319145e-01   2.7490020e-04  -7.1409384e-04  -1.4643864e-03
  -5.3354228e-02   8.8279123e-02  -1.5308067e-01  -6.7619356e-05  -5.9246867e-04  -1.5852019e-03
  -5.4365620e-02   6.7373915e-02  -2.1512056e-01   1.0824765e-03  -7.5855081e-04  -1.4823563e-03
  -3.4112395e-02   1.4256614e-01  -1.6165746e-01   7.9571090e-04  -9.2242544e-04  -1.1559468e-03
  -4.2885914e-02   7.7644330e-02  -1.1292439e-01  -3.5665546e-04  -7.8896630e-04  -1.4768081e-03
  -4.9253279e-02   1.1990940e-01  -1.8108028e-01   4.1407458e-04  -8.1126463e-04  -1.3905698e-03
  -4.7885708e-02   1.5157503e-01  -1.6838497e-01   4.3271499e-04  -8.3308209e-04  -1.3995973e-03
  -3.5765301e-02   1.2698159e-01  -1.4049894e-01  -2.6001648e-04  -7.7764385e-04  -1.3440606e-03
  -3.8566576e-02   4.5075169e-02  -1.5024745e-01  -1.8291682e-04  -6.5588540e-04  -1.4716247e-03
  -4.3117455e-02   6.6362213e-02  -1.5154969e-01  -5.2876314e-04  -5.4900089e-04  -1.5729136e-03
  -3.8166455e-02   1.3556785e-01  -1.6365033e-01  -9.8290912e-05  -8.3531823e-04  -1.3090840e-03
  -2.8519148e-02   1.2509762e-01  -1.4699227e-01  -2.4244804e-04  -7.7168012e-04  -1.3336659e-03
  -3.2315601e-02   5.2977363e-02  -1.7385124e-01  -5.4631763e-04  -7.5560755e-04  -1.3320437e-03
  -3.1258090e-02   4.4293962e-02  -1.7163316e-01  -2.9746855e-04  -6.3016656e-04  -1.2863423e-03
  -3.7239527e-02   1.0842001e-01  -1.4656141e-01  -5.5883268e-04  -7.8217147e-04  -1.3393465e-03
  -4.5660704e-02   1.7408725e-01  -1.5278090e-01  -2.9585999e-05  -8.3989137e-04  -1.5048390e-03
  -2.6830246e-02   1.7507567e-01  -1.1188683e-01  -2.8539135e-04  -7.5936842e-04  -1.1950193e-03
  -2.8870403e-02  -2.3884863e-03  -1.6174426e-01  -6.6732630e-04  -8.5102961e-04  -1.1758303e-03
  -4.3932142e-02   8.8962795e-02  -1.4983714e-01  -5.2666955e-04  -7.5562952e-04  -1.4221897e-03
  -4.1809570e-02   1.7364802e-01  -1.6880665e-01   3.2360995e-04  -8.1226134e-04  -1.2999151e-03
  -3.2672798e-02   2.1458331e-01  -1.5170196e-01   2.1163643e-04  -8.3825081e-04  -1.1775684e-03
  -2.9553394e-02   1.0874230e-01  -1.5001779e-01  -6.9544713e-04  -9.4679696e-04  -1.0614476e-03
  -3.4834563e-02   8.6266350e-02  -1.5954251e-01  -4.9303375e-04  -7.6450636e-04  -1.2956790e-03
  -4.5713573e-02   1.3021416e-01  -1.9304334e-01   1.1875264e-04  -7.2035869e-04  -1.4424996e-03
  -2.5639707e-02   1.4250794e-01  -1.7624493e-01   3.6449032e-04  -9.3536396e-04  -1.0355344e-03
  -4.6561974e-02   1.4218189e-01  -1.5540056e-01  -2.8104598e-04  -7.6105021e-04  -1.3848066e-03
  -4.3946359e-02   8.2129450e-02  -1.7150097e-01  -2.0233067e-04  -8.3549566e-04  -1.4295222e-03
  -4.8115798e-02   7.8008497e-02  -1.8389324e-01   3.5745896e-05  -6.9697711e-04  -1.4868315e-03
  -3.0793779e-02   1.4402041e-01  -2.0159524e-01   7.2466242e-04  -1.0263256e-03  -1.1628443e-03
  -1.6966464e-02   6.5133974e-02  -1.5043755e-01  -4.0266029e-04  -1.0663829e-03  -1.0648226e-03
  -4.1889111e-02   7.8219632e-02  -1.9495569e-01  -8.3543178e-05  -8.5557462e-04  -1.2810227e-03
  -5.3449734e-02   2.0601269e-01  -1.8300656e-01   3.8086086e-04  -8.5959400e-04  -1.4233142e-03
  -4.1028767e-02   2.3026445e-01  -1.3540298e-01  -5.8533829e-04  -7.8295346e-04  -1.2922244e-03
  -4.6123349e-02   1.3121431e-01  -1.7412051e-01  -2.0233320e-04  -5.8577019e-04  -1.4505976e-03
  -4.4438045e-02   1.1283766e-01  -1.6453991e-01  -3.8550701e-04  -5.6346061e-04  -1.5102037e-03
  -4.5115056e-02   7.2534589e-02  -1.8499729e-01   1.5082254e-05  -4.6153691e-04  -1.5364521e-03
  -4.1824977e-02   9.6436922e-02  -1.4094125e-01  -4.7610142e-04  -4.3288121e-04  -1.6618661e-03
  -4.1005048e-02   4.9612165e-02  -1.7649582e-01  -3.4399913e-04  -4.8893907e-04  -1.4772846e-03
  -3.3316758e-02   1.3249865e-01  -1.5497466e-01   2.9691734e-05  -7.2308172e-04  -1.3100044e-03
  -3.3801933e-02   1.6304978e-01  -1.3871381e-01  -4.1154858e-04  -5.7833816e-04  -1.4425976e-03
  -2.9198408e-02   1.0160225e-01  -1.7437323e-01  -2.1998659e-04  -5.3303205e-04  -1.2754394e-03
  -4.2936584e-02   8.4707048e-02  -1.8481666e-01  -5.5406923e-04  -4.5553718e-04  -1.5159152e-03
  -3.4717153e-02   6.0216631e-02  -1.9225257e-01  -2.0074090e-04  -3.7716574e-04  -1.4022357e-03
  -3.5912013e-02   1.4160581e-01  -1.6798063e-01  -3.6976017e-04  -4.1692065e-04  -1.4324502e-03
  -4.5579097e-02   1.0452626e-01  -1.4578675e-01  -7.8784699e-04  -4.3105441e-04  -1.5537249e-03
  -4.1802045e-02   1.1050114e-01  -1.8337241e-01   2.5848083e-05  -4.8550967e-04  -1.4273027e-03
  -3.1196555e-02   1.5720677e-01  -1.6069589e-01  -1.3575159e-04  -5.3782762e-04  -1.2798513e-03
  -2.3125515e-02   1.0115698e-01  -1.5186634e-01  -5.1096661e-04  -5.1882878e-04  -1.1888774e-03
   1.9212366e-02  -1.2144341e-01  -1.5620726e-01  -3.6845424e-03  -1.0815184e-03  -2.7087899e-04
  -1.6559885e-02   5.2332327e-02  -3.0284502e-01  -1.2249719e-03  -7.2456906e-04  -8.9982893e-04
  -4.3168779e-03   1.9474361e-01  -2.1816562e-01  -2.9272585e-03  -1.2867304e-03  -2.5739432e-04
  -2.5976935e-02   2.5587669e-01  -2.3273142e-01  -1.4387587e-03  -7.3359909e-04  -1.0827109e-03
  -1.2212889e-03   4.1531153e-02  -1.8845094e-01  -1.4719412e-03  -9.4329274e-04  -6.3262757e-04
  -2.7899954e-02   9.7310543e-02  -2.7038168e-01  -1.2472797e-03  -6.9704335e-04  -1.0817741e-03
  -4.7121898e-03   7.9488272e-02  -2.9700975e-01  -9.4866537e-04  -1.1925641e-03  -6.9766411e-04
  -1.6155046e-02   1.1177095e-01  -2.3201649e-01  -2.0605028e-03  -8.1750361e-04  -9.8923551e-04
  -1.9952890e-02   5.3677147e-02  -3.0123430e-01  -1.3436194e-03  -9.2788990e-04  -9.4986795e-04
  -1.4790893e-03   1.2717186e-01  -2.5873836e-01  -1.2033604e-03  -1.0433375e-03  -7.6999029e-04
  -7.3454548e-03   2.3859232e-01  -2.0709604e-01  -1.6781802e-03  -8.1734822e-04  -9.7835760e-04
  -1.4013122e-02   1.2025269e-01  -2.2719534e-01  -1.9849885e-03  -7.3364382e-04  -1.0954948e-03
  -1.0899302e-02   1.1493534e-01  -2.5554066e-01  -1.9918060e-03  -8.4399063e-04  -8.1910347e-04
  -1.5378324e-02   1.3294844e-01  -2.7224544e-01  -1.4136714e-03  -9.4936715e-04  -8.8416037e-04
  -9.6787104e-03   1.2259817e-01  -2.4259316e-01  -2.4325324e-03  -8.5808735e-04  -8.8901045e-04
  -3.1398945e-03   5.9840246e-02  -2.5400972e-01  -2.2604781e-03  -7.7413031e-04  -6.8668091e-04
  -1.3731614e-02   5.0775313e-02  -2.7224260e-01  -2.3157197e-03  -7.8066618e-04  -8.8216675e-04
  -1.7191976e-02   1.0046471e-01  -2.8274208e-01  -1.8277957e-03  -8.2905517e-04  -7.4863314e-04
  -9.1206963e-03   1.2981283e-01  -3.0490802e-01  -1.3113289e-03  -1.0216431e-03  -6.8513778e-04
  -5.6103847e-03   1.2216510e-01  -2.6449611e-01  -2.0453700e-03  -9.3906480e-04  -7.0141418e-04
  -1.9456092e-02   1.0012745e-01  -2.5627853e-01  -2.1707626e-03  -8.6174610e-04  -8.9995474e-04
  -2.4099826e-02   1.6828818e-01  -2.7797273e-01  -1.4866628e-03  -9.5469010e-04  -8.6907835e-04
