   0.0000000e+00   0.0000000e+00   0.0000000e+00   0.0000000e+00   0.0000000e+00   0.0000000e+00
   3.7213077e-03  -2.3823281e-02  -7.2732964e-02   3.3342633e-04  -2.0557162e-04  -9.8505426e-05
   7.9169737e-04  -3.2230850e-02  -6.9779649e-02   1.3860947e-04  -1.3869229e-04  -1.6465003e-04
  -1.0806329e-02  -9.5241636e-03  -9.5178253e-02   9.7648855e-05  -3.3344739e-05  -2.6411120e-04
  -1.1300722e-02  -5.4116821e-03  -1.0826436e-01   2.7108933e-04   1.4242149e-05  -2.5556665e-04
  -1.1434243e-02   6.1850651e-02  -1.2489646e-01   5.2977468e-04  -1.7947872e-04  -2.8591029e-04
  -9.7695510e-03   7.3489604e-02  -1.4513934e-01   9.5049638e-04  -1.6407654e-04  -1.6830479e-04
  -1.7515789e-02   9.8476894e-02  -1.1922067e-01   6.2334515e-05   2.3953881e-04  -2.6456944e-05
  -9.3119577e-03   3.3646403e-02  -8.0526368e-02  -3.0837456e-04   3.5873868e-04   5.8010340e-05
   1.5019296e-03  -6.1168396e-02  -9.2526300e-02  -1.2666585e-04   3.4226176e-04   5.7278378e-05
  -3.2417195e-03  -8.5943665e-02  -9.9266421e-02   1.1838954e-04   2.7576859e-04  -7.5084308e-05
  -4.1202820e-04  -9.0160793e-02  -1.1667225e-01   3.0803439e-04   3.2707752e-04  -2.3948852e-04
  -1.8673202e-03  -9.6316225e-02  -1.0632874e-01   2.6705164e-04   4.7257939e-04  -2.4811555e-04
  -1.0035230e-02  -4.2701389e-02  -1.0792124e-01   2.4736474e-04   5.0606800e-04  -1.9754497e-04
  -1.8881846e-02   4.5371444e-02  -1.2010623e-01  -1.0504662e-04   5.3184209e-04  -1.9056138e-04
  -2.2647206e-02   1.1071158e-01  -1.4682959e-01   4.3721635e-04   3.8968195e-04  -2.0537300e-04
  -2.3928271e-02   9.7843922e-02  -1.7332866e-01   1.0545443e-03   2.0757710e-04  -3.0715338e-04
  -1.7358447e-02   6.8963514e-02  -1.9522461e-01   3.5909968e-04   2.2894699e-04  -4.4061458e-05
  -1.6358270e-02   3.9553229e-02  -1.6802940e-01  -1.0177190e-04   4.8465956e-04   8.9080794e-05
   9.6463903e-03  -5.6902565e-02  -8.9054619e-02   7.1039278e-04   3.6464773e-04   1.8304892e-04
   2.2707561e-02  -3.3171645e-03  -6.4420562e-01   2.7812736e-03   9.4090128e-05   8.3289864e-04
   5.2526512e-03  -3.6048694e-02  -2.8139013e-01  -3.9282640e-04   6.8514465e-04   2.8174920e-04
   6.5634066e-03  -2.4881963e-02  -1.8742626e-01  -1.3667453e-04   4.9916834e-04   7.4948748e-05
   1.2790920e-02  -4.5562703e-02  -2.2545936e-01  -1.0229829e-03   6.0055345e-04   2.5507697e-04
   1.5678333e-02  -1.0964665e-01  -1.6733083e-01  -1.1847040e-03   5.6443768e-04   1.4683819e-04
   3.3214955e-02  -1.7411818e-01   3.2451593e-02  -2.1457171e-04   3.1465527e-04   2.1575408e-04
   4.6654031e-03  -2.5394878e-02  -1.5042774e-01  -7.1380986e-05   1.2707005e-04  -8.9152736e-05
  -8.7125151e-03   3.0774157e-03  -2.1641720e-01  -7.9183422e-04   3.9011146e-04  -2.4330115e-04
  -1.2266367e-02   3.6915544e-02  -1.7251923e-01  -7.5439803e-04   3.1324339e-04  -3.4294443e-04
   1.5419052e-03  -6.8923777e-02  -2.1964076e-01  -7.3515934e-04   3.6183128e-04  -3.8445194e-04
  -4.8588400e-03   1.0045571e-02  -1.5733390e-01  -1.1402630e-03   3.2926803e-04  -4.6630587e-04
  -1.2151281e-03  -2.0626428e-02  -1.3138902e-01  -2.1393872e-03   5.3147047e-04  -3.9711286e-04
  -9.0402170e-03  -3.8518576e-02  -1.7985841e-01  -1.4866642e-03   4.1056188e-04  -4.7038151e-04
  -8.8120987e-03  -9.5060299e-02  -9.7380678e-02  -1.2905935e-03   4.7031091e-04  -3.8073251e-04
  -5.3398974e-03  -5.4377855e-02  -1.3972616e-01  -1.7441151e-03   5.9623471e-04  -3.1630606e-04
  -2.4833092e-02   8.1273734e-03  -1.6173114e-01  -1.6400815e-03   5.9480328e-04  -3.7982590e-04
  -1.9000892e-02  -4.7704593e-03  -1.4074348e-01  -2.1486694e-03   7.9144068e-04  -2.9296899e-04
  -1.4709181e-02  -2.0741535e-02  -1.3966169e-01  -2.3757671e-03   9.1064248e-04  -3.3621456e-04
  -1.4139531e-02   3.4142279e-02  -1.4816695e-01  -2.2011408e-03   7.4572075e-04  -3.6313636e-04
  -6.1105388e-03  -1.8720284e-02  -1.4147534e-01  -2.2877309e-03   9.2800028e-04  -1.4867146e-04
  -2.9369305e-03  -3.8879355e-02  -1.3790798e-01  -2.4491467e-03   9.6651587e-04  -1.0051114e-04
   2.9819168e-03   1.5781976e-04  -1.9500742e-01  -2.1663187e-03   8.4044587e-04   2.0218038e-06
   1.0178651e-03  -2.4065973e-02  -2.0047429e-01  -2.3083100e-03   1.0072993e-03   5.2418049e-05
  -7.3112625e-03   4.2824575e-02  -1.5495310e-01  -2.8107202e-03   1.1291121e-03   1.3297296e-04
  -8.0702013e-03   4.3289773e-02  -1.3824870e-01  -3.0181412e-03   1.2926825e-03   1.2120266e-04
   1.0833647e-03   1.0524075e-02  -1.1956743e-01  -2.6749418e-03   1.0397555e-03   2.2302730e-04
  -2.2644046e-03   4.3498509e-02  -1.3620632e-01  -2.2977979e-03   8.5457901e-04   1.4082820e-04
  -2.7961941e-02   1.8191476e-01  -1.0915788e-01  -2.5090958e-03   1.0058172e-03   9.7974543e-05
  -1.1287038e-02   7.9015298e-02  -1.2748640e-01  -2.0991776e-03   9.0679403e-04   4.4968874e-04
  -1.3778495e-02   1.3670527e-01  -1.2497592e-01  -2.6816569e-03   1.0251209e-03   3.5652936e-04
  -1.7938793e-02   1.8840175e-01  -1.4397036e-01  -3.4226763e-03   1.2137247e-03   2.4392396e-04
  -9.5454348e-03   9.0532857e-02  -1.3307156e-01  -3.4689350e-03   1.2529105e-03   4.3371719e-04
  -1.3265454e-02   8.5187944e-02  -1.8120097e-01  -3.3422965e-03   1.3255223e-03   2.7958297e-04
  -1.3101767e-02   5.5365628e-02  -1.4731238e-01  -3.1101504e-03   1.1978134e-03   3.6668407e-04
  -1.5071003e-02   3.5040037e-02  -1.1122901e-01  -3.0531829e-03   1.4535715e-03   5.5031823e-04
   2.3784079e-03   7.3932260e-03  -1.2298422e-01  -2.8284745e-03   1.2707911e-03   7.0230700e-04
  -1.5596480e-03   4.5253853e-02  -1.4271046e-01  -2.9019623e-03   1.3510156e-03   5.7823765e-04
  -1.3014026e-02   8.1656934e-02  -1.8125267e-01  -2.8861736e-03   1.3068238e-03   5.8995533e-04
  -1.3260883e-02   1.4358781e-01  -1.8140192e-01  -3.6179774e-03   1.3634241e-03   6.0741383e-04
  -3.2081867e-03   1.4873537e-01  -2.0736484e-01  -3.8320719e-03   1.1666195e-03   7.7106211e-04
   6.4550047e-04   1.2541942e-01  -2.1915844e-01  -3.7894791e-03   1.1285148e-03   9.1176990e-04
   1.2881560e-03   1.1482442e-01  -1.8675517e-01  -4.4043917e-03   1.3774364e-03   8.5927389e-04
   5.8679192e-04   1.6179057e-01  -1.7046956e-01  -4.1123883e-03   1.1666021e-03   7.6761083e-04
   9.6118803e-03   6.4855504e-02  -1.8113752e-01  -3.4747507e-03   1.3019226e-03   7.7250318e-04
   4.2502112e-03   1.4355176e-01  -1.8926515e-01  -2.6365216e-03   1.1998933e-03   8.5926052e-04
   4.4594470e-03   1.5769526e-01  -2.3235526e-01  -2.1477329e-03   1.2197378e-03   1.0098324e-03
   7.9865908e-03   1.1690914e-01  -2.5700286e-01  -2.9505002e-03   1.3597730e-03   1.1241984e-03
   8.3340914e-03   6.7017121e-02  -2.1572895e-01  -3.2453096e-03   1.4185827e-03   1.0956466e-03
   7.7483617e-03  -9.2739890e-03  -1.9886114e-01  -3.0127569e-03   1.4261988e-03   9.8831257e-04
   2.1301683e-02  -6.8028196e-02  -2.0767882e-01  -3.0031867e-03   1.5856778e-03   8.8019854e-04
   2.2380682e-02  -5.8291544e-02  -1.9667144e-01  -2.9756551e-03   1.4753963e-03   8.8948425e-04
   1.9539544e-02  -1.0792844e-02  -2.2119912e-01  -3.1679378e-03   1.5024577e-03   8.2762670e-04
   1.7778743e-02  -4.5453087e-02  -2.3502293e-01  -3.1652465e-03   1.4966098e-03   7.9146742e-04
   1.4852156e-02  -2.5960998e-02  -2.6238161e-01  -2.6127012e-03   1.6745981e-03   6.9630450e-04
   5.5691273e-03   6.7071707e-02  -2.7520931e-01  -1.4541594e-03   1.2599343e-03   7.7386765e-04
  -9.9466672e-03   8.4437368e-02  -2.8466003e-01  -2.1077433e-03   1.3473272e-03   8.1966887e-04
   3.7157841e-03   2.7760397e-02  -2.4996245e-01  -2.4158536e-03   1.2793270e-03   9.7250773e-04
   1.1171976e-02  -1.5215696e-02  -2.5572820e-01  -2.7257941e-03   1.2551199e-03   1.0518353e-03
   1.2904481e-02   7.9422351e-03  -2.5836144e-01  -2.7509326e-03   1.5004543e-03   9.9363438e-04
   2.0036371e-02   1.0746507e-02  -2.1584056e-01  -3.7950930e-03   1.6194382e-03   9.6590916e-04
   1.2567582e-02   5.3334059e-02  -2.2817998e-01  -3.6437249e-03   1.6467459e-03   7.7924709e-04
  -2.9276455e-03   5.7209666e-02  -4.3313840e-01   1.7257386e-03   1.6652749e-03   9.6133345e-04
   8.1311327e-03   5.3874092e-02  -3.1049081e-01  -1.8662802e-03   1.8614626e-03   9.4163288e-04
   7.9262476e-04   3.1011762e-02  -2.9256479e-01  -2.3912919e-03   2.0939539e-03   4.3575458e-04
   1.6914499e-03  -1.0072984e-02  -2.8485686e-01  -3.5992614e-03   2.6274629e-03   2.6778522e-04
   6.3141539e-03  -4.8301212e-02  -2.7671875e-01  -4.1606198e-03   2.7937309e-03   3.6994047e-04
   1.9651257e-03   1.4944163e-02  -2.5518397e-01  -5.0512809e-03   2.8967279e-03   3.6972444e-04
   1.0995356e-02  -3.5474259e-02  -2.7215626e-01  -4.8820376e-03   2.6273595e-03   4.5672400e-04
   3.1255811e-03   1.8334267e-02  -2.7776656e-01  -4.6612555e-03   2.7435588e-03   4.3146592e-04
   2.3945185e-03  -2.5903936e-02  -3.1685891e-01  -4.5222665e-03   2.7596897e-03   3.1544160e-04
   7.8232666e-03  -5.0079313e-02  -3.3747862e-01  -4.0573305e-03   2.4266440e-03   4.7248899e-04
  -5.2758439e-03   1.2855689e-02  -3.1744346e-01  -4.7835647e-03   2.5526022e-03   4.1060534e-04
  -8.2848631e-03   7.3191387e-02  -3.6293188e-01  -5.3793997e-03   2.7320142e-03   2.4165667e-04
   1.3422994e-02   4.8085246e-02  -3.6827994e-01  -5.3463906e-03   2.4386656e-03   5.8076530e-04
   6.3478853e-03   2.6714316e-02  -3.5626909e-01  -5.0622301e-03   2.3508499e-03   3.5599196e-04
  -1.0255617e-02   5.8302482e-02  -3.2164165e-01  -4.4411219e-03   2.3175028e-03   3.2906013e-04
   1.4417877e-03   6.2466285e-02  -3.4820947e-01  -4.5665935e-03   2.2409300e-03   3.8175955e-04
   5.1208963e-03   7.6209872e-03  -3.4709617e-01  -4.0348363e-03   2.2416631e-03   3.9543987e-04
  -1.0511701e-02   1.2256252e-01  -3.1024988e-01  -3.9891922e-03   2.5075093e-03   3.6421355e-04
  -1.0989690e-03   3.6386084e-02  -3.0533665e-01  -4.6095230e-03   2.5957867e-03   2.6536502e-04
   2.0362905e-02   3.1496330e-02  -5.0785025e-01  -3.4826607e-04   2.7761404e-03   1.0405314e-03
   6.3826790e-02  -2.3965442e-02  -4.1189684e-01  -2.5836865e-03   2.3781143e-03   1.9600069e-03
   5.2048641e-02  -7.3461150e-03  -3.8778653e-01  -3.1331338e-03   2.6960391e-03   1.7296954e-03
   2.7437482e-02   1.5995896e-01  -2.6832673e-01  -3.6705132e-03   2.9051302e-03   1.4300333e-03
   2.6615398e-02   1.5547467e-01  -2.8133957e-01  -2.7733586e-03   2.6595840e-03   1.6867608e-03
   3.3387907e-02   1.2518588e-01  -2.8866823e-01  -3.1945238e-03   2.7906939e-03   1.6280860e-03
   3.4912024e-02   1.1190662e-01  -3.1719237e-01  -3.6856867e-03   2.9137424e-03   1.4441188e-03
   3.1465412e-02   1.4377743e-01  -3.1241287e-01  -4.0153213e-03   2.9865637e-03   1.4600030e-03
   3.9876850e-02   1.3032900e-01  -3.3086534e-01  -4.6462805e-03   2.9300335e-03   1.6442914e-03
   3.9071433e-02   1.4408827e-01  -3.0150294e-01  -4.7877346e-03   3.0704837e-03   1.5669986e-03
   2.7205546e-02   1.5807952e-01  -3.0566288e-01  -4.5807411e-03   3.0680600e-03   1.4348333e-03
   2.8123816e-02   1.0566207e-01  -3.4620840e-01  -4.6523235e-03   3.2327965e-03   1.4200991e-03
   2.1801070e-02   1.2026908e-01  -3.8894707e-01  -4.4648413e-03   3.2258808e-03   1.4028076e-03
   2.9326335e-02   8.7855783e-02  -3.7152265e-01  -4.2611470e-03   3.1127627e-03   1.4825150e-03
   3.4594166e-02   3.7823624e-02  -3.9690227e-01  -4.7947237e-03   3.4405101e-03   1.4038427e-03
   5.4224275e-02   3.6712127e-02  -3.9328544e-01  -4.8823413e-03   3.3589804e-03   1.6828851e-03
   5.8132461e-02  -2.8091917e-02  -3.8659160e-01  -4.7082204e-03   3.4633722e-03   1.6258654e-03
   5.5270407e-02  -2.7899215e-02  -3.7996083e-01  -4.7500970e-03   3.5748026e-03   1.6454468e-03
   5.3332575e-02  -2.4239395e-02  -4.1536863e-01  -5.1346745e-03   3.5704507e-03   1.6784539e-03
   7.2082031e-02   4.1134243e-03  -7.8447968e-01  -2.8262607e-03   3.5211574e-03   1.9256449e-03
   6.4903065e-02  -1.0695707e-02  -4.4073869e-01  -3.9419733e-03   3.6516572e-03   2.1410781e-03
   6.5850744e-02  -8.1108785e-02  -4.5428957e-01  -3.5249745e-03   3.3957728e-03   2.0172167e-03
   6.0449012e-02  -5.4511141e-02  -4.2663789e-01  -4.0268257e-03   3.6007757e-03   1.8769140e-03
   4.7062126e-02   5.3253544e-02  -4.1279906e-01  -4.1730405e-03   3.6160036e-03   1.9331875e-03
   4.5518663e-02   3.1519568e-02  -4.4589623e-01  -4.2321190e-03   3.5745332e-03   1.9536312e-03
   4.1122086e-02   7.5818060e-02  -4.2978250e-01  -3.8329066e-03   3.5033117e-03   1.7869713e-03
   4.2297896e-02   9.8060226e-02  -4.4588982e-01  -3.6963146e-03   3.4395027e-03   1.5468282e-03
   4.3066473e-02   2.0634472e-01  -3.9654523e-01  -3.5583166e-03   3.1636794e-03   1.8674548e-03
   4.3437576e-02   1.7319531e-01  -4.4525836e-01  -3.6944451e-03   3.2326616e-03   1.8899273e-03
   5.2201188e-02   1.1271799e-01  -4.5540268e-01  -4.2146850e-03   3.3220400e-03   2.0442331e-03
   6.3491637e-02   1.8333161e-02  -4.1386189e-01  -4.3487896e-03   3.2802443e-03   2.0785871e-03
   5.2802254e-02   1.6821776e-02  -4.1452417e-01  -4.3006618e-03   3.2315372e-03   1.6987926e-03
   4.7848288e-02  -4.7700630e-03  -4.5006303e-01  -4.2478315e-03   3.1132976e-03   1.5311310e-03
   4.0196903e-02   6.7824275e-02  -4.3988537e-01  -4.1651396e-03   3.2100960e-03   1.5963765e-03
   5.2841663e-02  -3.9407133e-03  -4.5601997e-01  -4.3473827e-03   3.1660647e-03   1.7358704e-03
   4.3724050e-02   3.6061697e-02  -4.4517096e-01  -4.6118560e-03   3.1661636e-03   1.6484417e-03
   4.3424917e-02  -1.6617817e-02  -4.2393393e-01  -5.1510197e-03   3.3106536e-03   1.4666592e-03
   4.4280312e-02  -3.4879118e-02  -4.5101116e-01  -4.6815406e-03   3.2722501e-03   1.4620178e-03
   2.9650938e-02   2.7164079e-02  -4.5095412e-01  -4.4332719e-03   3.3604227e-03   1.3072040e-03
   2.5677368e-02  -2.4553046e-03  -4.6321543e-01  -4.3138105e-03   3.7404755e-03   1.3917909e-03
   3.9951715e-02  -5.5974715e-02  -4.6612058e-01  -4.3920742e-03   3.7480778e-03   1.5303290e-03
   2.4520674e-02  -2.1021196e-02  -4.6897959e-01  -4.5458061e-03   3.7064859e-03   1.2976956e-03
   3.6795371e-02  -2.2536415e-02  -4.6824592e-01  -4.5733491e-03   3.6710694e-03   1.4260032e-03
   4.2724986e-02  -1.7616383e-02  -4.7990997e-01  -4.7580974e-03   3.5972835e-03   1.4452713e-03
   3.7785899e-02  -1.0335300e-02  -5.0379434e-01  -4.3919979e-03   3.4844730e-03   1.4000422e-03
   3.0142186e-02  -3.7742658e-02  -5.3915255e-01  -4.4136964e-03   3.5557709e-03   1.3411135e-03
   3.3465564e-02   1.7050050e-03  -5.1844304e-01  -4.5814734e-03   3.5326823e-03   1.5660556e-03
   2.7129856e-02  -1.0440771e-02  -5.6821707e-01  -4.1759473e-03   3.5679402e-03   1.4915854e-03
   2.7113940e-02   4.9017999e-02  -5.3799367e-01  -4.6524574e-03   3.6460768e-03   1.4787401e-03
   3.1481311e-02  -3.6047433e-02  -5.5601265e-01  -4.9131965e-03   3.9397889e-03   1.4856578e-03
   3.8355394e-02  -1.0114818e-02  -5.7787806e-01  -4.8456844e-03   3.8179315e-03   1.3630805e-03
   2.9900345e-02   4.4558837e-02  -5.3246302e-01  -4.6698916e-03   3.9057159e-03   1.3746347e-03
   4.2636829e-02  -3.3356168e-02  -5.5170671e-01  -4.3265541e-03   3.8301561e-03   1.4516547e-03
   3.6577869e-02   2.2491971e-02  -5.3616314e-01  -4.2409315e-03   3.8658803e-03   1.3725651e-03
   3.6651454e-02   1.7487806e-02  -5.1964973e-01  -4.1394698e-03   3.9066509e-03   1.4165806e-03
   2.7777555e-02   7.9945333e-02  -4.6239964e-01  -4.3917366e-03   4.1601183e-03   1.4220332e-03
   2.8265140e-02   9.6186132e-02  -4.7632668e-01  -4.5178924e-03   4.0139685e-03   1.4661051e-03
   3.0031767e-02   8.9250010e-02  -4.9046923e-01  -4.3343374e-03   3.8822528e-03   1.3823745e-03
   2.3723391e-02   1.0922970e-01  -6.6433494e-01  -2.5381937e-03   3.8297664e-03   1.3946513e-03
   4.1826926e-02   1.1021128e-01  -5.3869912e-01  -4.3782527e-03   3.7778923e-03   1.6085501e-03
   5.6107646e-02   1.1893998e-02  -4.7295646e-01  -4.6611433e-03   3.4581776e-03   1.6972189e-03
   4.2224985e-02   4.1248805e-02  -4.2446821e-01  -4.6486359e-03   3.8200214e-03   1.5399362e-03
   2.1551772e-02   2.0367122e-01  -3.9147050e-01  -5.5982572e-03   3.8064945e-03   1.6272102e-03
   2.5710293e-02   1.0916582e-01  -4.0877387e-01  -5.6573250e-03   4.0140927e-03   1.4402579e-03
   2.7142034e-02   9.8903776e-02  -4.2360098e-01  -5.2403605e-03   4.1738022e-03   1.4174862e-03
   2.5439780e-02   4.3272012e-02  -4.1992955e-01  -5.5275915e-03   4.2431820e-03   1.3458070e-03
   2.7057723e-02   5.2102261e-02  -4.7521446e-01  -5.6230369e-03   4.0275562e-03   1.3774996e-03
   2.2325415e-02   5.5702242e-02  -4.4105506e-01  -5.5568233e-03   4.1141802e-03   1.4534980e-03
   2.4004366e-02   6.2288953e-02  -4.0901204e-01  -5.7359085e-03   4.2434994e-03   1.3498728e-03
   2.5921081e-02   1.1812633e-02  -4.1973523e-01  -5.4419277e-03   4.3836149e-03   1.4009011e-03
   2.1612730e-02  -2.1217529e-02  -4.2277208e-01  -5.0509742e-03   4.3186799e-03   1.2494109e-03
   1.1758333e-02   1.5550848e-02  -4.1835163e-01  -5.4918942e-03   4.5021449e-03   1.3038071e-03
   2.4716394e-02  -6.5669565e-02  -4.6494137e-01  -4.6307039e-03   4.3864811e-03   1.4884029e-03
   2.0319634e-02  -8.5688765e-03  -7.3710440e-01  -2.4722140e-03   4.0757070e-03   1.4460320e-03
   1.9630732e-02   3.0244135e-02  -5.2524527e-01  -3.8574197e-03   3.7583447e-03   1.3136105e-03
   2.3074936e-02  -1.1922343e-02  -4.8723117e-01  -4.0482584e-03   3.9008511e-03   1.5141011e-03
   2.0666626e-02  -4.9584604e-02  -5.2032423e-01  -3.8547168e-03   3.9125407e-03   1.4117021e-03
   1.3645949e-02  -1.5050202e-02  -4.8945666e-01  -4.2450227e-03   3.9752061e-03   1.2504081e-03
   6.7498736e-03  -4.8497510e-02  -5.0282611e-01  -4.4325991e-03   4.1461729e-03   1.1779218e-03
   7.6447101e-03  -2.4373641e-02  -5.4480030e-01  -3.5576928e-03   3.9358442e-03   1.2360307e-03
   1.2969231e-02   1.2498364e-02  -5.4002887e-01  -4.2293184e-03   3.9257408e-03   1.2917377e-03
   5.5546992e-03   5.1618751e-02  -5.1938809e-01  -4.3966445e-03   3.9168718e-03   1.1523228e-03
   3.8127364e-03   6.2557923e-02  -5.0024354e-01  -3.9093484e-03   3.9168549e-03   1.2702334e-03
  -1.9043499e-03   1.2065729e-01  -5.3605732e-01  -2.8728216e-03   3.9976649e-03   1.2436797e-03
  -6.0487567e-03   9.5302205e-02  -5.4262833e-01  -2.2142963e-03   3.8253353e-03   1.1008858e-03
  -1.0368067e-02   1.3555940e-01  -5.4602575e-01  -3.4922543e-03   4.1644118e-03   1.3318252e-03
  -9.1583651e-03   3.9512497e-02  -5.8829884e-01  -3.6089185e-03   4.2392711e-03   1.1858637e-03
  -5.6014486e-03   8.9878906e-03  -5.6824454e-01  -3.9251450e-03   3.9895674e-03   1.1091374e-03
   6.5706694e-03   1.1675723e-02  -5.2423912e-01  -3.9582807e-03   4.2038694e-03   1.3400064e-03
   5.3625032e-03   3.4406594e-02  -7.5065776e-01  -2.4358642e-03   4.4415723e-03   1.3337482e-03
   1.3780679e-02   3.6530924e-02  -5.7175075e-01  -2.9958306e-03   4.2107058e-03   1.3650394e-03
   1.7211451e-02   4.1028587e-02  -5.6134285e-01  -4.0528540e-03   4.2193687e-03   1.5159813e-03
   1.1561215e-02   9.3133343e-02  -5.0641136e-01  -4.1621410e-03   4.1262813e-03   1.3488728e-03
   2.2827753e-02  -3.9638167e-02  -5.8448180e-01  -3.8590900e-03   4.2313970e-03   1.2966438e-03
   2.0015113e-02  -8.7365421e-03  -5.6723251e-01  -3.6627661e-03   4.3500622e-03   1.3063448e-03
   1.6848013e-02   3.2413729e-02  -6.0380426e-01  -3.6164604e-03   4.2882794e-03   1.3770920e-03
   1.1274888e-02   8.0809043e-02  -5.6584141e-01  -4.5504572e-03   4.4382517e-03   1.2727272e-03
   1.6670635e-02  -2.3554849e-02  -6.0364931e-01  -4.1754396e-03   4.4190089e-03   1.2097360e-03
   1.1145019e-02   7.6146225e-02  -5.5707147e-01  -4.3662690e-03   4.3394749e-03   1.1930868e-03
   8.8866526e-03   4.2879249e-02  -5.5795319e-01  -3.8759974e-03   4.5295203e-03   1.0793673e-03
   1.0499741e-02   1.8057508e-02  -5.7851781e-01  -3.1323560e-03   4.2901491e-03   1.1177048e-03
   1.6447222e-03   1.0938826e-01  -5.0827535e-01  -4.1445299e-03   4.4897257e-03   1.1277233e-03
  -6.4106480e-04   1.3648207e-01  -5.2892939e-01  -3.8152521e-03   4.2679208e-03   1.1340461e-03
  -1.1449716e-02   1.7265329e-01  -5.4491880e-01  -3.5658650e-03   4.4030874e-03   9.4938697e-04
  -1.2491950e-02   1.2146364e-01  -5.7382325e-01  -3.7128569e-03   4.4823979e-03   9.8081973e-04
  -6.7481195e-03   1.1611868e-01  -5.5718630e-01  -4.1865907e-03   4.5119716e-03   1.1435562e-03
  -1.4754157e-02   1.0272976e-01  -5.5598030e-01  -4.9798375e-03   4.6668732e-03   1.0278259e-03
  -2.5428831e-02   1.4896640e-01  -5.6249503e-01  -5.5361755e-03   4.7278369e-03   9.6107611e-04
  -3.2594531e-02   1.4379805e-01  -5.6715695e-01  -5.6111299e-03   4.8733819e-03   9.2049879e-04
  -1.3109088e-02   3.1575196e-02  -5.5000643e-01  -5.1320526e-03   4.8777446e-03   8.9865977e-04
  -1.1352344e-02   1.7183501e-02  -5.3769410e-01  -4.4025026e-03   4.8895091e-03   9.3394742e-04
  -8.7996910e-03  -1.3314448e-03  -5.2754452e-01  -4.5065663e-03   4.9880486e-03   1.0698666e-03
  -1.2287919e-02   2.0174071e-02  -5.4977015e-01  -4.8082886e-03   5.0581962e-03   9.4571857e-04
  -6.4786757e-03  -1.3504724e-02  -5.8180541e-01  -4.5651975e-03   4.8827067e-03   9.4923421e-04
  -1.2893825e-02   2.2263785e-02  -5.8007608e-01  -4.7640600e-03   4.8637323e-03   8.7045382e-04
  -1.0297675e-02  -3.0728198e-02  -5.5639346e-01  -4.8504122e-03   4.9485783e-03   9.3899513e-04
  -1.5449500e-02  -3.2751109e-02  -5.8871653e-01  -4.9564761e-03   5.0590506e-03   8.2756428e-04
  -2.4220565e-02  -3.9727168e-03  -5.8018273e-01  -5.1580262e-03   5.3238905e-03   7.1687926e-04
  -1.4526606e-02   4.7833370e-02  -5.8312124e-01  -5.2782582e-03   4.9950262e-03   8.2887502e-04
  -1.5448433e-02   4.5184498e-02  -5.7573069e-01  -4.8504860e-03   5.1951708e-03   8.9287277e-04
  -1.3592829e-02   3.7751350e-02  -5.2196413e-01  -4.9442992e-03   5.8024732e-03   7.9286455e-04
  -1.1049535e-02   3.2704817e-02  -8.7607542e-01  -1.9998497e-03   5.6619247e-03   8.3846287e-04
   2.5397784e-03   5.1560229e-02  -5.6292175e-01  -4.1802195e-03   5.4812444e-03   1.1853567e-03
   8.8286001e-03  -1.3403342e-02  -5.9254116e-01  -4.2659180e-03   5.2142036e-03   1.1982990e-03
  -1.4334492e-03   6.3137455e-02  -5.7359900e-01  -4.4352829e-03   5.4352730e-03   1.0635231e-03
  -1.0561312e-02   7.4486103e-02  -5.6848512e-01  -4.8508973e-03   5.6262470e-03   9.9839024e-04
  -2.3976758e-02   1.6857748e-01  -5.9850170e-01  -5.3779131e-03   5.5216382e-03   9.0855795e-04
  -2.9790893e-02   1.3905479e-01  -6.1222446e-01  -5.3361475e-03   5.3846441e-03   8.3135212e-04
  -2.4867210e-02   1.2131575e-01  -6.0201997e-01  -4.6937229e-03   5.4817710e-03   7.1375745e-04
  -2.3426987e-02   1.6567250e-01  -5.5618832e-01  -4.8505120e-03   5.5670770e-03   6.8487716e-04
  -2.4815930e-02   1.0527414e-01  -6.0145460e-01  -3.9767653e-03   5.4928272e-03   6.3261343e-04
  -3.6523058e-02   1.5779529e-01  -6.0547548e-01  -3.8258159e-03   5.5452439e-03   6.1414312e-04
  -3.2612332e-02   1.6407551e-01  -6.0227988e-01  -4.5893390e-03   5.5344128e-03   8.4629475e-04
  -2.7956194e-02   9.9113320e-02  -6.4888926e-01  -4.1142635e-03   5.5930378e-03   9.1902013e-04
  -1.2848252e-02   3.7669394e-02  -6.1308668e-01  -4.5699735e-03   5.8798937e-03   1.0839486e-03
  -1.1263091e-02  -2.2898376e-03  -5.9370500e-01  -4.8743588e-03   5.8338226e-03   1.1013020e-03
  -4.0400826e-03  -2.7485994e-03  -6.0354736e-01  -4.2074329e-03   5.5809797e-03   1.0804486e-03
  -6.2968007e-04  -3.5643471e-02  -6.1421488e-01  -3.9577468e-03   5.3953607e-03   1.1146072e-03
  -2.0153447e-02  -9.0745882e-03  -6.0455985e-01  -4.4560704e-03   5.5223956e-03   1.0584383e-03
  -2.2851716e-02   4.6021594e-02  -6.2631415e-01  -4.3045146e-03   5.4602265e-03   9.6042115e-04
  -2.3945100e-02   1.0526335e-01  -6.0208774e-01  -3.9463556e-03   5.3965318e-03   7.4117417e-04
  -2.3576815e-02   1.0316793e-01  -5.7173375e-01  -3.3696603e-03   5.4462212e-03   9.8761931e-04
  -9.8072734e-03   9.7124581e-02  -8.3243868e-01  -1.4142054e-03   5.2406325e-03   1.3875895e-03
   4.8963027e-03   1.6951606e-01  -7.6467795e-01  -2.8877826e-03   4.7594353e-03   1.5577289e-03
   1.9967596e-02  -2.5231475e-02  -7.0786840e-01  -2.5509860e-03   4.5237898e-03   1.3540472e-03
  -9.0296666e-03   1.6652614e-01  -6.3876768e-01  -3.1774119e-03   5.0255344e-03   1.3316363e-03
   7.6546517e-03   6.4123201e-02  -6.3202612e-01  -2.9470907e-03   4.9771481e-03   1.3744557e-03
  -1.8866062e-05   1.0802715e-01  -6.1611975e-01  -3.3743408e-03   4.9002823e-03   1.4033039e-03
  -1.9402246e-02   1.6181883e-01  -6.3776827e-01  -3.7900250e-03   5.1661235e-03   1.1661548e-03
  -1.0830073e-02   1.7955518e-01  -6.6214901e-01  -3.1358053e-03   5.0380161e-03   1.1818417e-03
  -9.4220372e-03   1.6713615e-01  -6.8566415e-01  -2.9228318e-03   5.0774095e-03   1.1750988e-03
   3.9430584e-03   1.2523237e-01  -6.6255381e-01  -3.7648518e-03   5.2546141e-03   1.4872976e-03
   1.2371572e-03   1.1860673e-01  -6.4241248e-01  -4.3470753e-03   5.4156278e-03   1.4507161e-03
   1.9807993e-03   7.2757981e-02  -5.8937910e-01  -4.3327741e-03   5.4863520e-03   1.4354685e-03
   7.3344648e-03   3.5639911e-03  -6.2399497e-01  -3.9726141e-03   5.3842544e-03   1.4301413e-03
   8.4419496e-03  -2.5157124e-02  -6.4485547e-01  -3.7730304e-03   5.5485900e-03   1.4870888e-03
   1.7031486e-02  -2.8361558e-02  -6.8136498e-01  -3.7384020e-03   5.2147476e-03   1.4525130e-03
   8.7238584e-03  -3.8056779e-02  -6.3116664e-01  -4.0387600e-03   5.5849411e-03   1.2356464e-03
   7.2200505e-03   1.6144181e-02  -6.4906559e-01  -4.1911086e-03   5.4721341e-03   1.2598956e-03
  -3.2738360e-03   4.7060830e-02  -6.2654476e-01  -4.6143971e-03   5.6143184e-03   1.3205072e-03
  -1.1911439e-02   1.0206462e-01  -6.8653299e-01  -3.5830484e-03   5.5236815e-03   1.2365117e-03
  -1.4234173e-02   1.2791193e-01  -6.5553577e-01  -3.5164843e-03   5.4043037e-03   1.1552152e-03
  -5.7111797e-03   1.3432368e-01  -6.0903734e-01  -4.0950315e-03   5.3898867e-03   1.2926448e-03
  -6.4586529e-03   1.0608571e-01  -5.7931294e-01  -3.9668814e-03   5.5117174e-03   1.1991024e-03
  -1.2345502e-02   1.5449971e-01  -5.7384541e-01  -3.8962221e-03   5.4676602e-03   1.2638928e-03
  -4.0799741e-03   1.0179996e-01  -6.0003064e-01  -3.9711608e-03   5.3598070e-03   1.3744717e-03
  -7.0536249e-04   7.2103172e-02  -5.9416771e-01  -4.5805647e-03   5.5197801e-03   1.2240721e-03
  -4.4254173e-03   1.2423191e-01  -6.2366112e-01  -4.4274925e-03   5.5254728e-03   1.2805517e-03
  -7.7789543e-03   6.9957690e-02  -6.6566864e-01  -4.3025224e-03   5.5196449e-03   1.2233643e-03
  -5.9796838e-03   4.0718598e-02  -6.2113020e-01  -4.1642641e-03   5.5365712e-03   1.1385373e-03
  -6.3322787e-03   4.4798278e-02  -6.7132241e-01  -3.3999829e-03   5.3082503e-03   1.2839318e-03
  -7.8267345e-04   1.6464433e-03  -6.0718337e-01  -3.6067936e-03   5.5016787e-03   1.2483910e-03
   2.8374958e-02   1.0934743e-02  -9.3886844e-01  -2.2946421e-03   5.0982667e-03   1.5830423e-03
   1.8807005e-02   3.3826020e-02  -6.7986578e-01  -3.0975810e-03   5.1957070e-03   1.4240145e-03
   4.6679100e-03   3.0982128e-02  -6.8877047e-01  -4.1942120e-03   5.4030009e-03   1.3509416e-03
   3.4126383e-03   3.5828954e-02  -6.4502875e-01  -3.6934312e-03   5.3703095e-03   1.1789441e-03
   8.4104070e-04   7.0828791e-02  -6.4050917e-01  -2.9848389e-03   5.3413877e-03   1.2614854e-03
  -3.5577002e-03   1.1329670e-01  -6.6470347e-01  -2.5390917e-03   5.2620169e-03   1.3681866e-03
  -1.0496116e-02   1.6363152e-01  -7.0081037e-01  -3.0046758e-03   5.4538741e-03   1.3666554e-03
   1.0088302e-02   7.1371578e-02  -7.0460990e-01  -3.9179147e-03   5.4975624e-03   1.6370069e-03
   1.4399409e-03   8.6235889e-02  -6.1702000e-01  -3.6741141e-03   5.5356021e-03   1.5571661e-03
  -3.8914327e-03   1.7635430e-02  -6.5757959e-01  -3.6040278e-03   5.5929587e-03   1.3112954e-03
   7.2683744e-03  -1.3582586e-02  -6.7080229e-01  -3.7328074e-03   5.4759060e-03   1.6105729e-03
  -2.7541656e-03   2.0448418e-02  -6.5241571e-01  -4.1816816e-03   5.6765898e-03   1.6123010e-03
  -6.9589537e-03   3.0822849e-02  -6.8375979e-01  -3.7669027e-03   5.4997743e-03   1.2430936e-03
  -2.1464425e-02   8.9192895e-02  -6.6672358e-01  -3.5106612e-03   5.5556589e-03   1.2021099e-03
  -1.0918843e-02  -1.0658554e-02  -6.9353008e-01  -3.3551384e-03   5.4720608e-03   1.2492391e-03
  -2.2358427e-02   5.3114302e-02  -6.6356523e-01  -3.6120694e-03   5.8003712e-03   1.2176954e-03
  -2.0705437e-02   5.6693125e-02  -6.0482073e-01  -4.3986836e-03   5.8949533e-03   1.2611968e-03
  -1.0024790e-02  -7.5244419e-02  -6.3003315e-01  -3.9804776e-03   5.8688492e-03   1.1942014e-03
   2.3633338e-03  -3.6860580e-02  -6.4354719e-01  -3.4739899e-03   5.4606011e-03   1.3969206e-03
  -9.0629982e-04   9.0113032e-03  -6.9675352e-01  -3.8172973e-03   5.4314676e-03   1.4172510e-03
  -1.0222909e-02   1.2333512e-01  -7.0398316e-01  -2.8984046e-03   5.3120695e-03   1.3130930e-03
  -8.5025501e-03   1.1492190e-01  -7.0834288e-01  -2.0262373e-03   5.4298727e-03   1.4872665e-03
  -1.7375114e-02   1.2461809e-01  -6.4434376e-01  -3.5884918e-03   5.4919080e-03   1.4473768e-03
  -1.8202606e-03  -8.7063849e-03  -6.2810776e-01  -3.5250593e-03   5.5326176e-03   1.4854481e-03
   1.5650507e-03   4.0669335e-04  -6.4230995e-01  -3.5521603e-03   5.5426297e-03   1.5008000e-03
   1.2937461e-02  -5.5858379e-02  -6.7468633e-01  -4.2410109e-03   5.7192038e-03   1.5395175e-03
   4.8941728e-03   3.0492811e-02  -6.8015248e-01  -3.5498337e-03   5.4254033e-03   1.4867329e-03
  -3.0325359e-03   6.9177176e-02  -6.3764434e-01  -3.8288018e-03   5.7291792e-03   1.3667905e-03
  -1.0009961e-02   9.3687823e-02  -6.7438797e-01  -3.0603107e-03   5.6226295e-03   1.3158049e-03
   6.8261283e-04   1.9936956e-02  -7.0771471e-01  -2.3128093e-03   5.3482543e-03   1.3470465e-03
  -1.7634102e-02   7.2269486e-02  -8.4610052e-01  -2.2885742e-03   5.6015762e-03   1.1722300e-03
   8.0978558e-03   1.2437772e-01  -6.8488354e-01  -4.2720690e-03   5.3506053e-03   1.5126575e-03
   1.7713983e-02  -4.5037241e-02  -7.0028455e-01  -3.9125476e-03   5.3840988e-03   1.3239589e-03
   9.1226912e-04   3.9563922e-02  -6.5938783e-01  -3.9863103e-03   5.6180361e-03   1.2285658e-03
  -7.9632046e-03   4.0178199e-02  -6.6165892e-01  -4.3525034e-03   5.8268545e-03   1.1404771e-03
  -5.2600242e-03   6.1284778e-02  -6.3195862e-01  -4.7770062e-03   5.9297620e-03   1.2118916e-03
  -1.2973399e-03   8.8937384e-02  -6.6117886e-01  -4.4889480e-03   5.6501599e-03   1.2375195e-03
  -9.5167502e-03   1.0180561e-01  -6.9972121e-01  -3.3539019e-03   5.5274623e-03   1.1407762e-03
  -8.9237759e-03   1.0705746e-01  -6.3468891e-01  -2.9038015e-03   5.5845058e-03   1.2602362e-03
  -3.0615881e-03   5.3874703e-02  -6.3381308e-01  -3.8909550e-03   5.8667886e-03   1.2578853e-03
  -6.0687292e-03   1.3494564e-01  -6.3499904e-01  -3.5604848e-03   5.8491397e-03   1.2014019e-03
  -9.1495675e-03   1.6097750e-01  -5.8742094e-01  -3.7789298e-03   5.8692215e-03   1.3373269e-03
  -7.2008024e-03   1.2802100e-01  -6.5995579e-01  -3.6116493e-03   5.6905711e-03   1.3345290e-03
  -5.0652154e-03   1.3051914e-01  -6.2679966e-01  -3.5593959e-03   5.6905810e-03   1.3239732e-03
  -5.8024394e-03   7.9376534e-02  -6.2601847e-01  -3.4389234e-03   5.8881754e-03   1.3900345e-03
  -1.3563530e-04   2.6670855e-02  -5.9670904e-01  -4.2705112e-03   6.0935945e-03   1.4170521e-03
  -1.6076671e-03   7.8612709e-02  -5.8882988e-01  -3.4153351e-03   5.8512836e-03   1.2444448e-03
   1.5588856e-03   1.1167156e-01  -5.6870926e-01  -3.7816620e-03   5.9673582e-03   1.3811811e-03
   2.4732364e-03   1.3965192e-01  -5.4902187e-01  -3.8464667e-03   5.9657075e-03   1.3668222e-03
   9.2627854e-03   8.6508427e-02  -5.4796948e-01  -4.0675833e-03   5.9153348e-03   1.3138596e-03
   4.6653835e-03   1.6286534e-01  -5.1469434e-01  -4.4236722e-03   6.0837838e-03   1.4053540e-03
   3.2365191e-03   1.4102127e-01  -5.6137406e-01  -3.7589144e-03   5.9889321e-03   1.3316914e-03
   5.4720606e-04   1.1788211e-01  -5.8346526e-01  -2.8311097e-03   5.8563328e-03   1.2812224e-03
  -6.3117548e-04   1.6306786e-01  -5.2106981e-01  -3.4267115e-03   6.0459369e-03   1.3313419e-03
  -1.4892336e-03   1.1346697e-01  -5.8034812e-01  -3.4421617e-03   6.0041121e-03   1.3266065e-03
  -9.3748584e-03   1.8628603e-01  -5.1436396e-01  -4.1639206e-03   5.8877882e-03   1.2396963e-03
  -9.9944973e-03   9.6083735e-02  -5.8313586e-01  -3.0449142e-03   5.9469248e-03   1.0864155e-03
  -4.6653100e-04   1.0078039e-01  -5.3741716e-01  -2.7671518e-03   5.8736725e-03   1.1162907e-03
   2.8866658e-03   1.2928153e-01  -5.8222602e-01  -3.5007417e-03   5.9472510e-03   1.2666789e-03
   5.3657610e-03   1.1750277e-01  -6.0639802e-01  -4.2779357e-03   5.9109474e-03   1.3257966e-03
  -7.3802086e-03   1.5256539e-01  -5.9515420e-01  -4.6230429e-03   5.9623445e-03   1.2385212e-03
  -9.8462455e-03   1.2108670e-01  -5.7502094e-01  -5.0907499e-03   6.1414674e-03   1.2314077e-03
  -1.9755421e-03   9.1420583e-02  -5.6935491e-01  -4.9095045e-03   6.0764145e-03   1.1847115e-03
  -1.5845813e-02   7.1664652e-02  -6.1590171e-01  -4.1234489e-03   6.0873378e-03   1.0362428e-03
  -2.7799712e-02   1.3979648e-01  -6.1215992e-01  -4.2167652e-03   5.9924453e-03   9.8770894e-04
  -2.6650429e-02   1.6485195e-01  -5.8757288e-01  -4.5630335e-03   6.0256077e-03   1.0668255e-03
  -2.8595299e-02   1.4951634e-01  -6.0170667e-01  -4.0215195e-03   5.9163323e-03   1.0255740e-03
  -2.7634767e-02   1.4920578e-01  -5.8726147e-01  -3.7768000e-03   5.9304714e-03   9.1933913e-04
  -3.1471790e-02   1.6605046e-01  -6.3962720e-01  -2.8714386e-03   6.0107205e-03   8.6456636e-04
