   0.0000000e+00   0.0000000e+00   0.0000000e+00   0.0000000e+00   0.0000000e+00   0.0000000e+00
  -5.1703551e-03   5.4411573e-02  -1.1488725e-01   2.0846070e-04  -1.1888492e-04   4.7671204e-05
  -2.7383843e-02   7.8424565e-03  -1.4634496e-01   4.6793865e-04   1.6891503e-04  -1.1189529e-06
  -1.2456988e-02   5.3926922e-02  -1.1363817e-01   5.5821020e-05  -4.8421458e-05   1.8949920e-04
  -2.3847295e-02   1.8672673e-03  -1.8099214e-01   7.7578484e-04   4.6076337e-05   8.3654940e-05
  -2.1763223e-02   1.3573055e-01  -9.1524503e-02  -2.6323072e-04   1.5402533e-04   2.3097751e-04
  -3.3384156e-02   7.3255750e-02  -2.1631403e-01   4.4353815e-04   4.6507223e-05   1.5463767e-04
  -2.0709596e-02   9.2947863e-02  -1.0529270e-01   8.1827292e-05   5.4540572e-05   1.3944701e-04
  -2.8358679e-02   5.5786522e-02  -2.1805692e-01   3.2544787e-04  -1.7170253e-05   4.4046157e-05
  -2.5906940e-02  -5.8835244e-02  -1.0851387e-01   1.8972623e-04   1.7881777e-04   2.8852388e-05
  -3.2286543e-02   6.0378901e-02  -1.5313812e-01  -8.8904898e-05   1.9182024e-04   1.2992733e-04
  -2.3143543e-02  -3.2352596e-03  -1.5727690e-01   3.2519099e-04   7.6687274e-05   5.2491379e-06
  -3.4810320e-02   1.1966860e-01  -1.4264511e-01  -3.8096570e-04   2.6762127e-04   1.6987617e-04
  -2.7681126e-02  -8.2455248e-02  -1.9797320e-01   6.3997033e-04   4.8969285e-05  -4.5400946e-05
  -2.4929421e-02   2.2081456e-01  -1.0584338e-01  -4.0396803e-04   1.4582096e-04   8.0602571e-05
  -3.8531123e-02  -4.3149314e-02  -2.3829577e-01   8.7590497e-04   9.8840482e-05  -3.0164540e-05
  -2.3492659e-02   1.4044666e-01  -1.0001008e-01  -4.5699485e-05   1.3820002e-04   6.2796753e-05
  -3.6785680e-02   3.9179211e-02  -2.2521410e-01   2.4262001e-04   1.2570424e-04   3.7111732e-05
  -2.9400323e-02   2.9712792e-02  -1.3101468e-01   3.6515904e-04   1.5289370e-04  -1.9769428e-05
  -1.7563866e-02   6.9337128e-02  -1.8567497e-01   3.2852045e-04  -9.1631864e-05   1.1408581e-04
  -2.3636913e-02  -4.9465752e-02  -1.6027417e-01   4.0267009e-04   1.0553060e-04  -2.0023303e-05
  -3.9594408e-02   1.8181912e-01  -2.0458333e-01   1.4092032e-04   4.2509847e-04   1.3013139e-04
  -1.3859409e-02  -2.1026455e-02  -1.3406617e-01  -7.3712455e-05   1.9567926e-04   1.3854695e-04
  -3.4832244e-02   1.1374999e-01  -2.4281766e-01  -4.2350173e-05   3.2095060e-04   5.6264539e-05
  -2.0017810e-02   3.7415859e-03  -1.5323680e-01   2.0895005e-05   2.2034115e-04   7.3040031e-05
  -2.2066014e-02   1.0390636e-01  -1.7720237e-01  -7.6941650e-04   1.8804186e-04   1.3538913e-04
  -3.0312222e-02  -9.4990990e-02  -2.3723543e-01   6.8509029e-04   2.1993877e-04  -4.6537761e-05
  -2.3274789e-02   1.5033529e-01  -1.6159815e-01  -6.0683342e-04   2.6278283e-04   8.7606797e-05
  -2.7487988e-02  -1.5411712e-02  -2.5294151e-01   5.2179900e-04   1.2049731e-04  -1.3743283e-04
  -2.1197275e-02   2.0430585e-01  -1.4223563e-01  -4.9933743e-04   4.0091426e-04   1.0047530e-04
  -3.0624247e-02   3.3010538e-02  -2.7790609e-01   5.8364800e-04   2.2929855e-04  -6.7280145e-05
  -2.0178613e-02   1.2364848e-01  -1.4689416e-01  -5.1318568e-04   3.6131369e-04   5.1419890e-05
  -2.9310426e-02   5.2280298e-02  -2.6812455e-01   1.9123985e-04   2.2971438e-04   6.4012437e-05
  -2.9906664e-02   1.8593176e-02  -1.4899346e-01  -7.4121565e-05   3.9439240e-04   2.9980715e-05
  -3.1476188e-02   1.1015855e-01  -2.5672665e-01   7.5082900e-05   2.3441841e-04   2.7800529e-05
  -2.6440084e-02   2.3165768e-02  -1.3051434e-01  -3.1920717e-04   3.8991271e-04   7.5833370e-05
  -2.0485127e-02   1.2810983e-02  -2.7666573e-01   3.8084446e-04   2.7045762e-05   3.9966391e-05
  -6.5414647e-03   5.8461360e-02  -1.4488094e-01   8.7604139e-05   7.9843626e-05  -1.3886242e-05
  -1.3240708e-02   6.3338953e-02  -2.1458388e-01   1.0929646e-04  -3.8270932e-05   1.0123777e-04
  -9.7462663e-03   3.2403465e-02  -1.7084645e-01   1.7973928e-04   1.0670963e-04  -3.7797344e-05
  -1.9314743e-02   3.5571210e-02  -1.8584996e-01  -2.1509647e-04   1.2484127e-04   4.0637400e-05
  -2.0855190e-02   3.7579216e-02  -2.9493624e-01   8.7512796e-04   1.3724923e-04  -5.3638935e-05
  -1.1165321e-02   1.3100744e-01  -1.5299843e-01  -3.1659701e-04   1.7624601e-04   8.0337922e-05
  -4.5294065e-02   2.0946938e-02  -2.8552998e-01   4.5025891e-04   5.1677658e-04   5.4842824e-05
  -1.7387788e-02   3.5780471e-02  -1.4364486e-01   2.5165128e-04   3.5007437e-04   1.1709590e-04
  -3.1215360e-02  -3.3239228e-03  -2.8184968e-01   3.2196288e-04   3.4586896e-04   1.7364741e-05
  -1.9721770e-02   1.1309584e-02  -1.8540336e-01   4.0707334e-04   4.3931005e-04   7.0168596e-05
  -2.1393206e-02   1.1313481e-01  -2.2725491e-01   4.8319331e-05   3.1410292e-04   1.2407747e-04
  -1.9173601e-02  -1.2093210e-02  -2.5093281e-01   6.6671405e-04   3.5794211e-04   3.7508462e-05
  -1.9843875e-02   1.8299467e-01  -2.4225997e-01  -4.1266618e-04   3.9382841e-04   2.0477903e-04
  -2.3451310e-02  -1.9172322e-04  -2.8449306e-01   5.6376399e-04   3.6576339e-04   1.5974200e-04
  -2.5353308e-02   8.4516839e-02  -1.8961890e-01  -1.2907410e-04   4.6438128e-04   2.0783707e-04
  -7.2512328e-03  -2.9455482e-02  -3.0262007e-01   7.5266635e-04   5.5591790e-05   7.3845838e-05
  -5.0854170e-03   1.2755041e-01  -1.3987879e-01  -1.9962747e-04   2.5994672e-04   9.5226392e-05
  -1.7191848e-02  -1.7596157e-02  -3.1563014e-01   3.9744165e-04   1.2031545e-04  -2.0315682e-05
  -8.5700066e-03   7.7143359e-02  -2.0967747e-01  -4.8247432e-05   1.7691349e-04  -3.4545330e-05
  -2.0335580e-02   9.8524107e-02  -2.6312364e-01  -2.4305891e-04   2.6672205e-04   2.9549522e-05
  -2.2927206e-02   2.3435968e-02  -2.6191165e-01   1.9313286e-04   2.5788937e-04  -4.9349449e-05
  -3.8963954e-02   1.5426012e-01  -2.5261467e-01  -5.7471296e-04   5.1067805e-04   1.1869333e-04
  -3.0655792e-02   1.6601247e-02  -3.1523463e-01   5.3954352e-04   2.5418450e-04  -6.9844319e-05
  -3.5629228e-02   2.1826089e-01  -1.9094840e-01  -4.5227361e-04   5.8553348e-04   8.5654268e-05
  -3.2473447e-02   3.4542902e-02  -3.2727898e-01   9.3274829e-04   2.9231174e-04   1.2886266e-04
  -2.0967719e-02   4.0433532e-02  -1.9949680e-01   7.4637040e-05   2.8889059e-04   4.0728055e-05
  -1.2508104e-02  -5.0416024e-02  -3.9802526e-01   1.7247726e-03  -8.6965856e-05  -1.3949808e-04
  -3.5493616e-02   8.8066072e-02  -3.1567355e-01   8.9642886e-04   4.1501552e-04   6.6959547e-05
  -3.4900077e-02  -3.1129343e-03  -2.4284690e-01   4.0907922e-04   3.4375931e-04  -8.9183312e-05
  -2.8941077e-02   1.0290559e-01  -2.9020189e-01   7.7569702e-04   2.1868172e-04   7.6948098e-06
  -3.0471949e-02   3.7346642e-02  -2.4242413e-01   7.2458005e-04   4.3324006e-04  -3.5281430e-05
  -3.9093961e-02   9.1875148e-02  -2.4160853e-01  -1.2371812e-04   4.1883594e-04   3.5914267e-05
  -1.7412732e-02  -5.4950627e-02  -3.0165121e-01   7.0343438e-04   3.8558499e-06  -1.2761159e-04
  -2.7047485e-02   1.3494366e-01  -2.3406665e-01  -1.1340544e-04   4.2206408e-04   1.3376845e-04
  -1.9609300e-02   6.5954699e-03  -3.3454301e-01   8.7545627e-04   1.6823658e-04  -3.7089208e-05
  -2.0606709e-02   1.1271165e-01  -2.6178961e-01   2.9465421e-04   4.4317215e-04   1.2853482e-04
  -1.9279318e-02   3.2886335e-02  -2.5748456e-01   1.2973988e-04   2.8951976e-04   2.1690610e-04
  -1.1280720e-02  -2.4200923e-02  -3.1551079e-01   1.1389080e-03   6.9946959e-05   7.6720683e-05
  -1.1396831e-02   1.3985067e-01  -2.1736138e-01   1.3841844e-04   1.8969010e-04   8.0630827e-05
  -2.5141794e-02   2.5639129e-02  -3.4603691e-01   1.2041600e-03   1.5318225e-04   7.1191907e-05
  -5.2332307e-03   1.6829705e-01  -2.5030747e-01   6.7383873e-04   1.7475371e-05   1.6036209e-04
  -1.2341597e-02  -1.2057823e-02  -3.1299016e-01   1.2649043e-03   2.3560350e-05   9.3993801e-05
  -6.3006765e-03   1.1498439e-01  -2.3211888e-01   3.3601371e-04   3.1769619e-05   1.3665953e-04
  -1.0523023e-02  -6.9262208e-03  -3.2671126e-01   1.0111442e-03   1.4011703e-05  -6.2508381e-05
  -5.3416959e-03   1.1225948e-01  -1.9591824e-01   3.8212090e-04   9.9125920e-05   4.5361957e-05
  -1.4762834e-02   5.6094667e-03  -3.3609756e-01   9.9154143e-04  -1.0695870e-05  -6.4452711e-05
  -1.4594887e-02   1.8166349e-01  -2.7653904e-01   2.9641858e-04   1.7353527e-04   2.4236329e-05
  -1.7707095e-02  -8.8857559e-03  -3.0227555e-01   5.4498174e-04   1.3849601e-04  -1.0582192e-04
  -2.4008626e-02   1.9621275e-01  -2.9023209e-01   3.5221180e-04   2.8849882e-04   1.8276806e-05
  -2.5194935e-02  -6.6239789e-03  -3.1700029e-01   5.4036236e-04   2.9352810e-04  -3.0074304e-05
  -2.2874753e-02   9.2255674e-02  -2.7579581e-01   3.4590534e-04   3.7410388e-04   1.2188108e-05
  -1.5416246e-02  -2.3946202e-02  -3.3546409e-01   1.0284340e-03   1.6614670e-04  -7.1050876e-05
  -1.7305360e-02   1.1982912e-01  -2.6001440e-01   2.0191276e-04   2.4408495e-04  -3.6144730e-05
  -1.3838537e-02  -7.9396029e-02  -2.9678025e-01   1.0363033e-03   1.4896022e-04  -1.3646267e-04
  -2.6568566e-02   2.4997052e-01  -2.5892039e-01  -2.5036593e-04   4.6786198e-04   1.2349348e-04
  -2.3751727e-02  -6.9624825e-02  -3.0795266e-01   1.1805378e-03   2.9086777e-04  -9.4092543e-05
  -2.8612458e-02   1.2205477e-01  -2.8326419e-01   4.2863783e-04   3.0071251e-04   5.2283203e-05
  -2.4225340e-02  -1.3296337e-01  -3.0245619e-01   1.0027583e-03   1.3833681e-04  -2.2106154e-04
  -3.2157986e-02   1.1741934e-01  -2.8894777e-01   5.4922971e-04   3.5972927e-04  -2.9478471e-05
  -2.4077072e-02  -5.0130870e-02  -3.0399299e-01   8.0294416e-04   1.8437365e-04  -2.2765689e-04
  -3.7326742e-02   1.0088490e-01  -3.2652895e-01   1.0917856e-03   3.8734416e-04  -1.0575961e-04
  -2.6672375e-02  -8.0713181e-03  -2.7603059e-01   9.6994500e-04   2.9463767e-04  -1.6030173e-04
  -3.4247549e-02   6.8785918e-02  -3.4785076e-01   9.9549299e-04   2.2167763e-04  -1.1316464e-04
  -2.5196658e-02  -2.0606030e-02  -2.5972761e-01   9.1962519e-04   3.2347144e-04  -7.6261189e-05
  -3.5208184e-02   7.9164440e-02  -3.4871950e-01   7.2261958e-04   2.7404892e-04  -1.0701701e-05
  -2.4562965e-02   2.5724701e-03  -2.6182156e-01   7.7535145e-04   3.2573812e-04  -3.4245335e-05
  -3.1911613e-02   6.9013979e-02  -3.4695038e-01   8.9945743e-04   2.5676885e-04  -6.9847753e-05
  -2.7601428e-02  -4.1229558e-02  -2.6547067e-01   5.9431224e-04   3.0456614e-04  -1.3716601e-04
  -3.4711568e-02   1.4906782e-02  -3.7715786e-01   9.3451405e-04   2.3860326e-04  -5.1755278e-05
  -3.0485023e-02  -2.6490983e-02  -2.7781945e-01   6.3710783e-04   4.5895710e-04  -2.6502203e-05
  -2.6874345e-02   2.1112336e-02  -3.8508443e-01   9.9680010e-04   1.3192053e-04  -1.6911492e-06
  -1.4620171e-02  -2.9163955e-02  -2.4279856e-01   7.7792074e-04   1.3687901e-04  -1.0607637e-04
  -2.2051655e-02   2.5528678e-02  -3.9161322e-01   1.1874780e-03   5.2975471e-05  -6.9484771e-05
  -2.2723909e-02   4.9064178e-02  -2.8129700e-01   7.0259429e-04   3.7848613e-04  -2.9522789e-05
  -1.9624425e-02   5.3423602e-02  -3.6634482e-01   1.1560911e-03   1.0178639e-04  -1.3766151e-05
  -3.0803737e-02   4.2371419e-02  -3.2442133e-01   5.6039010e-04   4.2786978e-04  -8.1294829e-05
  -1.7613341e-02   5.3674016e-02  -3.2687930e-01   8.9715601e-04   2.1320947e-04   1.1168669e-05
  -2.2325385e-02  -5.8582307e-02  -3.9440909e-01   1.3498547e-03   1.5592340e-04  -1.5787139e-04
  -3.5241076e-02   1.4731750e-01  -3.1216890e-01   4.3240048e-04   4.8568568e-04   1.0906145e-05
  -2.2854532e-02  -7.1147554e-02  -3.7642796e-01   1.1766570e-03   1.8616480e-04  -1.4608653e-04
  -3.0998555e-02   1.6668583e-01  -3.1989736e-01   5.4859552e-04   4.1389438e-04   5.2354939e-06
  -3.6597472e-02  -6.6996152e-02  -3.5698825e-01   8.9844370e-04   3.3455311e-04  -1.3812105e-04
  -2.8717197e-02   1.4032000e-01  -3.1665866e-01   7.0915782e-04   4.6805793e-04   2.2549080e-05
  -2.4443457e-02  -9.7451728e-02  -3.9181653e-01   1.3470876e-03   1.6302716e-04  -1.5882499e-04
  -2.7510286e-02   1.6544302e-01  -2.8240120e-01   6.8781111e-04   4.1999020e-04   6.5313189e-05
  -1.7218630e-02  -4.5223665e-02  -3.7231430e-01   1.6573598e-03  -5.4180154e-06  -8.7304513e-05
  -1.2788315e-02   1.8445736e-01  -2.6634184e-01   8.8283263e-04   1.8717354e-04   8.5666732e-05
  -1.9594160e-02  -5.4020299e-02  -3.7607568e-01   1.6565112e-03   4.2762475e-05  -1.3426624e-05
  -1.6223968e-02   1.2578125e-01  -2.6067583e-01   8.2878112e-04   2.4549625e-04   9.5920613e-05
  -2.7080477e-02  -4.0105126e-02  -3.6753939e-01   1.6131135e-03   1.6819496e-04  -3.2838733e-05
  -1.4530709e-02   1.3265496e-01  -2.7452817e-01   7.1432212e-04   2.6849514e-04   7.6084942e-05
  -2.9879719e-02   1.4298586e-02  -3.8032416e-01   1.4136104e-03   1.9572753e-04  -1.1087717e-05
  -2.2931124e-02   1.6892861e-02  -2.5543023e-01   6.5166345e-04   3.0114540e-04   9.9253308e-05
  -2.4325041e-02  -1.5865181e-02  -3.6361039e-01   1.3171423e-03   1.8605250e-04  -3.7964181e-06
  -2.3728400e-02   8.1509509e-02  -2.8758990e-01   7.4831043e-04   2.7846732e-04  -8.4394086e-06
  -2.7596618e-02  -2.4746327e-02  -3.1832220e-01   1.1009585e-03   1.7627833e-04   7.7277034e-05
  -3.1611124e-02   1.7502323e-02  -3.4806033e-01   9.2356841e-04   3.0985780e-04  -3.0143524e-05
  -3.5795492e-02   8.2029022e-02  -2.8862945e-01   5.8742492e-04   4.2601511e-04   9.6773288e-05
  -2.8225966e-02  -5.9865035e-02  -3.9223903e-01   1.5774675e-03   1.4694686e-04  -9.4459105e-05
  -2.6080513e-02   1.4346807e-01  -2.5773354e-01   5.2787585e-04   3.7495965e-04   8.3146966e-06
  -2.5415873e-02  -4.6751486e-02  -3.8611167e-01   1.3575222e-03   6.4998205e-05  -1.3041147e-04
  -1.7245820e-02   1.2979904e-01  -2.8085303e-01   6.5400218e-04   3.0581419e-04  -7.9742400e-05
  -2.9068235e-02  -1.3093999e-03  -4.0469674e-01   1.3409394e-03   1.6825705e-04  -1.3795457e-04
  -1.1275401e-02   1.1544551e-01  -2.5522681e-01   6.0813518e-04   3.3490937e-04  -4.4591972e-05
  -1.7883243e-02  -2.7695283e-02  -4.0356901e-01   1.4562676e-03  -2.3443172e-05  -9.7429726e-05
  -2.0714074e-02   7.5247420e-02  -2.8265734e-01   9.5541132e-04   2.6471887e-04  -1.0465699e-04
  -2.9035032e-02   5.8996059e-03  -3.9723208e-01   1.2825591e-03   2.1253655e-04   1.4101828e-05
  -1.9199052e-02   4.7569471e-02  -2.9098793e-01   8.5694235e-04   2.0296278e-04  -9.6442612e-05
  -1.4989090e-02   1.0614790e-02  -3.4903726e-01   1.2577946e-03  -6.2217359e-05   2.0883094e-05
  -2.3600679e-02  -5.0284726e-02  -3.2176422e-01   1.4832838e-03   1.3894541e-04  -1.1323190e-04
  -3.4166098e-02   9.5437679e-02  -3.8517606e-01   1.4833994e-03   1.7156939e-04  -3.9187613e-05
  -2.6382212e-02  -3.0583817e-02  -2.7945096e-01   6.8065712e-04   2.3385645e-04  -1.8606019e-05
  -3.1868071e-02  -5.8981216e-02  -3.9280743e-01   1.5986204e-03   1.7866683e-04  -5.5940684e-05
  -2.7076594e-02   6.4790736e-02  -2.7180891e-01   8.0637388e-04   2.3808174e-04   5.1247930e-05
  -2.6161973e-02  -1.3467374e-01  -3.7063114e-01   2.1268886e-03   1.9108506e-05  -2.1668422e-04
  -1.9424608e-02   1.9051237e-01  -3.2246390e-01   6.8534448e-04   5.1744519e-05   1.6639739e-05
  -2.6433352e-02  -9.1276915e-02  -3.5774917e-01   1.5280486e-03   1.7208221e-04  -2.2848016e-04
  -2.2289547e-02   2.3300029e-01  -3.2373787e-01   3.9908405e-04   1.5715718e-04   1.1825936e-06
  -2.9115746e-02  -5.9339408e-02  -4.0353204e-01   1.6662723e-03   2.0233132e-04  -2.2055357e-04
  -2.4465169e-02   1.6151537e-01  -2.9460451e-01   4.1183634e-04   2.8336881e-04   3.0393763e-05
  -3.1081020e-02  -6.5484448e-02  -4.0817471e-01   1.8770043e-03   2.3478201e-04  -1.1869856e-04
  -1.5927245e-02   1.9402166e-01  -3.0793200e-01   6.9886173e-04   1.6761663e-04   5.3392829e-05
  -2.1827700e-02  -3.3921556e-02  -4.0716048e-01   1.8489894e-03   7.6770187e-05  -1.8918662e-04
  -2.1118939e-02   1.7666898e-01  -3.1288352e-01   6.6511719e-04   2.0326803e-04   1.7599615e-05
  -2.9824920e-02  -1.5326880e-02  -4.1064440e-01   1.6876921e-03   1.3524565e-04  -2.2855356e-04
  -2.4267737e-02   1.4013236e-01  -2.9215081e-01   6.2969571e-04   3.3871987e-04   4.9901602e-06
  -1.9213686e-02  -6.2664007e-02  -4.1090995e-01   1.8167058e-03   3.6614376e-06  -2.7091538e-04
  -1.5965548e-02   1.6703575e-01  -3.0464583e-01   7.2966672e-04   1.7949873e-04  -1.7838951e-05
  -2.5558507e-02  -1.9489696e-02  -4.2978142e-01   1.5801932e-03   3.0163763e-05  -2.5987220e-04
  -1.8588918e-02   1.0304123e-01  -3.2065488e-01   8.9541409e-04   2.1089780e-04  -1.2561450e-04
  -2.2615297e-02   5.9200764e-02  -4.3239905e-01   1.4419220e-03  -3.7675861e-05  -1.4715356e-04
  -1.8582501e-02   5.3879758e-02  -3.3087434e-01   1.0736959e-03   1.4839020e-04  -5.8952240e-05
  -2.4068724e-02   2.4211100e-02  -4.2589979e-01   1.5775905e-03  -1.8876832e-05  -1.4328004e-04
  -2.4170466e-02  -4.3851800e-04  -3.6025804e-01   1.2876383e-03   1.5359694e-04  -1.3560699e-04
  -2.8211197e-02   5.3441627e-02  -4.2213068e-01   1.3024136e-03   5.0329497e-05  -9.8746570e-05
  -1.7060840e-02  -3.0349411e-02  -3.6550230e-01   1.0224284e-03   9.5528397e-05  -1.9845400e-04
  -2.7173189e-02   2.2756351e-02  -4.3497054e-01   1.3407837e-03  -1.7514379e-05  -2.0298421e-04
  -1.8048919e-02   2.2071152e-02  -3.3014463e-01   9.0840878e-04   3.2048535e-05  -1.6002216e-04
  -2.1502898e-02   5.1138584e-02  -4.5502942e-01   1.7052634e-03  -1.7847964e-04  -2.4075796e-04
  -2.8149940e-02   5.4148585e-02  -3.2597825e-01   7.8725572e-04   1.4745668e-04  -1.5582891e-04
  -2.0199756e-02   3.1591112e-02  -4.5419700e-01   1.5320882e-03  -2.1451803e-04  -1.7413508e-04
  -1.6496966e-02   8.4533626e-02  -3.2970007e-01   9.3611398e-04  -4.8811226e-05  -1.5787275e-04
  -2.2903631e-02  -1.9272119e-02  -4.5201622e-01   1.8243829e-03  -2.1765719e-04  -1.7122541e-04
  -1.9426759e-02   1.5088250e-01  -3.9577240e-01   1.1418058e-03  -1.1507137e-04  -1.5220255e-04
  -1.8179340e-02   2.7484171e-02  -4.2510132e-01   1.9121168e-03  -2.5417909e-04  -2.4861862e-04
  -2.4099963e-02   1.4160556e-01  -3.6113000e-01   6.6284716e-04  -5.9351380e-05  -6.1583878e-06
  -2.3320693e-02  -3.7943436e-02  -3.7971620e-01   1.8681458e-03  -1.4134821e-04  -2.7319003e-04
  -2.6585510e-02   1.6028878e-01  -3.8425669e-01   1.0507515e-03  -2.6324104e-05   5.2145856e-06
  -1.4541430e-02  -1.2711982e-01  -3.7949163e-01   1.4672131e-03  -2.2909336e-04  -3.5043432e-04
  -1.7789761e-02   7.6269820e-02  -4.3109670e-01   1.6319577e-03  -2.0078590e-04  -1.3874600e-04
  -1.5580761e-02  -1.8220407e-02  -3.6731222e-01   8.2154124e-04  -1.1169850e-04  -2.8768053e-04
  -1.4024620e-02   5.6880353e-02  -4.5874554e-01   1.9296573e-03  -2.9493577e-04  -2.3796206e-04
  -2.2719886e-02   1.2220189e-01  -3.6686214e-01   8.6274101e-04   2.2302478e-05  -1.4872176e-04
  -1.5352143e-02  -3.0954420e-02  -4.4697129e-01   2.1555308e-03  -2.4362099e-04  -2.5826675e-04
  -1.9354902e-02   2.1643516e-01  -3.8945833e-01   9.8734326e-04  -4.4392275e-05  -6.4467065e-05
  -1.5213629e-02  -8.4462049e-02  -3.9643218e-01   1.5544367e-03  -8.8737280e-05  -3.1116310e-04
  -1.7211163e-02   1.2167856e-01  -4.3927225e-01   1.7440321e-03  -2.1093137e-04  -1.1706723e-04
  -6.3523179e-03  -8.1888247e-03  -3.4132256e-01   8.0606711e-04  -1.7187859e-04  -2.7685729e-04
  -5.8213347e-03  -1.3215907e-02  -4.5869654e-01   1.8521747e-03  -4.5801112e-04  -2.9085773e-04
  -1.6657154e-02   1.7721525e-01  -4.1555308e-01   1.3062968e-03  -1.1035555e-04  -2.1156477e-04
  -1.5717900e-02  -4.7102983e-02  -4.0655081e-01   1.3602613e-03  -1.7039419e-04  -3.1487137e-04
  -2.9081762e-02   1.2783400e-01  -4.4295713e-01   1.1627027e-03  -5.6866221e-06  -2.0408709e-04
  -1.6452727e-02   1.4550653e-02  -3.8900072e-01   1.4110753e-03  -5.6524924e-05  -3.2839718e-04
  -2.0793034e-02   3.0045622e-02  -4.6134356e-01   1.6047786e-03  -2.0742001e-04  -2.5285670e-04
  -1.0674274e-02  -2.2940007e-02  -3.5347118e-01   1.1786401e-03  -1.4797448e-04  -3.1542448e-04
  -2.8259195e-03   1.7595480e-03  -4.6738496e-01   1.9913244e-03  -5.4961805e-04  -2.8406253e-04
  -1.0984017e-02   1.5946249e-01  -3.9590321e-01   1.1283181e-03  -2.4752150e-04  -2.6795934e-04
   1.5086086e-03  -5.3525444e-02  -4.5327362e-01   1.9923732e-03  -4.8124017e-04  -3.4790646e-04
  -6.5476172e-03   1.7865596e-01  -3.9471445e-01   7.7514023e-04  -2.4137950e-04  -2.2978575e-04
   9.0550496e-04  -6.1115607e-02  -4.7823209e-01   1.9841695e-03  -4.5995085e-04  -3.5900227e-04
  -2.0469443e-02   2.3055509e-01  -4.4089154e-01   9.1110452e-04   1.5900469e-05  -2.7237027e-04
  -7.5885551e-03   5.6780784e-02  -4.6126099e-01   1.7760177e-03  -2.2295684e-04  -3.4465430e-04
   1.8806382e-03   5.3940452e-02  -3.4403821e-01   1.3387614e-03  -4.1429201e-04  -2.1996724e-04
  -1.6232076e-02   4.5400868e-02  -4.7750395e-01   1.6329517e-03  -2.2657160e-04  -2.8570835e-04
  -1.1413331e-02   4.1104735e-02  -3.5852978e-01   1.0732649e-03  -1.5136945e-04  -2.6977992e-04
  -1.2552330e-02  -1.1610278e-02  -4.7383031e-01   1.9359367e-03  -3.9315496e-04  -3.3928077e-04
   7.0614043e-05   1.0322899e-01  -3.6406416e-01   1.2839029e-03  -3.6086304e-04  -2.6385081e-04
  -2.9819257e-03  -3.5389204e-02  -4.8929025e-01   2.3577627e-03  -5.4852893e-04  -3.7599658e-04
  -9.9752297e-03   1.9918201e-01  -3.5932003e-01   8.8756200e-04  -2.0682042e-04  -2.4897392e-04
  -1.5544496e-02  -9.1650776e-02  -4.8155736e-01   2.1925652e-03  -4.0550320e-04  -3.9556086e-04
  -1.0668381e-02   2.0929999e-01  -4.1369707e-01   1.1103922e-03  -2.4290118e-04  -1.1629223e-04
  -2.0796227e-02  -4.2963355e-02  -4.6215063e-01   1.9321877e-03  -2.6977183e-04  -3.9634802e-04
  -2.1750190e-02   1.4213792e-01  -4.2662532e-01   1.4180132e-03  -8.9657486e-05  -1.6763673e-04
  -1.5792351e-02  -4.7583334e-02  -4.4719897e-01   1.6107311e-03  -2.5685712e-04  -3.6148907e-04
  -1.9021282e-02   4.7209577e-02  -4.7004129e-01   1.7081838e-03  -2.4269660e-04  -3.0632929e-04
  -9.1565099e-03  -2.2175481e-02  -4.0339699e-01   1.4800848e-03  -2.8251530e-04  -3.3776154e-04
  -1.7766010e-02   1.1795113e-01  -4.7961302e-01   1.5171063e-03  -2.9017835e-04  -2.7059746e-04
  -1.7580169e-02   2.4759416e-02  -3.9478185e-01   1.1948212e-03  -1.9149888e-04  -3.8861706e-04
  -2.0710777e-02   2.3451043e-02  -5.0179377e-01   1.9427980e-03  -3.0484611e-04  -3.8345431e-04
  -9.5812160e-03   1.3018831e-01  -3.9618048e-01   1.0971314e-03  -2.5851385e-04  -3.9243025e-04
  -1.0668912e-02   5.5174385e-04  -4.9935987e-01   2.1617700e-03  -4.6268627e-04  -3.7854276e-04
  -1.0282436e-02   8.2738051e-02  -4.1690134e-01   1.0016955e-03  -2.2265594e-04  -2.9970144e-04
  -1.0084099e-02  -3.1742653e-02  -5.0293387e-01   2.3134716e-03  -4.8978794e-04  -4.6042737e-04
  -1.5756837e-02   1.1479705e-01  -4.2891036e-01   1.0084223e-03  -2.1017480e-04  -2.7296338e-04
   9.9191016e-03  -2.8922498e-01  -3.5311323e-01   9.1651369e-04  -6.2537272e-04  -9.3625727e-04
  -1.8747362e-03   9.5732047e-03  -4.9250382e-01   2.5913473e-03  -7.9209258e-04  -7.3580087e-04
  -5.9619128e-03   2.8841265e-01  -5.1309218e-01   1.9572430e-03  -4.8434955e-04  -5.0591289e-04
  -1.7288450e-02   8.2511095e-02  -4.8371295e-01   1.4443006e-03  -3.2505010e-04  -5.0818386e-04
  -7.9547275e-03   5.0611808e-02  -4.7707354e-01   1.6600594e-03  -5.1611703e-04  -4.4824425e-04
  -1.0136134e-02   2.2286101e-02  -4.7675296e-01   2.0266187e-03  -4.9326613e-04  -4.9538626e-04
   4.1019251e-03   9.0898412e-02  -4.5645555e-01   2.1138536e-03  -6.6506530e-04  -2.0406497e-04
  -3.3230941e-03   2.3251995e-02  -4.7006083e-01   2.0223790e-03  -6.2021434e-04  -4.4889960e-04
  -4.8468286e-03   6.4463232e-02  -4.2679729e-01   1.5605821e-03  -5.4621659e-04  -2.7976439e-04
   3.7968791e-03  -4.4466962e-02  -4.7575504e-01   1.8358984e-03  -7.6879992e-04  -5.1946019e-04
   2.4590092e-04   1.0905661e-01  -4.1768918e-01   1.1398039e-03  -5.4529783e-04  -3.1448593e-04
  -2.6057662e-03  -5.9670812e-02  -5.1814413e-01   2.1175224e-03  -6.7177049e-04  -5.4574167e-04
  -5.4252884e-03   2.9265249e-02  -4.5682578e-01   1.3538119e-03  -4.8326604e-04  -4.7111135e-04
  -1.8929670e-02   9.6702230e-02  -5.4196996e-01   1.5648901e-03  -4.0525029e-04  -5.5401414e-04
  -1.4209860e-02   5.6568739e-02  -4.6060482e-01   8.7932112e-04  -2.4532038e-04  -4.2899580e-04
  -1.6694753e-02   2.6475592e-02  -5.5267772e-01   1.9534452e-03  -4.2676146e-04  -5.9722134e-04
  -9.9174590e-03   1.6298583e-01  -4.5893018e-01   1.1497514e-03  -3.1033832e-04  -5.3410339e-04
  -1.6675333e-02  -1.5443363e-02  -5.4373304e-01   1.7985996e-03  -4.5857311e-04  -6.3618828e-04
  -8.3466517e-03   4.8555696e-02  -4.3305161e-01   1.1623281e-03  -3.4096785e-04  -5.1945778e-04
  -7.8516392e-03  -1.3254266e-02  -5.4222276e-01   2.0146730e-03  -5.4973918e-04  -6.8512522e-04
  -1.1581851e-02   1.4228179e-01  -4.3309008e-01   1.1451433e-03  -3.5125488e-04  -5.6862766e-04
  -1.1841183e-02   6.9367270e-02  -5.4263559e-01   2.0691249e-03  -4.7854598e-04  -6.0273570e-04
  -7.0680469e-03   9.4349852e-02  -4.4725052e-01   1.4427632e-03  -4.2407993e-04  -5.5927123e-04
  -1.4378546e-02   7.5401147e-02  -4.9542405e-01   1.3163648e-03  -4.4087530e-04  -5.4494122e-04
  -1.2660985e-02  -1.8582755e-02  -5.0118523e-01   1.9640458e-03  -3.9218232e-04  -6.8818937e-04
  -7.7811011e-03   1.8691774e-01  -4.7713712e-01   9.8153968e-04  -4.0756703e-04  -5.0335685e-04
  -9.4114596e-03  -2.6664407e-02  -5.3041044e-01   2.2706791e-03  -4.7704264e-04  -7.4455004e-04
  -6.0614010e-03   1.6241260e-01  -4.4599541e-01   1.0547177e-03  -4.5469698e-04  -5.0180438e-04
  -1.6400713e-02  -2.5446451e-02  -5.2762991e-01   2.1477419e-03  -4.5884668e-04  -6.0370764e-04
  -6.3353393e-03   6.2261375e-02  -4.6315832e-01   1.5022150e-03  -4.4695804e-04  -5.4847250e-04
  -1.5879417e-02   8.3805821e-02  -4.8014819e-01   1.7095099e-03  -3.8946124e-04  -5.0870784e-04
   2.7522219e-06   1.3713764e-02  -5.0255911e-01   1.9090485e-03  -6.3587763e-04  -6.5151030e-04
  -7.8365689e-03   9.3196106e-02  -4.5970386e-01   1.3781214e-03  -4.9546592e-04  -5.3978867e-04
  -4.5355043e-03  -4.1699071e-02  -5.2466030e-01   2.2295039e-03  -6.8057094e-04  -6.5294350e-04
   2.4785544e-03   1.2788882e-01  -4.3346156e-01   1.4141198e-03  -5.8951430e-04  -5.7032451e-04
  -1.0617200e-02   2.5526615e-02  -5.4757729e-01   2.1274494e-03  -5.8714895e-04  -7.0754550e-04
  -2.5047600e-03   1.0902507e-01  -4.6856716e-01   1.7615339e-03  -4.8028705e-04  -5.9592242e-04
  -7.9355427e-03   4.5621329e-02  -4.9516488e-01   1.4187885e-03  -5.3463396e-04  -6.1274431e-04
   4.1888599e-03   1.2762884e-02  -5.2266833e-01   2.0713595e-03  -6.6954844e-04  -7.0026838e-04
  -8.7630293e-03   1.5242307e-01  -4.6961756e-01   1.2223500e-03  -4.6958452e-04  -5.4808480e-04
   2.8492802e-03  -3.5590695e-02  -5.3625461e-01   2.5046773e-03  -7.6044023e-04  -7.0309697e-04
  -2.3463733e-03   1.6807390e-01  -4.5139297e-01   1.3345026e-03  -5.6139050e-04  -5.5954554e-04
  -8.8029063e-03   4.8907751e-02  -5.6048893e-01   2.2410364e-03  -5.5474602e-04  -6.0327109e-04
   1.1333315e-02   1.4571632e-01  -4.4216837e-01   1.5664923e-03  -5.5747429e-04  -4.8494355e-04
   3.1538902e-03   2.3115373e-02  -5.5982758e-01   2.3417218e-03  -7.6453277e-04  -6.6333533e-04
   6.8933851e-03   7.7527166e-02  -4.3717085e-01   1.4367056e-03  -6.2229892e-04  -6.5603780e-04
  -7.5531097e-03  -1.8867350e-02  -5.5102850e-01   2.1101898e-03  -6.4059933e-04  -6.3469853e-04
   1.1186947e-02   4.0392531e-02  -4.4934127e-01   1.6574190e-03  -6.9850275e-04  -5.9907413e-04
  -3.8950418e-03   1.2352048e-02  -5.5400620e-01   2.0669770e-03  -7.0893548e-04  -6.0322744e-04
   6.1141543e-03   7.5570624e-02  -4.5787153e-01   2.0650893e-03  -6.7383220e-04  -6.2241151e-04
   1.0405345e-02   5.6925582e-02  -5.5377964e-01   2.2516988e-03  -9.1649097e-04  -5.2877056e-04
   3.1071872e-03   2.5185677e-02  -4.6927068e-01   2.1219686e-03  -6.6228444e-04  -6.0592646e-04
   3.0735481e-03  -8.9683036e-03  -5.1370481e-01   1.9989732e-03  -8.0954366e-04  -4.8735979e-04
   1.3528083e-04   9.2873400e-03  -5.1472912e-01   2.1604359e-03  -7.0720509e-04  -6.5642396e-04
   4.0078987e-03   9.4055278e-02  -4.8716740e-01   1.8701938e-03  -7.4417677e-04  -5.5069764e-04
  -4.8138866e-03  -7.2533792e-02  -5.5371405e-01   2.6750591e-03  -7.5408611e-04  -8.0063219e-04
  -8.8829480e-03   1.4144404e-01  -4.9634202e-01   1.5762678e-03  -4.6717475e-04  -6.0100517e-04
  -1.6354805e-03  -5.5060434e-02  -5.5810503e-01   2.5158050e-03  -7.4448451e-04  -7.5667655e-04
  -2.0836634e-03   1.4604219e-01  -4.7309451e-01   1.5571543e-03  -4.9323986e-04  -5.1576246e-04
   1.1218926e-03  -3.6273399e-02  -5.5359585e-01   2.4110460e-03  -7.7802144e-04  -6.7802657e-04
   1.6200724e-03   1.4835085e-01  -4.6833637e-01   1.6055339e-03  -5.1510840e-04  -5.6193230e-04
   1.2816074e-03  -6.9922187e-02  -5.8740500e-01   2.9808423e-03  -7.6610466e-04  -8.4705561e-04
  -8.1236948e-03   1.4401244e-01  -5.6446159e-01   2.7056377e-03  -5.7963710e-04  -7.1915454e-04
  -9.3532371e-03   6.6182398e-02  -4.7872093e-01   1.2632497e-03  -4.2320871e-04  -6.7044871e-04
  -5.8787541e-03  -3.7386056e-02  -5.7078706e-01   2.6271843e-03  -7.4218837e-04  -8.4022025e-04
   3.2728694e-04   1.4308734e-01  -4.6792636e-01   1.5160033e-03  -6.1620073e-04  -7.8037364e-04
   1.1492099e-03   8.2693994e-03  -5.6119044e-01   2.4547149e-03  -7.9947238e-04  -8.0750792e-04
   3.9818703e-03   4.1419910e-02  -4.8281736e-01   1.6934273e-03  -6.3853730e-04  -7.9838074e-04
   2.9448112e-03   4.3824931e-02  -5.5957797e-01   2.3571435e-03  -8.1337358e-04  -7.0856331e-04
   2.0147601e-04   1.0299820e-01  -5.2420265e-01   1.6653288e-03  -6.1761192e-04  -7.8830119e-04
  -4.1697997e-03   3.9297043e-02  -5.8843814e-01   2.4430574e-03  -7.4340924e-04  -7.3691605e-04
   2.6802029e-03   9.7918342e-02  -5.0363140e-01   1.8309038e-03  -6.5246471e-04  -6.9294652e-04
  -1.4910299e-02   3.6884851e-02  -5.6757080e-01   2.2055979e-03  -5.7664609e-04  -7.5162101e-04
   6.4935771e-03   3.7237782e-02  -5.0212119e-01   1.9877519e-03  -7.0938939e-04  -7.6390906e-04
   3.0949980e-04   6.9710381e-02  -5.4869678e-01   2.0592419e-03  -7.3535530e-04  -6.4421516e-04
   8.1900136e-03  -2.9699967e-02  -5.0494464e-01   1.8950842e-03  -7.1160301e-04  -8.0822162e-04
  -3.5123919e-03  -2.5475937e-02  -5.7413287e-01   2.3303448e-03  -7.3524048e-04  -7.1992760e-04
   7.3148406e-03  -2.4788405e-02  -4.9932612e-01   1.7689561e-03  -6.7839372e-04  -8.1787281e-04
   3.6019071e-03   7.8747444e-02  -5.8802347e-01   2.5866197e-03  -8.4892959e-04  -7.9071626e-04
  -1.8461324e-03   2.3241839e-02  -5.1874870e-01   1.6032997e-03  -5.9280330e-04  -7.9825167e-04
  -1.4296026e-03   1.8375191e-02  -5.7275271e-01   2.5858707e-03  -7.2551094e-04  -7.7958959e-04
  -6.3638775e-03   4.6724800e-02  -5.4677449e-01   1.9737682e-03  -5.8937550e-04  -7.8813348e-04
  -1.0709914e-02   1.0546959e-01  -5.6629468e-01   2.2333779e-03  -5.6551718e-04  -7.5299462e-04
   1.4346338e-03  -5.8652956e-02  -5.3000614e-01   2.0260037e-03  -7.1101571e-04  -7.6661029e-04
  -9.0140083e-03   8.4298885e-02  -5.7596105e-01   2.1572624e-03  -6.9577454e-04  -7.4757158e-04
   3.3583863e-04   5.2916596e-02  -5.1799244e-01   1.8020142e-03  -6.1801908e-04  -7.4139306e-04
  -6.8687400e-03   5.4857735e-02  -5.8467347e-01   2.3329893e-03  -7.4557767e-04  -8.1620947e-04
   1.2047291e-02  -2.5365496e-03  -5.2327698e-01   2.0009762e-03  -7.6475902e-04  -8.0529904e-04
   1.9302786e-03   2.3453256e-02  -5.6710038e-01   2.1967193e-03  -8.3344822e-04  -7.3811641e-04
   1.2848674e-02   4.0111444e-02  -5.3746690e-01   1.9905311e-03  -8.0184352e-04  -8.6236236e-04
   3.6165950e-03   6.3757326e-02  -5.6778970e-01   2.5380931e-03  -7.9645011e-04  -7.3799153e-04
   5.9196097e-03   2.5771232e-02  -5.3822638e-01   1.6040365e-03  -6.6736564e-04  -8.0561847e-04
   1.9160347e-03   8.3724752e-03  -5.8431583e-01   2.7268976e-03  -8.4644610e-04  -7.9068834e-04
   1.0158784e-03  -2.2765257e-02  -5.3384867e-01   1.9195491e-03  -7.1726289e-04  -7.6664704e-04
  -7.8164880e-03   1.8183886e-02  -5.6348339e-01   2.2902215e-03  -6.2947308e-04  -6.6725814e-04
   9.3072715e-04  -4.9080991e-02  -5.4819002e-01   2.1485997e-03  -6.9207158e-04  -7.3929230e-04
  -5.3965959e-03   4.3700376e-02  -5.7478464e-01   2.2154912e-03  -7.1623403e-04  -7.4681605e-04
  -1.5577300e-03  -3.9582256e-02  -5.3939895e-01   2.1290032e-03  -6.1969439e-04  -8.0058659e-04
   1.2536420e-03   5.2294321e-02  -5.9185837e-01   2.4537283e-03  -8.6052160e-04  -6.3679034e-04
  -2.0438248e-03   2.5251276e-03  -5.0372904e-01   1.7933915e-03  -6.4285180e-04  -6.9288567e-04
  -1.0892348e-04  -3.7209113e-03  -6.0068006e-01   2.7603226e-03  -8.4617404e-04  -7.0356933e-04
  -3.2439148e-03   1.2864296e-01  -5.4304961e-01   1.9040055e-03  -7.3501783e-04  -7.0814236e-04
   2.9632652e-03  -2.6119697e-02  -5.6010583e-01   2.3101972e-03  -7.7796588e-04  -7.7768585e-04
   2.6815985e-03   8.5706178e-02  -5.8704101e-01   2.3729379e-03  -8.9826232e-04  -5.8733148e-04
  -5.8687606e-04  -1.2889532e-02  -5.4877903e-01   2.2846376e-03  -7.0144039e-04  -7.9871184e-04
   2.2030762e-04  -2.2857201e-02  -5.9536844e-01   2.4482679e-03  -8.5514743e-04  -7.4416430e-04
  -2.6877851e-03   2.8421228e-02  -5.4580138e-01   2.0197104e-03  -6.5720046e-04  -8.5459921e-04
   6.2529169e-03  -1.2184311e-03  -6.0355931e-01   2.8759015e-03  -9.4977277e-04  -8.0193283e-04
  -6.7229943e-05   6.1455841e-02  -5.4369615e-01   1.9073317e-03  -6.2991775e-04  -7.2779513e-04
   2.8580675e-03  -6.9106459e-02  -6.1284956e-01   3.0764152e-03  -8.6216427e-04  -8.3622554e-04
