   0.0000000e+00   0.0000000e+00   0.0000000e+00   0.0000000e+00   0.0000000e+00   0.0000000e+00
   5.3816439e-04  -1.5195733e-01   3.4311887e-02   7.9743700e-04   1.1907720e-04  -2.8503754e-05
  -3.5179840e-02   3.5160649e-02  -1.0580723e-01  -4.1544241e-04   3.9465726e-04   8.5255495e-05
  -1.9001608e-02  -1.7030693e-01   8.9100720e-02   5.7562510e-04   4.0299953e-04   5.3923641e-05
  -1.5452805e-02   4.4244274e-02  -1.4826583e-01  -6.6058143e-04   1.7065729e-04   5.6431408e-05
  -8.9953951e-03  -1.3056585e-01   1.3040992e-01  -5.3535030e-04   2.6913740e-04   1.9221697e-04
   1.4241880e-02  -5.2742945e-02  -1.7076752e-01  -3.7998614e-04  -9.9893779e-05   9.8467341e-05
  -2.2579626e-02   9.5583826e-02  -1.8556803e-02  -9.4092208e-04   2.8018906e-04   1.5173780e-04
  -1.1315671e-04  -1.8113720e-01  -8.2514898e-02   5.4110638e-04   1.5614006e-04  -1.2942489e-04
  -1.9060775e-02   2.2324432e-01  -7.7749903e-02  -1.0693516e-03   1.4582195e-04   1.3715545e-04
  -5.1797909e-03  -2.0130113e-01   6.4612391e-03   5.2312750e-05   2.3827314e-04   5.3142883e-05
  -1.1842323e-02   1.8305992e-01  -1.8919854e-01  -1.2818679e-03   3.8559633e-05   7.2196233e-05
  -7.9044814e-03  -1.2847993e-01   1.0208526e-01  -1.0654664e-03   2.5337732e-04   1.2992347e-04
   2.6533793e-02  -4.7385495e-02  -1.9591774e-01  -6.2584372e-04  -2.9233455e-04   1.4643622e-04
  -1.7206705e-02   1.1795699e-01   9.0667761e-03  -1.5186266e-03   2.5168616e-04   2.8930187e-04
   9.8026502e-03  -1.8575266e-01  -1.3105653e-01   4.3181243e-05   4.6269984e-05   5.0427795e-05
  -2.8095217e-02   2.8562743e-01  -1.6407534e-01  -1.3061817e-03   3.0086324e-04   1.5859074e-04
  -2.0074121e-02  -1.4061895e-01   5.7869758e-02  -6.7577284e-04   4.2678051e-04   1.3035175e-04
  -3.6740849e-03   4.3480575e-02  -2.0070757e-01  -1.0381726e-03   6.8928131e-05   1.2270922e-04
  -1.6416847e-03   2.1946825e-02  -4.5092644e-03  -1.1384378e-03   7.7193053e-05   1.5854935e-04
   4.5674699e-04  -1.6961654e-01  -1.2461914e-01   2.1963041e-04   5.6170214e-05  -2.3541878e-04
  -4.6217667e-02   2.6653018e-01  -1.6007760e-01  -1.3802122e-03   3.4619552e-04  -4.6828393e-05
  -1.5577608e-02  -1.1470289e-01   7.5538987e-03  -1.2911362e-03   3.5472242e-04  -1.0471434e-04
  -1.2449688e-02   3.7571755e-02  -2.0283876e-01  -1.5479078e-03   1.5265454e-04  -1.0474185e-04
  -6.2002420e-03  -9.6426364e-02   5.0496559e-02  -9.2241950e-04   2.1221100e-04  -1.3472548e-04
  -2.6689995e-03   1.9872222e-02  -2.2319158e-01  -1.4128047e-03   4.4255401e-05  -9.6982230e-05
  -3.4162866e-03  -9.1980570e-02   6.6852414e-02  -1.5881286e-03   2.4425918e-04  -4.4971408e-05
   1.3989433e-02   4.2050871e-02  -2.2439676e-01  -1.1346754e-03  -1.8101307e-04  -5.8676872e-05
  -1.4629536e-02   6.7389305e-02  -1.6896609e-02  -1.7259153e-03   2.0737549e-04   6.0923565e-05
   1.3708264e-02  -8.7713012e-02  -1.7031965e-01  -2.9072823e-04  -4.9622085e-05  -9.2465585e-05
  -1.8657660e-02   1.4890570e-01   1.5154444e-02  -1.9401532e-03   2.9297014e-04   5.5275078e-05
   1.2895666e-02  -9.1335357e-02  -2.1612231e-01  -6.6756684e-04  -6.8916015e-05  -1.1916747e-04
  -3.1400251e-02   2.3207530e-01  -6.1726646e-02  -1.7351032e-03   3.0037157e-04  -5.1615611e-05
  -4.0489996e-03  -8.4348298e-02  -1.5907821e-01  -3.6871034e-05   1.2039405e-04  -2.6887110e-04
  -2.2793167e-02   2.4832004e-01  -1.5937091e-01  -1.5126330e-03   2.0075964e-04  -3.4001840e-05
  -1.2132556e-02  -9.1066405e-02  -3.7679042e-02  -8.4606484e-04   3.2807186e-04  -1.5998150e-04
  -3.0463033e-02   1.2919767e-01  -2.2416485e-01  -1.7348514e-03   3.3210420e-04  -1.6689527e-04
  -4.2055698e-03   1.7644504e-02  -4.1936797e-02  -1.7887907e-03   1.9884097e-04  -3.2822645e-05
   2.2882822e-03  -4.4386549e-02  -2.3039799e-01  -5.8504235e-04   1.1487248e-04  -1.8967289e-04
  -2.4621575e-02   1.7291830e-01  -2.7522262e-02  -1.8979091e-03   4.0271585e-04  -9.8044888e-05
   2.7995524e-03  -1.2891292e-01  -1.9468915e-01  -2.9132729e-04   2.0773318e-04  -2.6229627e-04
  -4.0090289e-02   2.7151767e-01  -1.8775102e-01  -1.6629039e-03   3.9140463e-04  -8.9482017e-05
  -2.3192979e-02  -1.2505991e-01  -4.0688848e-02  -1.2140810e-03   5.4586761e-04  -2.1144077e-04
  -6.0636069e-03   6.6280766e-02  -2.3371478e-01  -1.2135818e-03   7.7335221e-06  -1.3495209e-04
  -2.5856476e-02  -7.3370863e-02  -3.7763660e-02  -2.0019031e-03   4.7818230e-04  -1.1481215e-04
   1.7883088e-02  -6.0752823e-02  -2.5282249e-01  -4.6630175e-04  -1.7058962e-04  -1.1819002e-04
  -3.2872578e-02   6.9034386e-02  -6.0018250e-02  -1.2026001e-03   4.4927355e-04  -6.2431724e-05
   1.4389299e-03  -1.4585195e-01  -2.1323409e-01   1.6435803e-04   5.3417128e-05  -2.8314985e-04
  -2.5768300e-02   2.3299014e-01  -1.6809396e-01  -1.4159491e-03   2.1314527e-04  -5.1078556e-05
  -4.7711739e-03  -1.2242773e-01  -1.1667640e-01  -4.6267918e-04   1.9340227e-04  -1.1610260e-04
  -2.5278437e-02   1.7471322e-01  -2.3040220e-01  -1.5541296e-03   2.3053088e-04  -7.0311916e-05
   2.9043074e-03  -1.1124821e-01  -2.7521038e-02  -1.3533334e-03   2.7322912e-04   1.5931140e-04
   1.7314062e-02   1.7550624e-02  -2.4440370e-01  -6.9989983e-04  -2.1453809e-04   1.6850281e-05
  -1.1508698e-03   7.3465783e-02  -1.4636941e-02  -1.4478017e-03  -8.9436471e-06   1.5210242e-05
   7.2135904e-03  -4.9748855e-02  -2.2511220e-01  -2.1995004e-04  -7.4735038e-05  -1.3122077e-04
  -2.3594423e-02   1.5524482e-01  -3.5453045e-02  -1.5659730e-03   1.5965761e-04  -7.1772763e-05
  -5.6769441e-03  -9.0955307e-02  -2.3300972e-01   9.3068263e-05   3.2766093e-05  -2.0427984e-04
  -3.1741149e-02   2.2268199e-01  -4.7797536e-02  -1.5182077e-03   2.0447697e-04  -9.2198461e-05
  -2.1993095e-02  -7.1878992e-02  -2.3422545e-01  -2.4643751e-04   1.9765184e-04  -2.2837973e-04
  -4.0201444e-02   2.1738123e-01  -6.0500127e-02  -1.9144077e-03   3.1506682e-04  -2.4374066e-05
  -1.1120608e-02  -1.3345350e-01  -2.6592026e-01  -2.2557356e-04   1.0783421e-04  -2.1485279e-04
  -3.0076977e-02   2.8000535e-01  -1.0551475e-01  -1.9632788e-03   2.1322917e-04   3.5918236e-05
   2.6483847e-04  -1.1536714e-01  -2.2469882e-01  -2.4166439e-04   9.8091611e-05  -1.4539364e-04
  -1.8433987e-02   2.0898570e-01  -1.7925009e-01  -1.6310667e-03   1.8287832e-04   9.8716371e-05
  -1.6475701e-02  -8.7651572e-02  -1.7396429e-01  -4.0946437e-04   3.5999043e-04  -1.7830911e-04
  -1.5134348e-02   1.4631168e-01  -2.4807134e-01  -1.3397021e-03   2.0318793e-04   1.5180733e-05
  -2.1911449e-02  -9.5032038e-02  -1.1007324e-01  -7.7749369e-04   4.7901242e-04  -1.0158126e-04
  -1.6448976e-02   6.0886802e-02  -2.6773714e-01  -9.8905746e-04   2.4846024e-04   2.3651989e-05
  -1.8236029e-02  -5.2012675e-02  -6.3845261e-02  -1.0015277e-03   4.5902005e-04  -4.4241657e-06
  -7.3348240e-04   1.9608220e-02  -2.6723172e-01  -8.4371039e-04   1.0553938e-04   1.2333689e-06
   9.9408874e-04   4.8094401e-03  -6.6365126e-02  -1.5564623e-03   2.8337798e-04   1.3413845e-04
   1.2796058e-02  -1.0144449e-01  -2.6425426e-01  -2.6275764e-04   1.3953147e-04  -8.6015116e-06
  -1.7412428e-02   1.6680489e-01  -8.6187881e-02  -1.4601030e-03   4.5152920e-04   9.3351870e-05
  -4.4383596e-04  -1.2453030e-01  -2.5085268e-01  -2.6342285e-04   3.4198089e-04  -2.1840572e-05
  -1.8023415e-02   2.4314111e-01  -1.6075572e-01  -1.7686176e-03   3.4867183e-04   7.3657106e-05
   4.7042295e-03  -9.8258283e-02  -1.8665922e-01  -5.9278461e-04   2.7480227e-04  -6.2809843e-05
  -1.1797836e-02   1.5093741e-01  -1.4367052e-01  -1.8734423e-03   2.1751292e-04   1.8878792e-05
  -1.5797886e-02  -5.2885793e-02  -2.1000257e-01  -3.1555570e-04   1.5362028e-04  -2.1803436e-04
  -1.6020184e-02   2.3040747e-01  -1.5287898e-01  -1.5795937e-03   8.8372610e-05   2.3616924e-05
  -7.4450407e-03  -1.6922284e-01  -1.8829344e-01  -1.1806269e-05   2.0922918e-04  -2.9815660e-04
  -8.8397385e-03   1.9942774e-01  -2.3440107e-01  -1.1917882e-03   6.0237603e-05  -5.4883749e-05
  -1.5865152e-02  -1.5813264e-01  -1.0764522e-01  -3.9361995e-04   2.9886598e-04  -2.6658686e-04
  -2.9208832e-02   1.5506296e-01  -2.6605205e-01  -1.5042087e-03   2.8472761e-04  -1.6976245e-04
  -1.6053567e-02  -1.1062946e-01  -3.8284637e-02  -1.1312159e-03   2.6348606e-04  -2.2765829e-04
  -7.5491537e-03  -4.7393270e-02  -2.8292475e-01  -5.4366302e-04   1.1928992e-04  -1.4770931e-04
  -1.6854082e-02   7.5264414e-02  -7.1864045e-02  -1.5474930e-03   2.8351398e-04  -1.0287090e-04
  -1.4488764e-03  -9.2378309e-02  -2.5896488e-01   2.5011327e-04   6.3261677e-05  -1.4469630e-04
  -3.0413633e-02   3.1814260e-01  -1.8999127e-01  -1.3097298e-03   1.5557964e-04   1.1000075e-04
  -2.3421465e-02  -1.7054447e-01  -1.2542933e-01  -5.1138876e-04   4.4400932e-04  -2.9502906e-05
  -2.3806369e-02  -1.1690841e-01   1.0232712e-01  -2.8519694e-04   1.6300978e-04   3.5326184e-05
  -7.0816963e-03  -1.4521184e-01  -2.5846583e-01   4.6940836e-04  -1.8987631e-05  -3.0111554e-04
  -4.8935329e-02   2.8468917e-01  -2.7162032e-01  -6.2708893e-04   2.5983523e-04  -4.1263936e-05
  -2.5230208e-02  -9.9101288e-02  -8.8225696e-02  -2.3394371e-04   1.9947857e-04  -2.8314245e-04
  -1.6326768e-02   1.3584986e-01  -2.8666903e-01  -8.8104257e-04   2.8169334e-05  -8.9300760e-05
  -3.3267740e-02   1.1092620e-02  -1.2575541e-01  -1.2624541e-03   4.0705824e-04  -2.4388047e-05
   1.5307229e-02  -1.5480274e-02  -2.7658333e-01  -5.8945341e-04  -3.1994747e-04  -4.5360748e-05
  -3.2261288e-02   7.8452112e-02  -1.6071750e-01  -1.2312367e-03   3.0963112e-04   1.0760771e-05
  -3.4649943e-03  -7.1411332e-02  -1.7913199e-01  -3.0833659e-04   8.4807797e-05  -8.8214392e-05
  -1.6836513e-02   2.1282873e-01  -2.5063859e-01  -1.6648052e-03   6.9134984e-06  -1.0594933e-04
  -1.6727523e-02  -7.0636152e-02  -4.5822608e-02  -1.7976556e-03   2.0480585e-04  -7.9620732e-05
   1.0183957e-03  -2.2256266e-02  -2.9585200e-01  -9.6372670e-04  -4.2440036e-05  -8.6927339e-05
  -1.7175706e-02   1.7577592e-01  -1.0571996e-01  -1.8972929e-03   2.1268978e-04   7.0869024e-05
   7.4572869e-03  -6.1990868e-02  -2.8138517e-01  -3.3329192e-04   5.0594752e-05  -8.5778419e-05
  -1.8412567e-02   2.2319593e-01  -1.2928833e-01  -1.8596537e-03   1.8896428e-04   1.2330524e-04
  -2.1062004e-03  -1.3776929e-01  -2.6896513e-01   3.2001595e-04   6.2258117e-05  -1.2031387e-04
  -2.6564604e-02   3.3261351e-01  -2.1714866e-01  -1.7360988e-03   1.7667236e-04   9.0325670e-05
  -1.5192079e-02  -7.0324042e-02  -2.2377252e-01  -4.9362531e-04   3.1532559e-04  -1.8362443e-04
  -1.1878070e-02   2.1925662e-01  -2.8202063e-01  -1.6308322e-03   7.5772588e-05   1.9857342e-05
   6.2478121e-03  -6.9623461e-02  -1.5195084e-01  -1.0642606e-03   2.6940699e-04   1.7594679e-05
  -9.1150221e-03  -3.2682592e-01   5.1489826e-02   1.8807835e-03  -1.4531151e-04   3.1576375e-04
  -6.5738612e-03  -3.0357834e-01   6.3862974e-02   2.1664711e-03  -2.2255422e-04   1.9119496e-04
  -3.5619966e-02  -2.2463609e-01  -1.1035874e-01   2.8049310e-03   4.7354349e-04   7.6174955e-04
  -3.5136022e-02   4.9179862e-02  -1.4441404e-01   1.0921654e-03   5.3528944e-04   7.5075921e-04
  -4.2151579e-02   1.3223898e-01  -2.2888466e-01  -1.5651564e-04   5.8095998e-04   4.6264700e-04
  -1.0851305e-02  -1.5980870e-01  -5.1423707e-02   7.4486305e-04   6.1448898e-04   7.3222303e-04
  -3.0603268e-03   2.7500611e-02  -2.9583490e-01   1.1505694e-04   2.9127614e-04   4.3703194e-04
  -6.3125507e-03  -5.2390056e-02  -2.9257367e-02  -8.3997705e-06   3.7077041e-04   4.7544352e-04
   2.9223055e-02  -2.1885036e-01  -4.5167148e-01   1.5540778e-03   2.0013025e-04   6.3938987e-04
  -4.5387893e-02   6.4352174e-02  -3.6133933e-01   6.8351168e-04   8.6782617e-04   2.3197707e-04
  -3.7584007e-02   1.2486517e-01  -3.5123982e-01  -1.5372333e-04   7.2094249e-04   2.9923588e-04
  -2.5137058e-02   8.8067468e-02  -2.7177184e-01  -3.9734665e-04   5.5884544e-04   2.7637629e-04
  -1.6126622e-02  -2.4840332e-01  -1.2307414e-01   9.4107567e-04   5.2990848e-04  -1.5145579e-06
  -3.3906071e-02   1.3718223e-01  -2.6484815e-01  -8.6964212e-04   5.2462083e-04   1.1240840e-04
  -2.2083915e-02  -1.7534715e-01  -5.5021330e-02   4.8907609e-04   3.9810867e-04  -5.7545308e-05
  -4.9878153e-02   1.9647923e-01  -2.9906798e-01  -1.6546031e-03   6.6318141e-04  -4.2057209e-06
  -1.7331238e-02  -1.4701069e-01  -1.5104602e-01  -3.9757878e-04   4.8997586e-04  -8.0862251e-06
  -4.5747386e-02   1.9355437e-01  -3.6038116e-01  -1.6308432e-03   6.4916602e-04   1.8579780e-05
  -1.7968321e-02  -5.0144285e-02  -1.5677180e-01  -1.1605996e-03   6.3265237e-04   1.0034066e-04
  -1.0912846e-02   5.4137376e-02  -3.6833588e-01  -8.6987333e-04   3.0646875e-04   9.7350713e-05
  -1.7494882e-02   1.0508436e-01  -2.1764589e-01  -1.1800612e-03   3.8924402e-04   1.5431430e-04
  -1.2500933e-02  -9.8433266e-02  -2.9906084e-01   2.8189498e-04   3.9781626e-04  -1.4220150e-04
  -4.1002029e-02   2.4054343e-01  -3.1413289e-01  -7.2329535e-04   4.5311635e-04  -1.5336653e-05
  -2.7785378e-02  -1.4426921e-01  -1.8305017e-01  -7.9133063e-04   5.6417616e-04  -1.4390009e-04
  -2.3505593e-02   8.9305298e-02  -3.4942672e-01  -6.7359490e-04   2.3374843e-04  -1.0437930e-04
  -1.9461729e-02   7.0171842e-02  -1.8736542e-01  -1.2849973e-03   2.7575083e-04  -1.2191263e-04
  -9.9494850e-03  -1.1319745e-01  -3.3775236e-01   1.4016933e-04   2.5702658e-04  -2.5411517e-04
  -4.1237005e-02   2.2684082e-01  -2.9518673e-01  -9.9110926e-04   4.2957724e-04  -1.0009706e-04
  -3.6959793e-02  -1.4957842e-01  -2.1662608e-01  -7.0056701e-04   6.7031216e-04  -2.6280529e-04
  -2.7558125e-02   1.7087754e-01  -3.5848942e-01  -1.0049979e-03   2.4275028e-04  -1.3130451e-04
  -3.7760816e-02  -4.3538255e-02  -1.7773172e-01  -1.6304412e-03   7.0031746e-04  -1.8222882e-04
  -2.0284558e-03   1.1603760e-02  -3.7382593e-01  -3.8642748e-04   7.6258695e-05  -1.1780182e-04
  -4.5999138e-02   9.3778295e-02  -1.8121673e-01  -1.2321385e-03   6.7206288e-04  -2.2283701e-04
  -2.0931004e-02  -8.5797351e-02  -3.7335950e-01   1.8464941e-04   3.2752395e-04  -3.6995950e-04
  -4.9104462e-02   2.5111404e-01  -2.8450892e-01  -1.3177525e-03   5.4861267e-04  -2.0171391e-04
  -2.8446065e-02  -1.1640359e-01  -2.6406327e-01  -3.4375142e-04   6.4814101e-04  -3.2333688e-04
  -3.8952865e-02   1.9622977e-01  -3.6810302e-01  -1.4540302e-03   4.4946936e-04  -2.0522085e-04
  -2.9470546e-02  -4.6046978e-02  -1.9169272e-01  -1.0664904e-03   5.9616789e-04  -1.4835123e-04
  -7.0401462e-03   4.0288168e-02  -3.8964623e-01  -5.2401263e-04   9.4420771e-05  -1.9707017e-04
  -2.7094510e-02   1.0268909e-01  -2.7812093e-01  -9.8765774e-04   4.1988977e-04  -1.5922605e-04
  -5.6396191e-03  -8.1847119e-02  -2.9473234e-01   1.0894727e-04   3.1110240e-04  -2.1801563e-04
  -3.1519302e-02   2.1018789e-01  -3.4545925e-01  -1.1742321e-03   4.1985882e-04  -4.6422270e-05
   1.4039084e-02  -1.3728836e-01  -4.8633287e-02  -1.1981892e-03   2.8532829e-04  -1.7968993e-05
   1.6025734e-01  -9.1992998e-01   3.2445237e-01   7.5632437e-03  -1.5536668e-03   6.3022528e-04
   5.0793956e-02   2.4434323e-01  -8.3794820e-02   1.4492529e-03  -9.8040973e-04   8.4620083e-04
  -1.7756776e-02   2.8317451e-01  -2.3571564e-01  -5.1525041e-04  -3.8340718e-04   4.6722384e-04
  -7.1599459e-03   1.5756250e-01  -1.7738803e-01  -7.4532902e-04  -2.4894518e-04   2.2969283e-04
  -1.2515141e-03  -3.6593545e-02  -3.1661803e-01  -6.2457596e-05  -1.5252703e-04   5.7134274e-06
   1.4970372e-03   1.1430523e-01  -3.4059864e-01  -4.0873005e-04  -2.2079682e-05   1.1992876e-04
   2.8694647e-03   9.2445130e-02  -3.3262859e-01  -4.7869282e-04   2.8101218e-06   2.0838115e-04
   8.3633247e-03   1.2868193e-01  -2.4457805e-01  -6.6345143e-04  -4.8810825e-05   2.7435781e-04
   2.1997950e-02  -5.1969953e-02  -2.7644494e-01  -4.2429487e-05  -6.6936584e-05   1.6014381e-04
  -8.5558221e-03   1.3364099e-01  -3.3645485e-01  -7.8647635e-04   1.5412043e-04   1.2606554e-04
   2.7460303e-02  -1.1040986e-01  -1.8218834e-01  -6.6398959e-04   1.2975734e-04   3.7234026e-04
   4.9402999e-02   5.4367264e-02  -3.0504711e-01  -6.8822737e-04  -4.1401331e-04   3.4310736e-04
   6.4460377e-02  -1.9234286e-01  -1.7427729e-01   1.3042996e-04  -2.8868142e-04   5.0106509e-04
   4.6944208e-02   1.6474447e-01  -2.8118597e-01  -1.7930328e-03  -2.8580919e-04   5.2547478e-04
   7.9303833e-02  -7.0887893e-02  -3.3934991e-01   1.2513321e-04  -5.3707194e-04   4.6701336e-04
   5.9917577e-02   1.5542047e-01  -2.3033222e-01  -1.4428585e-03  -3.6970394e-04   6.0139375e-04
   1.0847993e-01  -2.1017336e-02  -4.2985534e-01  -6.3403733e-05  -9.8797848e-04   6.1065901e-04
   6.7085046e-02   2.0892932e-01  -2.1827173e-01  -1.1942307e-03  -5.6121212e-04   6.9106735e-04
   1.0380995e-01   4.5102471e-02  -4.0758413e-01  -5.1426397e-04  -9.7516845e-04   6.7170959e-04
   8.1165378e-02   2.0176155e-01  -2.3606741e-01  -1.2386378e-03  -7.0679867e-04   7.6189900e-04
   9.6010231e-02  -1.1397612e-02  -3.9092150e-01   1.8294027e-04  -7.4532332e-04   5.8974726e-04
   5.6212916e-02   2.2094586e-01  -3.0010099e-01  -1.0234963e-03  -3.9647946e-04   6.5272133e-04
   8.6376893e-02  -2.3950282e-02  -2.6037658e-01  -3.3090866e-04  -5.4935203e-04   6.5763881e-04
   2.9303492e-02   2.0763818e-01  -2.2043042e-01  -7.2288658e-04  -3.7216655e-04   8.5235611e-05
   6.8179196e-02  -1.7485472e-01  -2.1228602e-01   1.8350159e-03  -8.2925708e-04  -3.2334744e-04
   2.5649123e-02   2.3031701e-01  -2.5102758e-01  -6.6162154e-04  -4.8426099e-04  -4.0888285e-05
   4.2473438e-02  -1.3387802e-01  -3.2735369e-01   6.6660504e-04  -4.6001133e-04  -2.8370481e-04
   6.0662386e-03   1.7645506e-01  -1.9984258e-01  -6.0634983e-04  -2.8316646e-04  -2.2264792e-04
   3.4380600e-02  -5.6515068e-03  -4.0335515e-01   5.1435761e-04  -5.1946426e-04  -2.4237418e-04
   6.1330591e-03   2.0032610e-01  -3.4190534e-01  -7.3058765e-04  -1.8563391e-04   5.9700400e-05
   3.6085143e-02  -1.2818812e-01  -3.1302130e-01   2.9554389e-04  -2.3445110e-04   2.5502991e-05
   1.7206911e-02   2.3198641e-01  -3.8957763e-01  -9.3892732e-04  -2.8600695e-04   6.2644317e-05
   3.7181172e-02  -5.6574993e-02  -2.3594693e-01  -6.9545141e-04  -1.1803314e-04   2.1891480e-04
   7.6381584e-02  -5.5331990e-02  -4.0508474e-01   1.2360065e-04  -7.3519008e-04   1.9602983e-04
   5.3127011e-02   3.5267870e-03  -1.8692066e-01  -1.0402840e-03  -2.2050796e-04   3.9879522e-04
   9.8488712e-02  -6.6042261e-02  -4.0759964e-01   1.9981531e-04  -8.9661446e-04   3.1629312e-04
   4.2499143e-02   1.1326360e-01  -2.2557665e-01  -9.8606629e-04  -3.1834052e-04   3.2368678e-04
   7.4254252e-02  -1.1305093e-01  -3.7514588e-01   8.0422974e-04  -6.8885514e-04   2.0929141e-04
   4.1209570e-02   2.1492376e-01  -2.6115913e-01  -1.1202070e-03  -5.7208396e-04   2.3820373e-04
   5.6385409e-02  -1.5615480e-01  -3.4888128e-01   8.0115993e-04  -6.1006424e-04  -8.1855338e-05
   3.0110484e-02   1.6647092e-01  -3.2160877e-01  -4.0860742e-04  -4.9756152e-04   4.8674045e-05
   4.2182701e-02  -1.8426176e-01  -3.1938067e-01   5.2574126e-04  -4.3364840e-04  -2.6573443e-04
   2.1110411e-02   2.0510007e-01  -4.0875543e-01  -9.1907841e-04  -4.4285643e-04  -1.2705665e-04
   2.3286985e-02  -9.6850051e-02  -2.3742574e-01  -3.7897218e-04  -1.9730515e-04  -8.6747268e-05
   5.4206387e-02   2.7890409e-02  -4.1876667e-01  -2.3501463e-04  -7.5454193e-04  -4.8958478e-05
   2.1758014e-02   5.6157665e-02  -1.6052060e-01  -1.0529304e-03  -1.9447763e-04   6.3271850e-05
   7.9589242e-02  -2.4986653e-02  -4.1049525e-01   2.6339214e-04  -8.7027532e-04   1.5616738e-04
   1.3081730e-02   1.9367839e-01  -2.2041135e-01  -9.3245410e-04  -2.0738326e-04   6.0152050e-05
   4.3470571e-02  -1.4229598e-01  -3.5377318e-01   7.2141800e-04  -4.2769228e-04  -7.1171590e-05
   3.3356425e-02   2.9706009e-01  -3.3392098e-01  -6.9052362e-04  -5.1501774e-04   1.6064482e-04
   4.4867477e-02  -6.6200310e-02  -2.3910571e-01  -1.5832527e-04  -3.3588179e-04   4.9935459e-05
   3.4835059e-02  -3.4275063e-02  -1.3964962e-01  -3.3845574e-04  -3.0048555e-04   2.2044342e-04
   4.5414613e-02   1.4348748e-01  -4.2715414e-01  -5.8197040e-04  -4.5451436e-04   1.4962399e-04
   6.4726355e-02  -4.0036116e-03  -1.9404054e-01  -6.2900415e-04  -4.2860035e-04   3.2384922e-04
   6.7475610e-02   8.9226496e-02  -4.2530553e-01  -5.4776163e-04  -6.9795624e-04   2.3131625e-04
   5.6937328e-02   1.2947243e-02  -2.7509425e-01  -8.6817761e-04  -4.9720129e-04   2.7890923e-04
   8.6058716e-02  -1.1888117e-01  -3.7661386e-01   4.6142758e-04  -6.7113765e-04   1.7579810e-04
   3.1920688e-02   2.4404854e-01  -3.8321862e-01  -8.2470797e-04  -3.7345478e-04   2.3867674e-04
   6.2523353e-02  -6.4339327e-02  -2.2525645e-01  -8.6078843e-04  -3.7368167e-04   3.1522866e-04
   8.6077468e-02   3.6304332e-02  -4.0865442e-01  -4.8965748e-04  -8.8243397e-04   3.3838048e-04
   6.7438224e-02  -2.4111120e-02  -1.8280761e-01  -4.4166496e-04  -4.3839859e-04   2.5308466e-04
   6.3221334e-02   5.8824576e-02  -4.5835315e-01  -2.1710206e-04  -7.4406287e-04   2.1167252e-04
   2.9537917e-02  -2.2726822e-02  -2.4571995e-01  -1.0410423e-03  -7.7161304e-05   3.1310260e-05
   6.9466720e-02   4.6264711e-02  -4.3394281e-01  -3.8895662e-04  -8.3593782e-04   6.3248250e-05
   2.3460494e-02   1.1688998e-01  -2.3750326e-01  -7.9312820e-04  -2.4752502e-04   4.8100295e-05
   6.5912362e-02  -8.6481055e-02  -4.2234392e-01   7.5705608e-04  -7.1876365e-04  -6.7070642e-05
   1.5637063e-02   2.2646634e-01  -2.9428355e-01  -9.5335917e-04  -3.3243106e-04  -1.0780959e-04
   6.1731850e-02  -1.5235591e-01  -2.9517034e-01   4.7197933e-04  -5.0560926e-04  -1.4749794e-04
   3.9407646e-02  -1.7110156e-01  -1.9034267e-01  -8.5361862e-04   1.8647228e-03  -1.6615084e-03
   2.1513548e-01  -5.0476757e-01  -3.3523181e-01   3.2420177e-03  -1.5013769e-03  -2.4987227e-03
   5.4846014e-02   2.7500075e-01  -4.9038013e-01  -4.9311318e-04  -1.0055348e-03  -1.2577236e-03
   7.7631880e-02  -2.0955083e-01  -3.9285558e-01   7.3743081e-04  -1.2052864e-03  -1.4950296e-03
   4.2656429e-02   1.1785188e-01  -5.2458067e-01  -2.8159941e-04  -1.0411707e-03  -1.2976471e-03
   4.8056473e-02  -8.8071278e-02  -3.2103050e-01  -2.4938520e-05  -9.8904131e-04  -1.4542434e-03
   7.5822030e-02  -4.5907460e-02  -5.1357506e-01   2.1606361e-04  -1.3963832e-03  -1.3816383e-03
   3.9465674e-02   8.8403600e-02  -3.4887334e-01  -2.4500967e-04  -9.2552223e-04  -1.2541075e-03
   7.7794907e-02  -1.6347335e-01  -4.2586138e-01   9.6845304e-04  -1.1898897e-03  -1.5084828e-03
   4.3323157e-02   2.0666541e-01  -3.5822693e-01  -7.0753989e-04  -1.0402004e-03  -1.2582260e-03
   7.4523161e-02  -1.1871052e-01  -3.3006877e-01   1.3792465e-04  -1.1669105e-03  -1.4956705e-03
   5.3399525e-02   1.6969209e-01  -4.2440296e-01  -1.0784000e-03  -1.1752023e-03  -1.3337749e-03
   9.1214512e-02  -1.1561848e-01  -3.4326910e-01  -1.8644104e-04  -1.3518064e-03  -1.3072876e-03
   4.5813458e-02   1.5984702e-01  -4.8300096e-01  -8.5653878e-04  -1.1416524e-03  -1.3645742e-03
   7.3580519e-02  -7.1171653e-02  -2.9770527e-01  -6.8503386e-04  -1.0807820e-03  -1.3014331e-03
   1.0309361e-01   1.2114510e-02  -4.0680439e-01  -2.8020133e-04  -1.6378406e-03  -1.1104006e-03
   9.8444981e-02  -9.3144787e-02  -3.9330990e-01   4.0239035e-04  -1.4192309e-03  -1.2567715e-03
   7.3176225e-02   2.2431275e-01  -4.3278213e-01  -8.7854347e-04  -1.3630990e-03  -1.0754678e-03
   1.1736721e-01  -1.0966215e-01  -3.5872640e-01   4.1420440e-04  -1.5660163e-03  -1.1409802e-03
   8.8155266e-02   2.0264810e-01  -4.3076994e-01  -1.0954701e-03  -1.4220344e-03  -1.1106317e-03
   1.3408213e-01  -1.1910845e-01  -3.9353580e-01   8.5558899e-05  -1.6475996e-03  -1.1019109e-03
   1.0502257e-01   1.9323110e-01  -4.7127898e-01  -1.1037226e-03  -1.6618239e-03  -1.0966460e-03
   1.7618721e-01  -1.4429174e-01  -3.5239807e-01  -3.8392782e-06  -2.0609637e-03  -9.7976597e-04
   1.2508037e-01   1.2209041e-01  -5.1208351e-01  -5.6019002e-04  -1.9516107e-03  -1.1072086e-03
   1.2961577e-01  -4.0979322e-02  -3.1365869e-01  -6.5891726e-04  -1.6875477e-03  -9.8721896e-04
   1.5912548e-01  -2.2602580e-02  -5.0707963e-01   7.6863068e-05  -2.2705800e-03  -1.1306346e-03
   8.5065290e-02   1.6313372e-01  -3.8892057e-01  -6.2413912e-04  -1.4683257e-03  -1.2435247e-03
   1.4809134e-01  -8.6730560e-02  -4.4633782e-01   6.2286369e-04  -1.9119915e-03  -1.2147687e-03
   8.8297901e-02   2.0579971e-01  -4.6016322e-01  -6.9918507e-04  -1.5897238e-03  -1.2224041e-03
   1.4492410e-01  -1.2176831e-01  -3.1693420e-01  -5.7171511e-04  -1.7308946e-03  -1.0365441e-03
   1.3170857e-01   6.1452183e-02  -4.8490961e-01  -1.0658695e-04  -2.0734020e-03  -1.1543195e-03
   1.3773210e-01  -1.0518491e-01  -2.5872265e-01  -3.3706549e-04  -1.8101713e-03  -1.0686636e-03
   1.5436493e-01  -4.4985464e-02  -5.0346191e-01  -1.4340359e-05  -2.2037718e-03  -1.1392792e-03
   1.1795197e-01   8.2862397e-02  -3.0342823e-01  -8.1360039e-04  -1.7627957e-03  -1.0741707e-03
   1.5136183e-01  -7.6861575e-02  -4.8582555e-01   2.9882553e-04  -2.0845334e-03  -1.2173472e-03
   9.3064010e-02   2.1005414e-01  -3.6455290e-01  -9.3825157e-04  -1.4778280e-03  -1.0827135e-03
   1.5903320e-01  -2.2090264e-01  -4.7187151e-01   7.0115416e-04  -1.9090284e-03  -1.1650146e-03
   1.0036285e-01   2.2204496e-01  -4.7171638e-01  -4.6557998e-04  -1.5583706e-03  -8.9449894e-04
   1.6592391e-01  -1.0623415e-01  -3.5129003e-01  -1.0925072e-04  -1.7616032e-03  -8.0328382e-04
   1.4279907e-01   9.7661326e-02  -4.9721990e-01   1.1149200e-05  -2.0424366e-03  -8.1063555e-04
   1.6469054e-01   3.6340612e-02  -3.5678469e-01  -2.1188931e-04  -2.0770891e-03  -5.5186202e-04
   1.9921917e-01  -7.4715650e-02  -5.0005558e-01   8.5357680e-04  -2.4336069e-03  -5.6660582e-04
   1.2681613e-01   1.7787375e-01  -3.3749754e-01  -7.5948710e-04  -1.8437466e-03  -6.6272488e-04
   1.4301265e-01  -1.5233879e-01  -4.6032439e-01   9.1970274e-04  -1.9148292e-03  -1.1467246e-03
   8.3360875e-02   2.7857502e-01  -4.6677927e-01  -4.5980047e-04  -1.6163073e-03  -1.1186916e-03
   1.3406223e-01  -1.3524942e-01  -3.4492787e-01   9.6156203e-05  -1.7426394e-03  -1.0177047e-03
   1.0202507e-01   1.0513625e-01  -5.3276275e-01  -6.6101926e-06  -1.8190364e-03  -1.1761280e-03
   9.2994811e-02   5.1452780e-02  -3.2543665e-01  -1.0752475e-03  -1.5174760e-03  -1.3865511e-03
   1.3757958e-01  -4.6577928e-03  -5.4687299e-01   6.1072222e-04  -2.0878645e-03  -1.3094467e-03
   6.4632368e-02   2.2342189e-01  -3.3404689e-01  -8.2412544e-04  -1.3141840e-03  -1.2757792e-03
   1.2688778e-01  -6.8537498e-02  -5.2499925e-01   8.6245162e-04  -1.8700265e-03  -1.2949456e-03
   6.7728111e-02   2.2600700e-01  -4.5673396e-01  -7.2953431e-04  -1.3985714e-03  -1.2442041e-03
   1.0156451e-01  -8.9020135e-02  -4.1887148e-01   3.0300493e-04  -1.4817264e-03  -1.2404313e-03
   8.6025177e-02   5.6660414e-02  -2.7060801e-01  -9.2999430e-04  -1.4783352e-03  -1.2339290e-03
   9.6017919e-02   4.4955308e-02  -5.6941480e-01   9.1415274e-05  -1.6913023e-03  -1.2150526e-03
   9.3417158e-02   1.3729125e-01  -3.2057790e-01  -6.9851481e-04  -1.5898595e-03  -1.2074067e-03
   1.3465460e-01  -1.0818669e-01  -3.8588862e-01   9.0901483e-04  -2.0209573e-03  -1.1676421e-03
   1.2493784e-01  -2.9139899e-01  -1.3880799e-01   3.2834421e-03  -1.8724001e-03  -1.5219807e-03
   8.1230087e-02   2.8945524e-01  -4.8172132e-01  -2.1684537e-04  -1.5581104e-03  -1.2230474e-03
   1.0265716e-01   1.5122831e-03  -3.8135079e-01   1.3015710e-04  -1.5589403e-03  -8.8731000e-04
   1.2147086e-01  -1.2819208e-01  -4.4330795e-01   9.7172717e-04  -1.7461631e-03  -1.1618003e-03
   9.0123236e-02   1.8653112e-01  -4.6666412e-01  -3.1199094e-04  -1.5290871e-03  -1.0501240e-03
   9.8411592e-02  -1.0909096e-01  -2.7380029e-01  -1.1421711e-04  -1.4166669e-03  -9.6778809e-04
   1.4371102e-01  -6.8008269e-05  -4.9481873e-01   2.9948401e-04  -2.1018303e-03  -9.8804354e-04
   9.8376549e-02   7.2890201e-02  -3.4673835e-01  -6.2235260e-04  -1.4606702e-03  -1.0175963e-03
   1.5337372e-01  -1.3844689e-01  -4.4918526e-01   8.6684934e-04  -2.0224767e-03  -1.0920131e-03
   1.1343604e-01   2.7687723e-01  -4.1648469e-01  -7.1331520e-04  -1.7815457e-03  -8.4546350e-04
   1.5949877e-01  -1.1486568e-01  -3.8464668e-01   2.2072362e-04  -2.0280103e-03  -9.2507218e-04
   1.0772295e-01   2.7246460e-01  -4.8413888e-01  -9.0610680e-04  -1.7673780e-03  -9.5810398e-04
   1.4924251e-01  -1.2304863e-01  -3.3616223e-01  -7.7989911e-05  -1.8664008e-03  -9.3409947e-04
   1.3046549e-01   7.7908109e-02  -5.2546013e-01  -6.3440508e-04  -2.0188141e-03  -1.0159905e-03
   1.2807820e-01   5.4117426e-03  -3.0099614e-01  -8.6513411e-04  -1.7734044e-03  -9.6935377e-04
   1.5159138e-01  -3.5469935e-02  -5.2276953e-01   3.0292162e-04  -2.0825357e-03  -1.0463483e-03
   1.1148291e-01   2.6272369e-01  -3.8693132e-01  -6.4227682e-04  -1.7335987e-03  -9.6532438e-04
   1.5906691e-01  -1.4182762e-01  -4.7352993e-01   8.3671686e-04  -2.0780954e-03  -1.1001049e-03
   9.6948452e-02   1.9039013e-01  -4.3810108e-01  -6.2652647e-04  -1.6924914e-03  -1.1009048e-03
   1.5148658e-01  -2.6442627e-01  -1.9451583e-01   1.1945759e-03  -2.4513795e-03  -1.8288862e-03
   1.1609217e-01  -1.3260102e-01  -4.7065619e-01   1.7897553e-03  -2.2154533e-03  -1.8999601e-03
   4.2849056e-02   3.0965322e-01  -5.8954142e-01   8.2223278e-05  -1.6086512e-03  -1.8603249e-03
   6.1559254e-02  -9.4516205e-02  -4.2791150e-01   9.2858597e-04  -1.5926958e-03  -2.1333310e-03
   4.5966253e-02   1.2465032e-01  -5.8333136e-01   3.3575603e-04  -1.6079335e-03  -1.9288871e-03
   5.5212109e-02   4.2932925e-03  -4.2720292e-01   4.8949247e-05  -1.5068237e-03  -1.8761424e-03
   6.8438496e-02  -7.9001601e-03  -5.7990751e-01   1.4206937e-03  -1.7334420e-03  -1.9924462e-03
   2.1344892e-02   2.1261965e-01  -5.2255905e-01   6.3403155e-05  -1.3089787e-03  -1.7971174e-03
   6.0967235e-02  -5.5648229e-02  -4.5070914e-01   4.6579206e-04  -1.4568159e-03  -1.9398039e-03
   5.4798640e-02  -1.8201403e-01  -3.8306599e-01   2.2870217e-03  -1.4457616e-03  -1.7641030e-03
   3.6983404e-02  -4.6436565e-02  -8.2564348e-01   1.7921070e-03  -1.1004698e-03  -1.4586555e-03
   6.3888356e-02  -1.1159621e-02  -6.5058449e-01   1.6515172e-03  -1.6835537e-03  -1.4527267e-03
   5.0322911e-02   1.5611275e-02  -6.6022033e-01   2.0810613e-03  -1.6091178e-03  -1.6806104e-03
   3.6916872e-02   3.4786010e-02  -5.5220793e-01   1.4549844e-03  -1.5034049e-03  -1.8692633e-03
   3.7028970e-02  -3.2820283e-01  -3.0652543e-01   2.4899163e-03  -1.5335769e-03  -2.5271885e-03
   4.8901441e-02   1.0033655e-01  -6.2945360e-01   1.5227339e-03  -1.8865881e-03  -1.9959591e-03
   1.3135337e-01  -5.3002072e-01  -3.5246076e-02   5.5223999e-03  -2.7157062e-03  -1.6602227e-03
   1.7105337e-01  -3.2412525e-01  -3.2383585e-01   5.0788549e-03  -3.5288730e-03  -1.1212175e-03
   1.0968227e-01   3.2399767e-01  -5.1974903e-01   1.9934506e-03  -2.8952226e-03  -9.0039483e-04
   9.0800017e-02   1.1575591e-01  -6.3084017e-01   1.1750400e-03  -2.3302439e-03  -1.0878939e-03
   1.2850589e-01   3.9604363e-02  -5.7939462e-01   1.2107181e-03  -2.5185731e-03  -8.9720367e-04
   1.5031535e-01   1.0506511e-02  -5.7879832e-01   1.9549199e-03  -2.7482527e-03  -1.0170922e-03
   1.1532513e-01   1.2968170e-01  -5.4339479e-01   1.2928063e-03  -2.3168116e-03  -1.0499899e-03
   1.2714354e-01   3.2801781e-02  -5.2384472e-01   1.4861226e-03  -2.4249813e-03  -9.6487673e-04
   1.8915746e-01  -1.2077087e-01  -4.3142927e-01   1.5911857e-03  -2.6815569e-03  -6.4847136e-04
   1.5300078e-01   2.3939959e-03  -5.4698917e-01   1.6345619e-03  -2.7279128e-03  -1.0078862e-03
   1.8294508e-01  -1.1302905e-01  -3.1375325e-01   1.3048102e-03  -2.6939282e-03  -9.2582778e-04
   1.7359166e-01  -7.3021281e-02  -5.6508057e-01   1.8860657e-03  -2.9164133e-03  -1.3420591e-03
   8.9383026e-02   2.3584288e-02  -3.5241857e-01   1.4314032e-03  -2.0287626e-03  -1.5702139e-03
   1.4167573e-01  -1.4813517e-01  -5.9412223e-01   2.5239122e-03  -2.7355841e-03  -1.6878823e-03
   7.6125598e-02   1.2398680e-01  -4.0489040e-01   1.0389412e-03  -1.9826008e-03  -1.8524484e-03
   1.1495865e-01  -8.1213338e-03  -6.1781221e-01   1.7011068e-03  -2.5224192e-03  -1.7106570e-03
   8.2830945e-02   4.3737578e-02  -4.2755820e-01   1.0753496e-03  -1.9738977e-03  -1.7304415e-03
   1.1292709e-01   8.6594552e-03  -6.1527767e-01   1.3813192e-03  -2.4031403e-03  -1.7306123e-03
   8.0915647e-02   1.3659998e-01  -5.1232430e-01   7.5632643e-04  -2.0873482e-03  -1.6685777e-03
   1.0055228e-01   3.7922740e-03  -5.9838459e-01   1.6812637e-03  -2.3836778e-03  -1.8118272e-03
   4.8747422e-02   1.8831981e-01  -5.3679836e-01   5.7989850e-04  -1.9401836e-03  -1.8351619e-03
   7.3489658e-02  -1.8104663e-01  -4.7709385e-01   1.7470456e-03  -1.9812219e-03  -2.1007770e-03
   5.2804429e-02   1.3785454e-01  -5.7667920e-01   5.5893278e-04  -1.9885337e-03  -1.9766599e-03
   7.3563952e-02  -2.1043297e-01  -4.0503569e-01   1.6450552e-03  -1.8887303e-03  -2.1195798e-03
   4.8547601e-02   1.6284846e-01  -6.2097725e-01   5.9573910e-04  -1.9474956e-03  -2.0836600e-03
   4.4728791e-02  -1.2086758e-01  -4.2492543e-01   9.4221102e-04  -1.6090668e-03  -2.1801902e-03
   7.0748474e-02   5.7612248e-02  -6.5493339e-01   8.1854647e-04  -2.1359302e-03  -2.0935741e-03
   6.0194121e-02  -4.1801328e-02  -4.3525084e-01   5.2377496e-04  -1.7826676e-03  -2.0596744e-03
   9.1259605e-02  -1.9702590e-02  -6.7011691e-01   1.2907775e-03  -2.2931154e-03  -2.0248714e-03
