   0.0000000e+00   0.0000000e+00   0.0000000e+00   0.0000000e+00   0.0000000e+00   0.0000000e+00
   1.8265326e-02  -8.7314375e-02  -3.0686951e-01   2.6974801e-03  -5.1599964e-04   1.7851663e-04
   3.5501351e-02   2.2700657e-02  -2.9338238e-01   2.2373653e-03  -5.5687316e-04   9.6290495e-04
   5.0371628e-02   5.6671569e-02  -2.2923111e-01   9.1935966e-04  -4.9749435e-04   9.9975569e-04
   4.0584818e-02   2.5773249e-02  -2.8887930e-01   1.6073752e-03  -2.2711976e-04   1.1702820e-03
   4.7283353e-02   4.4283970e-02  -3.2713916e-01   1.8929977e-03  -3.0226776e-04   1.3594606e-03
   5.3898460e-02  -5.0495102e-02  -1.9158174e-01   4.1137792e-04   4.0801176e-05   8.4445721e-04
   9.1714952e-03  -7.2203710e-02  -4.6341375e-01   1.7677953e-03   1.5699821e-03  -4.8752113e-04
   2.3798233e-02   9.1929325e-02  -3.9162510e-01   1.4681603e-03   1.2705575e-03   5.5756328e-04
   3.2182865e-02  -1.0969051e-01  -2.7243206e-01   2.3652251e-03   1.1884630e-03   5.8975655e-06
   2.2125748e-02   2.2282715e-02  -4.6452995e-01   3.1401249e-03   1.0140146e-03   1.0469594e-04
   4.1435321e-02  -4.9246248e-02  -2.5242862e-01   2.1990278e-03   1.4008381e-03  -2.9518502e-05
   2.2113086e-02  -1.1268123e-01  -4.0542921e-01   3.6645341e-03   1.6067766e-03  -7.4213232e-05
   4.1342334e-02   6.6320312e-02  -3.0713520e-01   2.4361770e-03   1.5900834e-03   1.2148010e-04
   3.7976422e-02  -2.3416402e-01   1.2073740e-02   2.3069204e-03   2.4376480e-03  -8.7744165e-04
   2.7396608e-02  -2.0192297e-01  -1.3422282e-01   4.7120282e-03   2.4022350e-03  -6.7375711e-04
   1.8586828e-02   3.6117797e-02  -2.0083718e-01   4.8197767e-03   2.2184255e-03  -7.5389715e-05
  -4.7706463e-03  -9.6851379e-03  -1.5953175e-01   3.8718870e-03   2.5852152e-03   2.0417299e-04
  -2.1507422e-02  -2.0194538e-01  -9.6012759e-02   4.2726025e-03   3.1017074e-03   1.2599412e-04
  -5.6557046e-03  -3.1381674e-02  -1.4782918e-01   4.3636654e-03   2.8675317e-03   6.0825915e-04
   1.5642519e-02  -1.4250205e-02  -1.4401122e-01   3.7119166e-03   2.4406499e-03   1.1912506e-03
  -8.7037126e-04  -7.4341762e-02  -1.7667928e-01   3.8261316e-03   2.5177489e-03   9.6595938e-04
   1.0037357e-02  -4.7978297e-02  -4.2974510e-02   2.2058784e-03   2.2855444e-03   6.3560759e-04
  -4.0109386e-03  -1.2698133e-01  -3.0783123e-01   4.1729960e-03   2.4266507e-03   9.6367699e-04
   9.5661788e-03  -1.4994590e-02  -1.3832473e-01   2.9840644e-03   2.4639270e-03   7.6922452e-04
   5.8935214e-03  -3.1420622e-02  -3.3167620e-01   4.4082288e-03   2.4100455e-03   1.0970778e-03
   2.6275642e-03  -1.7070343e-02  -1.6913858e-01   3.5528225e-03   2.6140739e-03   8.6581897e-04
   5.2735578e-03  -3.6983509e-02  -2.8611037e-01   4.3506877e-03   2.3313017e-03   1.3547905e-03
  -2.9795932e-02  -7.0668631e-02  -2.6627713e-01   4.6976127e-03   3.1212979e-03   7.6288117e-04
  -1.4654983e-02  -1.0954034e-02  -2.9773323e-01   4.4176887e-03   2.8233742e-03   1.2428670e-03
   1.5272837e-03  -6.9918890e-02  -1.3141915e-01   3.8077224e-03   2.8618230e-03   1.0632587e-03
  -1.3301101e-02   3.4295624e-03  -3.7372396e-01   4.7421696e-03   3.0839393e-03   1.8008601e-03
  -1.5212795e-03  -3.6779732e-02  -3.0256322e-01   4.2072487e-03   3.2091090e-03   2.2899392e-03
  -2.3980714e-02  -3.9401351e-02  -3.9429081e-01   4.8128939e-03   3.5772069e-03   2.2907934e-03
  -1.9564666e-02  -6.7975972e-02  -1.6848045e-01   3.8021793e-03   3.7463032e-03   2.0298635e-03
  -1.3707694e-02  -6.0527836e-02  -3.9972936e-01   4.8886220e-03   3.2682706e-03   2.4745548e-03
  -4.9842759e-03  -3.0877999e-03  -3.0989578e-01   4.7291623e-03   3.2936230e-03   2.4561572e-03
   4.4281646e-03  -2.7143011e-02  -3.4529413e-01   4.3259871e-03   3.3122894e-03   3.0749448e-03
  -4.0884717e-02  -1.5292237e-02  -4.7514651e-01   4.8804471e-03   3.8431596e-03   2.6300665e-03
   1.2625734e-02  -1.1347085e-02  -3.0381741e-01   4.0654493e-03   3.3093857e-03   3.0247681e-03
  -5.2394195e-03  -5.4085145e-02  -3.4160475e-01   4.6864061e-03   3.5866549e-03   2.9397671e-03
   7.3775951e-03   4.0127237e-02  -2.6172231e-01   4.0157599e-03   3.4481150e-03   2.9708593e-03
  -1.3225229e-02  -4.8469561e-02  -4.9869627e-01   5.0560626e-03   3.6935463e-03   2.9295309e-03
   1.0636884e-02   5.4697603e-02  -2.7309059e-01   3.9114409e-03   3.6478856e-03   2.9405726e-03
   1.1023234e-02  -9.2616663e-02  -4.5138934e-01   5.4771019e-03   3.7137445e-03   3.2662120e-03
   1.6108773e-02   2.1347907e-02  -3.2233884e-01   4.6294163e-03   3.7848434e-03   3.5578594e-03
   4.6898717e-03  -1.1392363e-01  -4.2029158e-01   5.5519601e-03   4.0238753e-03   3.9399646e-03
  -5.6939675e-03   3.5151923e-02  -3.6428816e-01   4.9712422e-03   4.1154065e-03   4.3479080e-03
  -5.5338651e-03  -1.3906261e-01  -2.9064998e-01   5.2921599e-03   4.1956492e-03   4.2393875e-03
  -7.0303702e-03  -6.0789362e-02  -4.1715009e-01   6.3199377e-03   4.1884765e-03   4.7941120e-03
  -1.1584310e-02  -4.8538464e-02  -3.8863430e-01   5.8647604e-03   4.1256152e-03   4.8902503e-03
   1.3062256e-03  -5.9654621e-02  -5.1723975e-01   6.2870742e-03   3.8286200e-03   5.5093039e-03
   2.4119379e-03  -7.3391416e-02  -3.1328066e-01   5.4081604e-03   3.8644016e-03   5.2397147e-03
   1.2844399e-02  -8.3818551e-02  -5.1233918e-01   6.4684340e-03   3.7396429e-03   5.5692531e-03
   1.9320193e-02  -5.9964683e-02  -3.3940298e-01   5.7386710e-03   3.6763252e-03   5.2539927e-03
   3.4566590e-02  -5.4809438e-02  -4.8974309e-01   6.9585231e-03   3.1942988e-03   5.8864238e-03
   4.3461446e-02  -1.0238222e-01  -2.9317064e-01   5.4863845e-03   3.1848479e-03   5.8747186e-03
   3.2770342e-02  -3.5258747e-01  -8.8619785e-02   7.2670981e-03   3.2728123e-03   6.2289132e-03
   3.6121834e-02  -1.7313648e-02  -3.7905116e-01   8.1405686e-03   3.4281221e-03   7.0283016e-03
   5.7273096e-02   1.7964222e-02  -3.8749528e-01   8.1814167e-03   3.3384234e-03   7.6104454e-03
   4.2428169e-02  -1.5889547e-01  -2.4605961e-01   6.9963830e-03   3.8519297e-03   7.1567245e-03
   4.8107148e-02  -1.6671140e-01  -3.6407771e-01   8.1527493e-03   3.3348610e-03   7.0910978e-03
   6.5109887e-02  -1.3689919e-01  -3.2147186e-01   8.0090972e-03   3.1558798e-03   6.8409284e-03
   8.2564571e-02  -8.8951720e-02  -3.4091054e-01   7.4697598e-03   2.6354810e-03   6.8807382e-03
   5.4707426e-02  -1.6446926e-01  -3.2093222e-01   8.1608531e-03   3.1343419e-03   6.4769996e-03
   4.7489545e-02  -4.4412366e-02  -3.6824324e-01   8.5550117e-03   3.2163686e-03   6.9393489e-03
   4.9503097e-02  -1.7018732e-01  -2.0484940e-01   7.1187195e-03   3.2567698e-03   6.9379586e-03
   3.6125322e-02  -3.1275659e-01  -2.5260795e-01   8.9045421e-03   3.4250385e-03   6.6836581e-03
   4.6775091e-02  -6.4144739e-02  -3.1708775e-01   9.2872689e-03   3.3182544e-03   7.1274411e-03
   7.1257321e-02  -7.2907107e-02  -3.1255936e-01   8.8040281e-03   2.9023902e-03   7.6074464e-03
   7.4688917e-02  -2.3128712e-01  -1.9143639e-01   8.3128216e-03   3.0022378e-03   7.2931025e-03
   9.0196266e-02  -1.8455211e-01  -2.9448152e-01   9.5111741e-03   2.8264169e-03   7.5670799e-03
   8.6078059e-02  -1.1701408e-01  -1.6794398e-01   8.1578907e-03   2.8424507e-03   7.0038228e-03
   1.1727300e-01  -5.3627620e-01   2.7643416e-01   9.1804252e-03   3.2962282e-03   6.8883672e-03
   1.1247538e-01  -9.7908018e-01   9.3946516e-01   1.2637936e-02   3.9813182e-03   4.7972439e-03
   7.2468086e-02  -4.2294599e-01   3.2559551e-01   1.4588439e-02   5.0098218e-03   6.1143613e-03
   1.1559263e-01  -1.0670510e-01   5.8649964e-02   1.2974951e-02   3.8865440e-03   6.8592372e-03
   1.0350171e-01  -1.1505972e-01   6.4559715e-02   1.2424386e-02   3.7714859e-03   6.5066044e-03
   8.8756322e-02  -4.8896020e-01   3.6477850e-01   1.0390670e-02   5.2552754e-03   5.5453191e-03
   3.5188891e-02  -3.3671931e-01   4.6324006e-02   1.0589822e-02   5.6211388e-03   5.8135699e-03
   7.2486941e-02  -2.4082412e-02   8.2337060e-02   9.9349612e-03   4.5180688e-03   6.3436749e-03
   7.7561506e-02  -1.3619286e-01  -4.1616965e-03   9.7316383e-03   3.9711389e-03   6.1288619e-03
   6.9482059e-02  -2.5222182e-01   9.1753764e-02   1.0137956e-02   4.2007592e-03   6.0830065e-03
   6.8271062e-02  -2.1065713e-01  -5.6263170e-02   1.0892549e-02   4.0975140e-03   6.5302743e-03
   6.9148394e-02  -2.5478276e-01   5.6656261e-02   1.0460650e-02   4.0968531e-03   6.3983092e-03
   8.4731785e-02  -2.5363437e-01  -8.1012264e-02   1.0821228e-02   3.9017829e-03   6.8357758e-03
   8.1508907e-02  -2.6904879e-01   5.3087364e-02   1.0074960e-02   3.6193914e-03   6.2337920e-03
   7.7803319e-02  -2.5415486e-01  -5.0998996e-02   1.0887811e-02   3.8105521e-03   6.1975893e-03
   7.2700169e-02  -2.1967746e-01  -8.9235012e-02   1.0641280e-02   3.9486692e-03   6.2102487e-03
   4.8023410e-02  -2.7942424e-01  -5.5555738e-02   1.0593092e-02   4.2595084e-03   5.7532703e-03
   6.6121008e-02  -1.7807238e-01  -1.8061272e-01   1.0738706e-02   4.1385780e-03   6.4422543e-03
   7.1771555e-02  -1.5784863e-01  -2.2449124e-01   1.0723234e-02   4.4148731e-03   6.6509330e-03
   6.5992767e-02  -2.4485126e-01  -4.0763550e-02   9.6268434e-03   4.7139237e-03   6.4253206e-03
   6.1538962e-02  -1.7907590e-01  -2.0293479e-01   1.1150716e-02   4.6813265e-03   6.5655556e-03
   9.0279372e-02  -1.4167295e-01   1.4216706e-02   1.0009289e-02   4.1842190e-03   6.6229743e-03
   6.4595257e-02  -2.6059350e-01  -1.2128548e-01   1.1718100e-02   4.4933566e-03   6.8620916e-03
   7.2868833e-02  -7.4311630e-02  -7.1088122e-02   1.0636181e-02   4.3317243e-03   7.0428131e-03
   6.4151935e-02  -3.4623191e-01   2.3676252e-01   1.0149441e-02   5.0769885e-03   6.8328676e-03
   5.9506802e-02  -2.1871600e-01  -4.5459463e-02   1.1549397e-02   4.9236159e-03   7.3974617e-03
   8.5839050e-02  -8.9716892e-02  -2.5591749e-02   1.0585178e-02   4.4772679e-03   7.6110937e-03
   6.0206495e-02  -3.1159937e-01   5.1161838e-02   1.1150598e-02   4.8121208e-03   7.1743499e-03
   7.4397216e-02  -1.3388249e-01  -6.1377474e-02   1.1370518e-02   4.3665955e-03   7.3604518e-03
   9.4999758e-02  -1.4448352e-01  -1.8771223e-02   1.0272625e-02   4.0833183e-03   7.5676931e-03
   7.5817016e-02  -2.3934594e-01  -2.4939791e-02   1.1217443e-02   4.3731719e-03   7.4575061e-03
   9.0427503e-02  -1.1154010e-01   7.4424287e-02   1.0127056e-02   4.1878427e-03   7.7507650e-03
   7.7337709e-02  -2.5853126e-01   9.4170943e-02   1.0933854e-02   4.7636671e-03   7.5652182e-03
   8.6079069e-02  -1.1988037e-01  -9.0526025e-03   1.1134975e-02   4.4807256e-03   7.8626403e-03
   1.0544755e-01  -2.1411362e-01   9.9046666e-02   1.0210984e-02   4.4949606e-03   7.8081001e-03
   9.5702692e-02  -2.3118215e-01  -8.1866847e-02   1.1513989e-02   4.6856782e-03   8.0935012e-03
   1.2287057e-01  -1.4214144e-01   4.5081355e-02   1.0488571e-02   4.4875032e-03   8.4257831e-03
   1.1804121e-01  -2.6172463e-01  -5.8187387e-02   1.1568385e-02   4.6185656e-03   8.6485366e-03
   1.1964737e-01  -1.1044027e-01  -3.3173300e-03   1.1057177e-02   4.7709100e-03   9.1728240e-03
   1.1148084e-01  -2.4741181e-01   2.6343499e-02   1.1115590e-02   4.9233289e-03   9.1722590e-03
   1.2133734e-01  -1.3227793e-01   1.6001734e-04   1.1336161e-02   4.7119012e-03   9.3549705e-03
   1.2061043e-01  -1.6709295e-01   3.6592490e-02   1.1078302e-02   4.6348153e-03   9.0517077e-03
   1.4545804e-01  -1.3990004e-01  -2.6680716e-02   1.1362050e-02   4.0961400e-03   9.3341708e-03
   1.3431619e-01  -2.8570961e-01   6.9052765e-02   1.0978751e-02   3.9142012e-03   8.5418409e-03
   1.3101874e-01  -1.7646490e-01  -4.9994190e-02   1.1924693e-02   3.8386548e-03   8.5633966e-03
   1.4762718e-01  -1.7541782e-01  -2.4667981e-03   1.1103731e-02   3.9272334e-03   8.7606101e-03
   1.1835232e-01  -2.9902398e-01  -7.1547840e-02   1.1939488e-02   4.5114320e-03   8.3786166e-03
   1.0901728e-01  -6.4608031e-02  -1.6909206e-01   1.1832014e-02   4.2184778e-03   8.5735844e-03
   8.4714191e-02  -3.3258330e-01  -1.1814659e-02   1.1148306e-02   4.8555524e-03   7.9336780e-03
   6.2135822e-02  -1.8735886e-01  -2.6836072e-01   1.2061733e-02   4.7067182e-03   8.1069689e-03
   7.1627003e-02  -1.0214165e-01  -1.9806900e-01   1.0607828e-02   4.5162395e-03   8.1893279e-03
   5.0453007e-02  -2.8489632e-01  -7.8837758e-02   1.1516337e-02   4.8754564e-03   7.6288835e-03
   4.3907894e-02  -8.2179010e-02  -2.1582675e-01   1.1635832e-02   4.3922420e-03   7.8069836e-03
   4.8927487e-02  -2.5190749e-01  -1.5095266e-02   9.9714038e-03   3.7944862e-03   7.0178978e-03
   5.8027409e-02  -2.8425571e-01  -1.1151709e-01   1.2061735e-02   3.7525996e-03   7.1657595e-03
   6.6095000e-02  -1.3780512e-01  -1.1657770e-02   1.1011329e-02   3.7580226e-03   7.3063144e-03
   4.9853209e-02  -3.6184566e-01   1.5382644e-01   1.0441996e-02   4.4971494e-03   6.6361541e-03
  -1.1032809e-02  -2.5641224e-01  -1.4454723e-01   1.2918746e-02   6.0043302e-03   5.9827750e-03
   2.1169466e-03   1.2911840e-02  -1.7511826e-01   1.0545813e-02   5.3579953e-03   6.2628803e-03
   4.5584877e-02  -2.0570514e-01  -1.2947984e-03   9.9053789e-03   4.8889063e-03   6.9374004e-03
   4.7929652e-02  -3.1164473e-01  -5.9511003e-02   1.1726772e-02   4.9527181e-03   7.1307659e-03
   6.5841492e-02  -5.3506643e-02  -1.0609956e-01   1.1971150e-02   4.6504209e-03   7.4924959e-03
   5.9302923e-02  -2.0923441e-01  -2.4526864e-02   1.1227161e-02   4.8057403e-03   7.4399728e-03
   5.9079523e-02  -2.3229469e-01  -1.6331999e-01   1.2504674e-02   4.5045500e-03   7.5555358e-03
   6.9991917e-02  -2.0548893e-01  -1.5547507e-03   1.1108896e-02   4.5577390e-03   7.6665064e-03
   6.4295951e-02  -3.1681760e-01  -8.9560990e-02   1.2454696e-02   4.6168022e-03   7.6279128e-03
   7.6764202e-02  -1.0307603e-01  -9.1557414e-02   1.2648961e-02   4.4718470e-03   7.9997135e-03
   7.3023814e-02  -2.5181100e-01  -2.4800847e-03   1.1208468e-02   4.5004565e-03   7.8521416e-03
   6.7509793e-02  -2.9763012e-01  -7.7779904e-02   1.2558116e-02   4.5207528e-03   7.8616631e-03
   7.8655115e-02  -1.0722221e-01  -5.1319926e-02   1.1381159e-02   4.3210401e-03   8.1667155e-03
   7.9519180e-02  -2.3509744e-01  -4.7295314e-02   1.1938697e-02   4.4768231e-03   8.0200860e-03
   8.9465689e-02  -1.8912536e-01  -5.4624408e-02   1.2258633e-02   4.2428844e-03   8.2171972e-03
   8.1943508e-02  -2.0820645e-01   1.1212293e-02   1.1276242e-02   4.4481220e-03   7.9596873e-03
   9.1684034e-02  -2.2393257e-01  -4.3019276e-02   1.2180040e-02   4.2599075e-03   8.2153380e-03
   1.0542252e-01  -2.0460298e-01   6.8501428e-02   1.0966890e-02   4.4471896e-03   8.4480989e-03
   8.6386864e-02  -3.2311927e-01   2.0438519e-02   1.2085942e-02   4.8902585e-03   8.0062846e-03
   7.7373772e-02  -1.0716329e-01  -1.4045576e-01   1.2817220e-02   4.8199725e-03   8.5315385e-03
   9.9451845e-02  -1.5666334e-01  -2.2778729e-02   1.1579605e-02   4.6076439e-03   8.7407322e-03
   8.3388813e-02  -5.1387573e-01   1.0557047e-01   1.2753233e-02   5.3674987e-03   8.0728568e-03
   7.9356298e-02  -1.5089676e-01  -2.0597964e-01   1.3864803e-02   5.1696375e-03   8.5168597e-03
   1.1004104e-01  -5.1374827e-02  -2.2481008e-01   1.3449987e-02   4.7903794e-03   9.2824687e-03
   8.8107732e-02  -2.8946880e-01  -1.4162360e-01   1.3130839e-02   5.0398291e-03   8.7670267e-03
   9.8349874e-02  -2.2576055e-01  -2.6506099e-01   1.4068001e-02   4.7958140e-03   9.1558942e-03
   1.0031577e-01  -2.6899218e-01  -9.3072357e-02   1.2893377e-02   4.9043877e-03   8.9508798e-03
   9.1927158e-02  -3.1717226e-01  -2.2481390e-01   1.4173903e-02   5.0265458e-03   9.0409685e-03
   1.0108115e-01  -1.7116690e-01  -2.1849250e-01   1.3544799e-02   4.8461464e-03   9.4348575e-03
   5.6613561e-02  -2.5249135e-01  -2.6797296e-01   1.4579944e-02   5.2762785e-03   9.0914884e-03
   5.7921097e-02  -2.6076830e-01  -2.0037150e-01   1.3935340e-02   5.1640095e-03   9.0720568e-03
   7.7075473e-02  -2.9003158e-01  -2.0498426e-01   1.4203761e-02   5.2940731e-03   9.5501659e-03
   7.2902318e-02  -2.2152747e-01  -1.0896168e-01   1.3461566e-02   5.2816721e-03   9.5725497e-03
   6.4024839e-02  -3.0339407e-01  -1.5916239e-01   1.3828273e-02   5.3039020e-03   9.2892815e-03
   8.1706616e-02  -2.2744376e-01  -5.1861482e-02   1.2564825e-02   5.1502345e-03   9.0906221e-03
   4.6649541e-02  -2.2439436e-01  -3.2949322e-01   1.3836272e-02   5.1614452e-03   8.7744952e-03
   7.7420773e-02  -4.6600844e-02  -2.7084205e-01   1.3045494e-02   4.6124525e-03   8.9806110e-03
   6.7260605e-02  -2.3749791e-01  -1.8526863e-01   1.3334183e-02   5.0740574e-03   8.8291661e-03
   7.5638257e-02  -1.6614281e-01  -2.0188366e-01   1.3578734e-02   4.9770730e-03   9.1299250e-03
   8.3593944e-02  -2.7699210e-01  -2.3882915e-01   1.4165625e-02   4.7173978e-03   9.1314073e-03
   9.4157773e-02  -1.6268287e-01  -2.0243589e-01   1.3817976e-02   4.6250710e-03   9.4649987e-03
   9.3341452e-02  -2.9773279e-01  -2.0031202e-01   1.4228564e-02   4.6154027e-03   9.3706405e-03
   1.1732995e-01  -1.8510099e-01  -1.5182874e-01   1.4307911e-02   4.3813755e-03   9.8960477e-03
   9.8046624e-02  -2.6783902e-01  -1.3126634e-01   1.4235105e-02   4.7039753e-03   9.6226275e-03
   1.1202211e-01  -2.0804142e-01  -1.8233177e-01   1.4414000e-02   4.6200954e-03   1.0146412e-02
   9.5971552e-02  -2.7861478e-01  -1.4713532e-01   1.4348292e-02   4.9840002e-03   9.9576728e-03
   9.2249933e-02  -1.9159047e-01  -1.8700424e-01   1.5036455e-02   4.8689182e-03   1.0085644e-02
   1.0443884e-01  -2.3322885e-01  -9.4914211e-02   1.3595125e-02   5.0127141e-03   1.0191822e-02
   1.0543749e-01  -2.6897407e-01  -2.2039308e-01   1.4817691e-02   5.2458330e-03   1.0462645e-02
   1.2084759e-01  -2.5502849e-01   8.8240956e-03   1.3166584e-02   5.4495891e-03   1.0322180e-02
   1.1033491e-01  -4.3966815e-01  -1.2804097e-01   1.5025910e-02   5.6303285e-03   1.0125804e-02
   1.2645609e-01  -8.3328366e-02  -1.2139327e-01   1.4816960e-02   5.1039703e-03   1.0474544e-02
   1.3287301e-01  -3.1929065e-01   1.1219806e-02   1.3369380e-02   5.3458890e-03   1.0526367e-02
   1.4100608e-01  -3.1214040e-01  -8.0823416e-02   1.4865777e-02   5.1098061e-03   1.0742756e-02
   1.5215912e-01  -1.2437600e-01   5.7483026e-02   1.4219997e-02   4.8764407e-03   1.1034851e-02
   1.2685556e-01  -3.6620008e-01   3.6378522e-02   1.4220175e-02   5.2673715e-03   1.0818242e-02
   1.3854240e-01  -2.2303539e-01  -6.6657684e-02   1.5023220e-02   5.0081872e-03   1.1269285e-02
   1.5357944e-01  -2.1860808e-01  -6.4871158e-02   1.4347758e-02   4.8668676e-03   1.1560179e-02
   1.5538662e-01  -2.8734005e-01  -7.7552001e-02   1.4553070e-02   4.7350204e-03   1.1604038e-02
   1.5844555e-01  -1.8074379e-01  -2.9416441e-02   1.3998565e-02   4.9598302e-03   1.1919298e-02
   1.3180214e-01  -3.1165106e-01  -5.9592444e-02   1.3959867e-02   5.2434741e-03   1.1516174e-02
   1.2830001e-01  -2.8181225e-01  -2.4447526e-01   1.5165293e-02   5.0845090e-03   1.2054508e-02
   1.4762874e-01  -1.8115270e-01  -9.6819596e-02   1.3769277e-02   4.8610390e-03   1.2411264e-02
   1.2388041e-01  -3.1744186e-01  -2.5455354e-01   1.5229286e-02   4.8630732e-03   1.2245138e-02
   1.4541584e-01  -1.4555953e-01  -2.3419503e-01   1.4462676e-02   4.4327666e-03   1.2690665e-02
   1.2774034e-01  -3.3037997e-01  -2.1017528e-01   1.4972681e-02   4.1871487e-03   1.2132608e-02
   1.2125317e-01  -1.8878986e-01  -2.8000062e-01   1.5671773e-02   3.9783380e-03   1.2374740e-02
   8.9014265e-02  -2.6493632e-01  -1.6737936e-01   1.4516552e-02   3.0954048e-03   1.0559593e-02
   1.0659316e-01  -2.6919625e-01  -2.3394093e-01   1.5448366e-02   2.8530412e-03   1.1200961e-02
   1.1343207e-01  -2.2653527e-01  -1.5190651e-01   1.4641945e-02   2.9333431e-03   1.1016215e-02
   1.1749461e-01  -3.4264309e-01  -2.2542477e-01   1.4932658e-02   2.7347647e-03   1.1170564e-02
   1.1241349e-01  -2.1682617e-01  -1.6667620e-01   1.5046185e-02   2.7663264e-03   1.1172217e-02
   1.0237945e-01  -3.3856025e-01  -1.2960765e-01   1.4870261e-02   2.9175851e-03   1.0581685e-02
   1.1610207e-01  -2.1102050e-01  -2.2417003e-01   1.5161575e-02   2.6155058e-03   1.1085546e-02
   1.3693491e-01  -2.2151735e-01  -1.1321324e-01   1.3979449e-02   2.1869846e-03   1.1013787e-02
   1.1857209e-01  -3.6772654e-01  -2.3369510e-01   1.5621759e-02   2.4169390e-03   1.0876794e-02
   1.2868070e-01  -1.6309379e-01  -2.5342821e-01   1.5554178e-02   1.9337669e-03   1.1134992e-02
   1.3415697e-01  -2.7947108e-01  -1.3286579e-01   1.4391566e-02   1.9134118e-03   1.0694896e-02
   1.1317884e-01  -2.7451164e-01  -1.8737787e-01   1.5013027e-02   1.6692818e-03   1.0757727e-02
   1.3428407e-01  -3.7034442e-01  -8.7013883e-02   1.4991603e-02   2.1736549e-03   1.0731881e-02
   7.6893213e-02  -2.4429843e-01  -3.0386141e-01   1.5487860e-02   3.8497366e-03   1.0200055e-02
   1.3015818e-01  -1.1752256e-01  -2.4723441e-01   1.2196427e-02   2.4030574e-03   1.0189765e-02
   1.4180101e-01  -3.8859182e-01   7.9036105e-03   1.3965353e-02   1.7596923e-03   9.6115791e-03
   1.2352394e-01  -2.4890668e-01  -1.8698517e-01   1.5436744e-02   1.6033448e-03   1.0105626e-02
   1.2759080e-01  -2.0826382e-01  -5.7248453e-02   1.3977226e-02   1.1504892e-03   9.8179102e-03
   9.7024139e-02  -3.1049459e-01  -1.7885814e-01   1.5496062e-02   1.6852904e-03   9.2877129e-03
   1.4648504e-01  -1.2287608e-01  -8.2554710e-02   1.4369729e-02   1.0323627e-03   9.8983642e-03
   1.2023801e-01  -3.1799402e-01  -7.8928889e-02   1.5460714e-02   1.3690290e-03   9.4672529e-03
   1.3582873e-01  -1.9348512e-01  -1.5775964e-01   1.5128452e-02   1.4430882e-03   1.0021035e-02
   1.2496456e-01  -3.1291503e-01  -5.6704466e-02   1.4525808e-02   1.8383598e-03   9.8906236e-03
   1.2908032e-01  -2.6527371e-01  -1.7619426e-01   1.4905937e-02   1.6691339e-03   1.0184116e-02
   1.1578708e-01  -3.1962510e-01  -8.2923947e-02   1.4872028e-02   1.8538164e-03   9.8484031e-03
   1.3662121e-01  -1.5048838e-01  -1.3371888e-01   1.4668172e-02   1.2287031e-03   1.0160688e-02
   1.1330843e-01  -3.1706162e-01  -7.3898512e-03   1.4372411e-02   1.7912153e-03   9.8037796e-03
   1.1382763e-01  -2.2549671e-01  -9.8518287e-02   1.5181032e-02   1.5677316e-03   1.0067109e-02
   1.1780808e-01  -2.7880090e-01   2.8917979e-02   1.3921214e-02   1.7261702e-03   9.7839487e-03
   1.0987257e-01  -2.6607716e-01  -6.9502295e-02   1.5213014e-02   1.7723723e-03   9.8870615e-03
   1.1636849e-01  -2.9782885e-01   8.0914214e-02   1.3354186e-02   1.7543242e-03   9.6114015e-03
   1.4165060e-01  -5.7443153e-01   2.4741935e-01   1.4979183e-02   1.8369762e-03   9.6247410e-03
   1.1795879e-01  -2.5707020e-01   4.5568237e-03   1.5358989e-02   2.0429468e-03   9.8271027e-03
   1.2573828e-01  -1.1009776e-01  -2.0383882e-02   1.4922347e-02   1.9302098e-03   1.0039244e-02
   1.9386171e-01  -5.1663365e-01   5.9584898e-01   9.3764434e-03   3.0132096e-03   9.7370893e-03
  -9.6306024e-03  -5.3356302e-01   2.4361124e-02   1.4318598e-02   7.2719172e-03   7.1013121e-03
   9.5088362e-05   2.3127178e-02   2.9660456e-02   1.1673661e-02   6.9295192e-03   7.5651233e-03
   3.6894541e-02  -3.2217390e-02   3.4756934e-02   1.1233040e-02   5.6541992e-03   8.3340032e-03
   6.5422763e-04  -1.6468759e-01   2.4145649e-01   9.5375361e-03   5.5812175e-03   7.4986694e-03
  -4.8313343e-02  -1.7953017e-01  -4.3358173e-02   1.0174612e-02   5.1871137e-03   6.4809416e-03
  -9.6984210e-02   5.7664354e-02  -7.5660439e-02   8.2041794e-03   4.5939382e-03   4.9410416e-03
  -8.2487222e-02  -2.5293336e-01   8.5916990e-02   9.6308991e-03   4.2840805e-03   5.0687539e-03
  -9.2239443e-02  -1.7970093e-01  -1.7243388e-01   1.1267471e-02   3.9058568e-03   4.9941463e-03
  -3.6105415e-02  -2.8699827e-01  -4.8465933e-02   1.1870271e-02   3.5900311e-03   5.5314994e-03
  -9.6716511e-03  -2.6192140e-01  -1.9311056e-01   1.2567158e-02   3.1928468e-03   5.7662542e-03
   1.0323470e-02  -1.3789666e-01  -8.9694683e-02   1.1657051e-02   3.0525470e-03   6.0345917e-03
   2.6364795e-02  -3.1433829e-01  -1.4667027e-01   1.3127487e-02   2.9203801e-03   6.1696705e-03
   2.8725060e-02  -1.6221503e-01  -2.0991707e-01   1.3055964e-02   2.7562254e-03   6.5179604e-03
   2.5396441e-02  -1.7774789e-01  -1.8087324e-01   1.2484085e-02   2.9850396e-03   6.6485807e-03
   1.2482964e-02  -2.4613502e-01  -6.7313292e-02   1.2124905e-02   3.1612609e-03   6.2145342e-03
   2.2958156e-02  -1.7041602e-01  -2.7140762e-01   1.2667448e-02   2.6612993e-03   6.6016437e-03
   2.4943789e-03  -2.4541427e-01  -7.2437551e-02   1.2219509e-02   2.8715079e-03   6.3394988e-03
   5.1826886e-03  -2.2719337e-01  -2.2512777e-01   1.3230580e-02   2.6016835e-03   6.7323274e-03
  -2.4680482e-03  -1.7483643e-01  -8.6460804e-02   1.2046667e-02   2.6443285e-03   6.4793744e-03
   2.6153753e-02  -2.4891692e-01  -2.2629122e-01   1.3212273e-02   2.1310431e-03   6.9233618e-03
   2.6023136e-02  -2.3864402e-01  -6.4486498e-02   1.2067586e-02   2.2001315e-03   6.6722257e-03
   1.3994206e-02  -1.7349476e-01  -1.8177803e-01   1.3008172e-02   2.2487727e-03   6.8178693e-03
  -1.2807940e-02  -1.9320892e-01  -1.1394205e-01   1.2395736e-02   2.6917869e-03   6.6543192e-03
   5.3480771e-03  -2.2893413e-01  -2.5516485e-01   1.3434165e-02   2.3207278e-03   7.3234824e-03
  -8.9276095e-03  -2.0679217e-01  -1.9801265e-01   1.2980954e-02   2.2812245e-03   7.1865812e-03
   1.9452383e-02  -2.5629350e-01  -2.5737189e-01   1.3473871e-02   1.6687710e-03   7.4048947e-03
   3.7363860e-02  -1.9878534e-01  -1.3940003e-01   1.1977143e-02   1.4724896e-03   7.3376391e-03
   2.5522167e-02  -2.7875963e-01  -2.0355031e-01   1.3139993e-02   1.6284763e-03   7.4952864e-03
  -1.7644011e-05  -1.6904064e-01  -1.8924292e-01   1.3060380e-02   1.9829779e-03   7.5145739e-03
   1.6993135e-02  -2.2855027e-01  -2.0447986e-01   1.2366211e-02   1.7623689e-03   7.7788336e-03
   2.9112779e-02  -2.3686432e-01  -1.9849589e-01   1.3144147e-02   1.6264035e-03   7.8117960e-03
   2.9080245e-02  -1.0603645e-01  -2.3964842e-01   1.2571166e-02   1.3612495e-03   7.7391869e-03
   8.3691085e-03  -2.2717118e-01  -2.4163963e-01   1.3011907e-02   1.4637048e-03   7.2020550e-03
   7.7808284e-03  -2.1997402e-01  -2.1047559e-01   1.2433618e-02   1.4913283e-03   7.0592436e-03
   5.0736117e-03  -4.3855045e-01  -9.5104903e-02   1.3419699e-02   1.9411656e-03   6.8021100e-03
   2.7035261e-02  -2.0442883e-01  -1.9341501e-01   1.4596048e-02   1.6556654e-03   7.7346595e-03
   4.8171219e-02  -1.7085947e-01  -5.5644133e-02   1.2466884e-02   1.2931699e-03   7.9432244e-03
   3.3144013e-02  -2.6238942e-01  -1.2054488e-01   1.3716477e-02   1.3775653e-03   7.6414488e-03
   5.3721240e-02  -1.0059660e-01  -8.6622193e-02   1.3490721e-02   1.2931875e-03   7.9929138e-03
   4.6830750e-02  -2.5187229e-01  -7.6906438e-02   1.2846267e-02   1.2298274e-03   7.9589134e-03
   4.7770973e-02  -2.6464486e-01  -1.1725086e-01   1.3443786e-02   9.8297284e-04   7.9480058e-03
   5.7726319e-02  -1.5602215e-01  -6.6614804e-02   1.2704010e-02   1.0025459e-03   8.3506332e-03
   4.2367361e-02  -3.8339246e-01   2.3101477e-02   1.2699740e-02   1.2662470e-03   7.7945653e-03
   2.0892952e-02  -2.7180640e-01  -1.5657935e-01   1.4642077e-02   1.0777412e-03   7.7475814e-03
   1.5289602e-02  -1.8765918e-01  -9.5861089e-02   1.4279645e-02   9.5542192e-04   8.0610983e-03
   2.0377150e-02  -3.7796174e-01   1.9403999e-02   1.4233655e-02   1.0735405e-03   7.7564292e-03
   3.5774078e-02  -2.9314459e-01  -8.1569174e-02   1.5061309e-02   5.8879754e-04   8.2187133e-03
   4.1235978e-02  -2.2929398e-01  -7.7538475e-02   1.4373881e-02   6.2780808e-04   8.5932638e-03
   3.1997277e-02  -3.8471625e-01  -6.7809901e-02   1.5670585e-02   6.0910559e-04   8.4305453e-03
   4.2901602e-02  -2.2235882e-01  -8.6605231e-02   1.5576846e-02   2.8648315e-04   8.6220007e-03
   3.8008429e-02  -3.8620919e-01  -7.4298193e-02   1.5073426e-02   4.1054519e-05   8.4012135e-03
  -1.5972320e-02  -3.3060600e-01  -1.2454557e-01   1.5102966e-02  -8.9524217e-06   7.1328419e-03
   1.5394804e-03  -3.1858233e-01  -5.9119570e-02   1.4699877e-02  -2.8042221e-05   7.4672509e-03
   2.2779827e-02  -2.9469214e-01  -8.7211895e-02   1.4944149e-02  -2.6199751e-04   7.8342274e-03
   2.3557423e-02  -2.6077359e-01  -4.1228576e-02   1.4575341e-02  -2.7502245e-04   7.7481411e-03
   3.3626754e-02  -3.8524688e-01  -3.0999787e-02   1.4197693e-02  -2.4410007e-04   7.8732814e-03
   5.4529982e-02  -2.9499351e-01  -1.1308882e-01   1.5620216e-02  -4.8619702e-04   8.6000965e-03
   6.5731380e-02  -1.9761296e-01  -1.5964432e-02   1.4662673e-02  -7.0935977e-04   8.9969345e-03
   5.5122603e-02  -3.6487324e-01  -1.1400299e-01   1.5657763e-02  -6.8953149e-04   8.8411144e-03
   6.2432409e-02  -2.2676510e-01  -4.0865548e-02   1.4957235e-02  -8.7490965e-04   9.0210695e-03
   5.5808780e-02  -3.4149363e-01  -7.3644298e-02   1.5262643e-02  -8.1701715e-04   8.8747484e-03
   8.0270913e-02  -1.6943434e-01  -3.9937172e-02   1.4121267e-02  -1.2937843e-03   9.4034559e-03
   8.5075889e-02  -2.4668181e-01  -3.5460309e-02   1.3592288e-02  -1.4974075e-03   9.5673573e-03
   7.3934430e-02  -2.4869561e-01  -6.2508531e-02   1.3741400e-02  -1.6016780e-03   9.1483302e-03
   5.4311399e-02  -2.6106051e-01  -2.2749643e-02   1.3709092e-02  -1.4864354e-03   9.0966011e-03
   5.3247963e-02  -3.5546854e-01  -7.8679972e-02   1.3605948e-02  -1.4723367e-03   9.2038998e-03
   9.7253054e-02  -3.4099970e-01   2.6899351e-01   1.1774994e-02  -1.9585845e-03   9.6044001e-03
   1.3833059e-01  -7.8032667e-01   5.4023282e-01   1.6433744e-02  -1.9891697e-03   8.9005118e-03
   1.3889709e-02  -3.5076049e-01   1.2834656e-01   1.6822851e-02   1.2239908e-03   8.5711024e-03
   4.6959520e-02  -1.8018099e-01  -7.9484451e-02   1.7091203e-02   3.2688235e-04   9.3288486e-03
   4.0448242e-02  -1.7296116e-01  -2.1683920e-01   1.7070151e-02   1.6421125e-04   9.3988125e-03
   4.7989584e-02  -2.7560738e-01  -2.6957062e-01   1.6746850e-02   9.5629700e-06   9.6834747e-03
   1.4869387e-02  -4.0073970e-01  -3.0174812e-01   1.7750928e-02   3.5126353e-04   9.2944043e-03
   2.4309699e-02  -2.7530744e-01  -3.7943491e-01   1.7249663e-02   4.7023087e-04   9.2466858e-03
   4.0457040e-02  -3.7768793e-01  -2.3892245e-01   1.6391348e-02  -2.0707757e-04   9.0452942e-03
   3.0692898e-02  -4.2570049e-01  -4.1716052e-01   1.8405698e-02  -1.1570374e-04   9.2801792e-03
   3.9089378e-02  -2.7450589e-01  -3.3120285e-01   1.7846750e-02   2.6624786e-05   9.4442940e-03
   2.5646507e-02  -4.0757941e-01  -3.6605826e-01   1.7906912e-02   9.2089903e-05   9.2447475e-03
   2.8644918e-02  -3.7569512e-01  -2.7015173e-01   1.7321950e-02   1.3355608e-04   9.1488968e-03
   3.2282962e-02  -3.6479281e-01  -3.7536982e-01   1.7961312e-02   1.0932791e-04   9.3688632e-03
   2.9457963e-02  -3.1924076e-01  -3.2040951e-01   1.7788417e-02  -8.8773071e-05   9.3381684e-03
   1.7143602e-02  -3.9067073e-01  -3.6751035e-01   1.8357528e-02   2.0415859e-04   9.4667947e-03
   1.1889536e-02  -3.6179049e-01  -2.9899129e-01   1.7562381e-02   2.1864503e-04   9.1322116e-03
   3.5314039e-02  -3.3243276e-01  -4.1514993e-01   1.8052574e-02  -1.0074291e-04   9.6569069e-03
   4.7707133e-02  -3.6656346e-01  -2.4776401e-01   1.6494081e-02  -2.0474780e-04   9.5142816e-03
   3.6749336e-02  -5.0238293e-01  -3.2913391e-01   1.7858962e-02  -1.4085356e-04   9.2505495e-03
   3.2287563e-02  -2.7469527e-01  -4.0860537e-01   1.8553535e-02  -2.9427397e-04   9.4149318e-03
   5.0567176e-02  -3.1004995e-01  -3.8858865e-01   1.7886663e-02  -5.4703820e-04   9.5907952e-03
   4.4998510e-02  -3.3020483e-01  -3.5824068e-01   1.8343465e-02  -2.6793620e-04   9.7568745e-03
   2.8646391e-02  -3.1781876e-01  -2.2753433e-01   1.7316397e-02   4.5923738e-05   9.4165581e-03
   2.3844462e-02  -3.9922298e-01  -3.6111944e-01   1.8659274e-02  -9.2380614e-06   9.6573522e-03
   6.9211215e-03  -3.6888074e-01  -2.3522422e-01   1.8247302e-02   1.4862265e-04   9.3925686e-03
   2.3273644e-02  -3.7373529e-01  -3.0781111e-01   1.8907152e-02  -1.4986510e-04   9.6044059e-03
   3.3002267e-02  -4.0393959e-01  -2.2063154e-01   1.7413414e-02  -1.7795505e-04   9.6643540e-03
   3.6933745e-02  -4.6003687e-01  -2.8320381e-01   1.8346601e-02  -2.3265594e-04   9.7594854e-03
   3.6267638e-02  -2.8409197e-01  -2.6995325e-01   1.8579064e-02  -4.2416244e-04   9.8100352e-03
   2.5150086e-02  -4.2145091e-01  -2.8747006e-01   1.7815926e-02  -1.8314632e-04   9.6311340e-03
   2.8548886e-02  -3.6119202e-01  -2.8807682e-01   1.8438551e-02  -1.3287273e-04   9.8207943e-03
   2.4588677e-02  -3.2668656e-01  -2.7510511e-01   1.8068642e-02  -1.7090458e-04   9.9331920e-03
   3.9436903e-02  -3.5779769e-01  -3.7273272e-01   1.8197832e-02  -5.8238356e-04   1.0097049e-02
   4.4965311e-02  -4.7726053e-01  -1.1564967e-01   1.7082033e-02  -6.1946445e-04   9.6556751e-03
   2.5955830e-02  -4.3887815e-01  -3.5548820e-01   1.9461558e-02  -4.0506139e-04   9.5702829e-03
   3.4623951e-02  -2.1479936e-01  -3.4126458e-01   1.8701275e-02  -6.5818305e-04   9.7106138e-03
   3.7305949e-02  -5.1507062e-01  -1.9258260e-01   1.8694943e-02  -5.3322421e-04   9.0720866e-03
   3.0893324e-02  -3.8065536e-01  -4.1520240e-01   1.9571882e-02  -7.6149298e-04   9.4702447e-03
   3.6149360e-02  -2.7554940e-01  -3.4869484e-01   1.8779287e-02  -9.5754099e-04   9.3344331e-03
   2.6700297e-02  -4.0623291e-01  -5.7692280e-01   1.9163347e-02  -1.5283546e-03   8.5706634e-03
   5.5805574e-02  -2.5696250e-01  -4.6132701e-01   1.8542370e-02  -2.0809192e-03   9.1861554e-03
   4.2911233e-02  -5.3350751e-01  -4.8926499e-01   1.9749804e-02  -1.9303084e-03   8.8300851e-03
