   0.0000000e+00   0.0000000e+00   0.0000000e+00   0.0000000e+00   0.0000000e+00   0.0000000e+00
  -3.5799570e-02  -7.3514833e-02  -1.4307114e-02  -5.2651102e-04   7.1175038e-04  -1.4152493e-04
  -3.1939874e-02   4.6509521e-02  -2.4729040e-01  -3.9031855e-04   4.2265339e-04  -2.7531185e-04
  -3.4361575e-02  -3.8441598e-04   8.2099132e-02  -1.4476938e-03   6.3527739e-04  -5.0303123e-04
  -5.5741876e-02   7.5536660e-02  -2.7598482e-01  -1.2591868e-03   7.2978463e-04  -2.3903286e-04
  -1.9690042e-02   4.4903032e-02   1.8419322e-02  -1.1988045e-03   3.0550374e-04   3.8440747e-04
  -2.3833476e-02  -1.5051761e-01  -8.6364129e-02  -2.6472114e-04   3.2995217e-04  -4.6191162e-05
  -1.8730821e-02   1.6529314e-01   5.2932296e-02  -7.3677898e-04   3.1780071e-04  -2.4743440e-04
  -4.6222362e-02  -1.4337447e-01  -5.7199633e-02   7.7421926e-04   7.6452420e-04  -3.4826928e-04
  -5.8240458e-02   2.9261783e-01  -1.8175865e-01  -4.5435988e-04   9.1878731e-04  -4.0352120e-04
  -3.0863159e-02   8.5928626e-02   1.6950765e-01  -1.0712352e-03   5.0199469e-04  -4.7466881e-04
  -4.3634019e-02  -4.5070683e-03  -2.2222533e-01  -3.9600897e-05   5.7974266e-04  -2.7992415e-04
  -2.9632524e-02   1.0105390e-01  -3.7520492e-02   2.2677453e-06   3.6548221e-04  -3.0041630e-04
  -2.2920247e-02  -1.5204665e-01   1.7313285e-01  -1.6780903e-03   3.7557107e-04  -4.4526103e-04
  -3.2553964e-02   2.1244013e-02  -1.8326037e-01  -1.3946996e-03   3.2744441e-04  -4.4980958e-05
   5.9326830e-04  -3.4856300e-02   1.4128422e-01  -1.7241328e-03  -1.4650035e-04  -3.9127887e-04
  -3.4454456e-02   6.9577067e-02  -2.1039019e-01  -7.0618975e-04   2.9154148e-04  -2.6362433e-04
  -2.7948717e-02   1.6050472e-01  -4.1615401e-03  -6.7482770e-04   2.9722739e-04  -2.5601635e-04
  -4.3899180e-02  -5.1153936e-03  -8.6619312e-02  -6.8416906e-04   6.5174526e-04  -1.0179183e-04
  -4.4826031e-02   1.8718948e-01  -2.0366847e-01  -1.4566373e-03   5.1634087e-04   8.1175219e-05
  -3.2905917e-02   1.4127370e-02  -4.5080704e-02  -1.4097254e-03   5.1408654e-04   8.6285083e-05
  -2.5136215e-02   1.0424644e-01  -1.6336829e-01  -1.4007765e-03   3.1952848e-04   1.6086627e-04
  -2.5925337e-03  -2.2523524e-01   1.6083699e-01   2.8645653e-04   2.2454359e-04  -7.9130894e-04
  -2.3088089e-02  -3.8605739e-01   1.2327031e-01   1.7551987e-03   4.2285701e-04  -1.3667694e-03
  -5.8313413e-02   4.8429617e-01   4.5719957e-03  -3.0568765e-04   8.2398876e-04  -4.5969172e-04
  -7.6389075e-02   2.9122358e-01  -1.8049609e-01  -1.0582177e-03   1.1490539e-03   2.8037098e-05
  -6.7599980e-02   1.3725081e-01  -2.8123939e-01  -9.5623233e-04   1.0935773e-03   2.8030228e-05
  -5.2825627e-02   4.2368774e-02  -2.5359815e-01  -3.1510896e-04   9.8715152e-04  -1.1152568e-04
  -4.1888694e-02  -6.2007622e-02  -1.0514557e-01   3.4709360e-04   8.7159487e-04  -1.5709504e-04
  -2.9644522e-02  -1.3462444e-01  -2.3405391e-01   7.0167025e-04   4.9805901e-04   2.3636474e-04
  -2.8112507e-02   1.0352939e-01  -2.1548767e-01  -9.0563548e-05   5.0119361e-04   2.1572206e-04
  -9.0854394e-03  -1.2563603e-02  -1.3175406e-01   1.3569584e-04   2.9465470e-04   2.5830514e-05
  -3.3026640e-02  -1.2847578e-01  -2.7929784e-01   8.2990383e-04   5.8707921e-04   1.2500816e-04
  -1.5353387e-02   1.3438606e-01  -1.5096842e-01  -3.5264194e-04   1.8378619e-04   2.7006534e-04
  -2.2153566e-02  -1.0226508e-01  -2.5143607e-01  -5.0266904e-05   2.4830530e-04   3.6481632e-04
  -2.1733941e-02   2.8777176e-01  -2.1437234e-01  -6.8024823e-04   1.8763916e-04   5.1418672e-04
  -3.4332346e-02  -1.3106124e-02  -1.5536405e-01  -1.0091548e-03   4.5968376e-04   5.0973374e-04
  -4.2853133e-02   1.4414583e-01  -3.6358798e-01  -6.4107168e-04   3.8798782e-04   4.3822715e-04
  -7.4919647e-03   5.0702130e-02  -9.5665208e-02  -1.7777927e-03  -3.9197736e-05   3.0707826e-04
  -3.0127016e-02   6.8732916e-02  -3.7870519e-01  -8.3894839e-04   1.0279125e-04   3.9852545e-04
   3.0611216e-03   6.1633178e-02  -1.5455173e-02  -1.9441007e-03  -2.5144871e-04   5.6655285e-04
  -2.0970537e-02  -1.8393399e-02  -3.4293430e-01  -6.8504354e-04  -1.2375063e-04   5.6296412e-04
  -1.7094697e-02   2.7270436e-01  -1.7630025e-01  -9.6329899e-04  -1.0928279e-04   3.1409303e-04
  -2.5297322e-02  -1.0094138e-01  -2.7360561e-01  -4.3521905e-05   1.2842764e-04   1.8360384e-04
  -1.1344583e-02   1.9926738e-01  -1.8822509e-01  -4.2066152e-04  -1.8375032e-05   9.6578551e-05
  -1.4542476e-02  -1.0319767e-02  -3.1186889e-01   1.8351195e-04  -2.6687668e-07  -2.3744318e-05
  -2.6978650e-02   3.3662231e-01  -2.9010873e-01  -8.4090790e-04   2.7445122e-04   3.6771844e-04
  -3.3177613e-02   1.0389719e-01  -3.0788781e-01  -4.0141895e-04   4.3998407e-04   3.5272423e-04
   2.3933443e-04  -9.9982142e-02  -1.4272916e-01  -5.0815230e-05   9.7466518e-05   1.9145416e-04
  -2.5355407e-02  -1.5990568e-01  -3.2480141e-01   2.5538920e-04   3.1630370e-04   2.7064970e-04
  -7.8487530e-03   8.2827274e-02  -1.5072927e-01   1.7261066e-04   2.8518575e-04   1.6976515e-04
  -6.9701603e-03  -7.0004890e-02  -2.9212887e-01   8.3219940e-04   5.5911884e-05   1.9583073e-04
  -1.8986891e-02   2.7370035e-01  -2.6593068e-01  -1.0006646e-04   2.0847128e-04   2.7902718e-04
  -1.2574964e-02  -5.1873032e-02  -1.6778101e-01  -1.3441208e-04   6.9170642e-05   3.8086625e-04
  -2.1326062e-02   9.1704629e-02  -3.4793414e-01  -1.7341876e-04   4.9201284e-05   6.0340250e-04
   3.4925697e-03  -6.1690173e-02  -1.3317353e-01  -8.0065458e-04  -2.4132934e-04   3.5769453e-04
  -1.2364333e-02   5.7203738e-02  -3.3308461e-01  -5.0012046e-04  -1.1198061e-04   5.0295313e-04
  -1.7467476e-03   1.2124489e-01  -8.5468274e-02  -1.3805098e-03  -1.1118304e-04   7.0145796e-04
  -3.8940159e-02   7.2874650e-02  -3.7300763e-01  -4.5418644e-04   2.4489264e-04   6.6409267e-04
  -3.3531630e-02   1.6277544e-01  -2.7867823e-01  -5.4347474e-04   2.0381399e-04   3.2716827e-04
  -3.3120998e-03  -4.5650760e-03  -7.3137309e-02  -9.8618028e-04  -1.6632965e-04   3.9422141e-04
  -1.6099887e-02   1.0025760e-01  -2.6661779e-01  -1.0406597e-03  -1.3403437e-04   5.5677978e-04
   1.1185024e-02  -6.6857516e-02  -9.6306561e-02  -7.2130149e-04  -3.8227009e-04   3.9541422e-04
  -1.1108519e-02   1.3913323e-01  -3.3515718e-01  -6.9035355e-04  -2.6506046e-04   2.5497642e-04
  -8.9977737e-04   1.2661254e-01  -3.6376162e-02  -1.4172653e-03  -1.0554000e-04   9.6915299e-05
  -1.6007500e-02  -1.6881771e-02  -2.8757515e-01  -3.6362249e-04   2.0997812e-05   2.0632263e-04
   7.2389386e-03   2.4795071e-01  -1.2127384e-01  -9.1004289e-04  -3.5870795e-04   3.5387341e-04
   3.3061964e-04  -7.8661075e-03  -2.2153859e-01  -8.9654406e-04  -2.2100461e-04   3.0741236e-04
  -3.7243540e-02   1.4600800e-01  -3.0864950e-01  -6.6973054e-04   4.1419351e-04   3.8580835e-05
   2.8828022e-03  -7.8078640e-02  -8.4838704e-02  -1.7375011e-03  -2.5997272e-04   1.3937042e-04
  -1.4875209e-02   8.8640924e-03  -3.6062382e-01  -6.6684028e-04  -1.6317027e-04   5.3616830e-04
  -6.9470568e-03   1.4317309e-01  -5.9622068e-02  -1.2613537e-03  -1.4321587e-04   1.8335700e-05
  -2.0680307e-02  -6.4005809e-02  -1.3951675e-01  -9.0052148e-04   1.6308960e-04  -2.9399501e-04
  -2.9206363e-02   2.5036613e-01  -2.6471527e-01  -9.9472787e-04   1.1404197e-04  -6.4801464e-05
  -6.3286842e-04  -3.1347121e-02   5.3721170e-02  -1.7280710e-03  -2.3364935e-04   1.6352314e-04
  -1.8416755e-02   1.1266010e-01  -2.7526129e-01  -1.0220694e-03  -3.0024060e-05   3.9901681e-04
   7.2924006e-03   9.8686328e-02  -8.5844233e-02  -1.1706432e-03  -3.2022979e-04   6.1324479e-04
  -7.5339246e-04  -8.4903795e-02  -2.4779997e-01  -2.6722880e-04  -2.8979916e-04   5.7311323e-04
   6.5993581e-03   2.4944377e-01  -9.9868913e-02  -1.4975864e-03  -4.5271784e-04   5.7138096e-04
   9.5757702e-03  -8.8237736e-02  -1.7702285e-01  -5.6250956e-04  -4.6729505e-04   7.6298211e-04
   3.6347577e-03   1.9689717e-01  -2.3391664e-01  -8.9262661e-04  -3.2254605e-04   8.3787344e-04
   3.2225277e-02  -2.2333827e-02   1.5223268e-02  -1.6677853e-03  -6.0521622e-04   6.5982192e-04
   1.3565148e-02   4.4859763e-02  -3.1315404e-01  -1.2897527e-03  -5.9751871e-04   7.7630512e-04
   3.4824824e-02   1.7202401e-02  -2.9911544e-02  -1.7687482e-03  -8.1686094e-04   6.6774854e-04
   7.9706407e-03  -7.5823128e-02  -3.0532373e-01  -8.0343446e-04  -4.7938712e-04   7.2557269e-04
   2.7684616e-02   1.3759282e-01  -7.1113518e-02  -1.8122108e-03  -6.5522921e-04   4.9886581e-04
   1.2017399e-02  -4.6489998e-02  -2.8310291e-01  -9.7350928e-04  -5.4082638e-04   6.3357567e-04
   2.1601831e-02   2.9984335e-01  -1.1170252e-01  -1.8902999e-03  -7.2680925e-04   7.7741389e-04
  -1.2156719e-02  -7.2378571e-02  -2.2919632e-01  -1.3009686e-03  -1.7302168e-04   4.9894013e-04
  -4.1138290e-02   2.5109697e-01  -3.0860284e-01  -1.5187733e-03   2.6755846e-04   1.9670798e-04
  -2.8242384e-03   3.9647589e-03  -2.6533764e-02  -2.2910265e-03  -2.5081281e-04   2.0829445e-04
  -3.0828202e-02   9.1775210e-02  -3.7462938e-01  -2.2309582e-03  -7.5677963e-05   6.2503181e-04
   5.2557617e-03   5.6026814e-02  -7.2849284e-02  -2.4206381e-03  -4.5683841e-04   3.3509996e-04
  -2.4356836e-02   1.0517903e-02  -3.4191051e-01  -1.0821163e-03  -2.1921157e-04   3.4797473e-04
  -6.7252067e-03   2.6252475e-01  -3.1678899e-02  -1.8508019e-03  -2.5680430e-04   2.4770660e-04
  -2.1297002e-02  -5.6450600e-02  -2.1159165e-01  -9.2685684e-04  -9.1550468e-06   3.9403703e-04
   1.7307120e-02   2.8281601e-01  -1.1861820e-01  -2.2088796e-03  -8.9877955e-04   4.5155899e-04
   6.0755639e-02  -9.5262298e-02  -1.2334263e-01  -1.8058119e-03  -1.6711261e-03   6.5953155e-04
   4.9466799e-02   2.0959725e-01  -5.4338852e-02  -2.2985540e-03  -1.5565873e-03   8.9949352e-04
   2.0095799e-02  -3.7332871e-02  -1.2341962e-01  -1.5909633e-03  -8.3805381e-04   9.7802080e-04
   4.9019616e-02   1.1500722e-01   7.8970438e-02  -2.0369849e-03  -1.2538267e-03   9.8400941e-04
   2.3062429e-02   5.5507969e-03  -1.9527078e-01  -6.7476976e-04  -8.3784344e-04   8.0619887e-04
   4.5692133e-02   2.2976102e-01   1.5004815e-02  -1.5055009e-03  -1.1246141e-03   1.0075553e-03
   4.3820284e-02  -8.0181676e-02  -1.4785482e-01  -6.2590235e-04  -1.1486769e-03   1.0467394e-03
   1.0608653e-02   1.7639677e-01  -2.5378615e-01  -1.3433795e-03  -6.7998741e-04   9.5564239e-04
   1.1122432e-02   3.1798820e-02   3.0072119e-02  -1.7066314e-03  -3.5396064e-04   8.4664953e-04
  -1.5184320e-02   5.2089505e-02  -3.1619433e-01  -9.1658848e-04  -1.8245390e-04   8.9483309e-04
   1.1490101e-02   4.1006193e-02   7.8631870e-02  -1.2546322e-03  -5.5040558e-04   7.8716904e-04
  -4.0373924e-03   4.7455202e-02  -3.0746774e-01  -1.7951795e-03  -6.8381746e-04   7.2941697e-04
   2.6015838e-02   3.0431979e-02   5.2611103e-02  -2.2884345e-03  -1.0334345e-03   6.6889356e-04
   1.2581706e-02  -3.4345976e-01  -5.0273105e-02  -2.5679122e-03  -1.0914479e-03   5.7399665e-04
  -2.1844107e-03   1.4856942e-01  -1.1812651e-01  -4.0554515e-03  -8.3745159e-04   8.4931028e-05
   2.4669984e-02   1.5280331e-01  -9.3368789e-04  -1.7251976e-03  -7.5382197e-04  -1.0134141e-04
   8.9330915e-04   1.0658733e-01  -1.4103648e-01  -9.5513952e-04  -2.8952623e-04  -1.0859161e-04
   1.1005191e-02   3.5171361e-01   6.5123620e-02  -1.4273575e-03  -3.2454912e-04   1.9901131e-05
   3.7779281e-03   8.3620224e-02  -1.9299886e-01  -5.7368458e-04  -3.8919931e-04   2.0845180e-04
   1.4092677e-02   2.1339963e-01   2.7785554e-02  -1.2156787e-03  -4.2040480e-04   3.5987568e-04
   7.2077581e-03   2.4629620e-02  -1.8467283e-01  -2.8715090e-04  -4.0699915e-04   5.5615427e-04
   2.1792480e-02   2.4381691e-01  -1.5436847e-01  -9.1133051e-04  -5.5814611e-04   7.9346970e-04
   4.4435636e-02  -7.9388324e-03   9.8010289e-02  -2.0079402e-03  -1.0069061e-03   6.0136840e-04
   2.3245057e-02   6.1202920e-02  -1.9793448e-01  -1.2379181e-03  -8.5953247e-04   7.4930911e-04
   1.5552163e-02   2.1782511e-01   9.0317817e-03  -2.1937703e-03  -6.6877044e-04   7.2186088e-04
   2.6760740e-02   6.8981646e-02  -5.4901188e-02  -2.8948345e-03  -1.0138800e-03   8.6194004e-04
   1.0048787e-02   2.2481083e-01  -1.3178841e-01  -3.9721882e-03  -7.7893962e-04   5.4337248e-04
  -3.1312530e-03   5.3787699e-02  -9.7258490e-02  -5.3453122e-04  -1.6711371e-04   3.9850221e-04
  -9.0168556e-03   3.7253615e-01  -2.5354350e-01  -8.5507752e-04  -1.3687820e-04   6.1850610e-04
   3.5022947e-03   1.5439661e-01  -2.6214672e-01  -3.5689952e-04  -4.8295360e-04   6.0840738e-04
   1.5622123e-03   7.9634458e-02  -6.8447015e-02  -1.5323175e-03  -3.1571361e-04   1.2276020e-04
  -2.7322805e-02   2.2604933e-01  -3.2959666e-01  -1.5071153e-03  -7.3585609e-05   1.5896371e-04
  -5.2198938e-03   2.2576192e-03   4.3918446e-03  -2.4200695e-03  -2.5923950e-04   5.0932383e-05
  -2.4549143e-02   1.5026270e-01  -3.7974713e-01  -9.5363440e-04  -1.7973079e-04   2.7072680e-04
   2.5112613e-03   1.7257835e-01  -9.6096715e-03  -2.0946898e-03  -4.9068604e-04   7.4748511e-05
  -4.4692519e-03  -1.0942358e-02  -2.2405288e-01  -2.3482632e-03  -4.0031255e-04   2.4576522e-04
  -1.0563089e-02   2.7912190e-01  -2.8739638e-01  -1.5841179e-03  -4.3535940e-04   4.2604055e-04
   1.0582767e-02   1.9012394e-02   1.2568177e-01  -3.4869282e-03  -6.5435976e-04   2.3827085e-04
  -5.8231029e-03   1.0912246e-01  -3.0110757e-01  -1.5536084e-03  -5.8398042e-04   5.1899870e-04
   3.3819174e-03   2.3161779e-01  -3.5621197e-02  -1.9583254e-03  -6.5078983e-04   4.3008979e-04
   6.0914442e-03   5.4200733e-02  -1.7353863e-01  -2.3592412e-03  -4.3676350e-04   6.4595319e-04
  -8.9060605e-03   2.7710858e-01  -2.0270232e-01  -1.7427213e-03  -3.8899830e-04   3.8694208e-04
  -7.9937573e-02   2.7237035e-02   1.6534127e-01  -2.6181256e-03   1.3749027e-03  -5.1721378e-05
  -9.7864518e-02   1.9794257e-01  -3.2000563e-01  -2.1734782e-03   1.0916326e-03   3.3542121e-04
  -7.5319987e-02   1.2392930e-01   3.0389089e-01  -4.0395102e-03   9.5485098e-04  -2.9298961e-04
  -1.4723521e-01   8.3278104e-02  -2.6398481e-01  -1.6994764e-03   1.9498153e-03   2.1923325e-04
  -4.8330062e-02   3.3710488e-01  -1.0437463e-01  -2.5658389e-03   2.0877342e-05   2.3982866e-04
  -4.3125706e-02  -1.1673110e-02   1.7975402e-01  -3.5524437e-03   2.1081194e-04   1.0696049e-04
  -2.8904214e-02   2.3574152e-01  -1.3727401e-01  -2.3685848e-03  -1.6774191e-04   2.6639258e-04
  -2.2575839e-02  -9.3683570e-02   1.4278167e-02  -8.0803561e-04   1.2199866e-04  -1.9186653e-04
  -3.1928992e-02   2.3174036e-01  -2.3939884e-01  -9.2562081e-04  -5.2695703e-05   3.5871532e-04
  -4.0279844e-03   2.0778224e-01   1.0911666e-01  -2.0212986e-03  -4.8226853e-04   2.2875912e-04
  -1.9185406e-02   5.0524130e-02  -2.0921017e-01  -1.1738801e-03  -2.7938447e-04   2.9426721e-04
  -2.1276889e-02   3.0691914e-01  -2.7657426e-01  -1.3134285e-03  -2.8847033e-04   5.1881045e-04
  -4.5287943e-02   7.4577936e-02  -6.8209773e-02  -2.0778970e-03   4.4239655e-04   5.0522834e-04
  -2.1032806e-02   1.4851159e-01  -2.8969492e-01  -1.8104827e-03  -2.2120608e-04   7.0879387e-04
   6.3823837e-04   7.5923496e-02  -1.5915166e-02  -2.4776297e-03  -4.2622121e-04   8.2994914e-04
  -5.8994292e-03  -5.6173321e-02  -1.6407648e-01  -2.5425680e-03  -2.9103940e-04   9.9031382e-04
  -8.4066211e-03   2.4836840e-01  -5.5541696e-02  -2.2780425e-03  -5.0403577e-04   4.1913410e-04
  -1.6725896e-02  -8.0299695e-02   2.9313308e-01  -3.6209938e-03  -4.5147424e-04  -8.8840132e-04
  -1.3967327e-02   2.4306170e-01  -1.2417907e-01  -2.1902344e-03  -6.4042422e-04   4.0557347e-04
   2.0006422e-03   1.4748970e-01   1.1124514e-01  -2.6702835e-03  -7.8565826e-04   1.9833070e-04
  -2.1728032e-02   1.7619268e-01  -2.3720108e-01  -2.0887467e-03  -5.9669456e-04   4.6379974e-04
   2.6454185e-03   1.9914837e-01   9.8138822e-02  -2.9882771e-03  -8.0694984e-04   1.8949620e-04
  -7.0895698e-03   2.2348568e-02  -2.5165766e-01  -1.4156191e-03  -7.8487436e-04   2.9798721e-04
   8.5144330e-03   2.3786606e-01  -5.9258505e-02  -2.0323504e-03  -1.0472220e-03   2.6609569e-04
  -1.0323631e-02   1.1443123e-02   3.0973419e-02  -2.2894874e-03  -4.4325571e-04   3.3439372e-05
  -2.8229251e-02   2.1314150e-01  -3.2210260e-01  -2.1672729e-03  -4.6633779e-04   1.6264352e-04
   2.7626757e-03   9.9740148e-02   9.3075378e-02  -3.4057887e-03  -8.4854328e-04   4.4327369e-05
  -1.6579664e-02  -7.9642288e-02  -1.3674897e-01  -3.0990486e-03  -4.5853190e-04   2.6867138e-04
  -2.4840270e-02   2.8547104e-01  -2.0150081e-01  -2.8248292e-03  -4.1586229e-04   2.2162369e-04
  -2.3113884e-03  -6.2669399e-02   2.3807274e-01  -5.2084809e-03  -7.6963479e-04  -3.7390864e-04
  -1.4930765e-02   2.3804165e-01  -3.9455603e-01  -3.4277354e-03  -7.9221154e-04   6.7360416e-04
  -1.7402329e-02   2.7078121e-01  -2.6771058e-02  -4.9862948e-03  -6.4234730e-04   5.7185386e-04
  -5.6341305e-02  -2.8532455e-02  -1.5342005e-01  -4.1555334e-03   4.5468031e-04   6.3567000e-04
  -2.7604791e-02   4.3482255e-01  -2.4239361e-01  -4.0620257e-03  -3.0233980e-04   7.8491949e-04
  -3.3147526e-02   4.9861184e-02   3.8626802e-03  -4.7801428e-03  -5.9831188e-06   1.6497419e-04
  -2.0615468e-02   2.1635971e-01  -3.6958028e-01  -3.9580886e-03  -4.7215814e-04   8.8709049e-04
  -7.8547374e-03   2.0883167e-01  -4.0861798e-02  -4.3464914e-03  -7.1591216e-04   6.7760534e-04
  -1.7494261e-02   3.8719246e-02  -2.4670936e-01  -3.5057010e-03  -4.3632743e-04   9.1459545e-04
  -2.4105837e-02   3.1846842e-01  -1.7450791e-01  -4.1200528e-03  -3.8890324e-04   9.0030337e-04
  -5.6520043e-02  -3.8336564e-02   5.2081403e-02  -5.3178558e-03   5.8975097e-04   4.1271189e-04
  -1.2434480e-02   1.9151650e-01  -3.9571916e-01  -4.1546207e-03  -5.5603491e-04   1.1885218e-03
   6.1077615e-04   1.5086539e-01   2.0081837e-02  -5.5642972e-03  -8.1449749e-04   8.3114272e-04
  -3.0989496e-02   4.8130010e-02  -2.7906016e-01  -4.2216659e-03  -1.5807917e-04   1.0539591e-03
  -2.0913863e-02   3.9353851e-01  -1.3553631e-01  -4.5012142e-03  -5.2158167e-04   1.1541357e-03
  -7.2841889e-02   1.6305473e-02   4.6554776e-03  -5.0833936e-03   7.2125905e-04   5.2323073e-04
  -4.0514890e-02   2.9030158e-01  -3.5284355e-01  -3.5594359e-03  -2.2348731e-04   1.0625357e-03
  -2.1627108e-02   6.0713647e-02   2.5044175e-01  -6.2470242e-03  -3.8295488e-04   2.7735746e-04
  -4.6025695e-02   4.5057361e-02  -3.2550476e-01  -2.7708160e-03   1.4123110e-05   7.8272909e-04
  -2.5223256e-03   3.1132264e-01   8.8667531e-02  -4.9295219e-03  -7.5431536e-04   7.3091514e-04
  -3.7845966e-02  -4.8356911e-02  -1.3663668e-01  -4.4246206e-03  -4.6906891e-06   7.6922647e-04
  -1.9586431e-02   3.1442667e-01  -2.1842764e-01  -3.5747259e-03  -4.7862596e-04   6.0894268e-04
   5.0773519e-04  -7.4262299e-02   8.7835932e-02  -5.3635231e-03  -8.5148819e-04   1.6380710e-04
  -2.4411969e-02   1.3728706e-01  -3.9110848e-01  -3.3716020e-03  -5.7000560e-04   6.4378384e-04
  -1.0642728e-02   1.2776880e-01   8.9306420e-02  -5.2989882e-03  -6.3866832e-04   4.6124347e-04
  -2.7650390e-02   6.7062467e-02  -3.6570322e-01  -3.1733532e-03  -4.5485793e-04   9.7527677e-04
  -1.2238644e-02   3.5488247e-01  -2.1137945e-01  -5.0437361e-03  -5.9065725e-04   1.0804653e-03
  -2.2003252e-02   1.0010538e-02  -2.9693567e-03  -5.4573453e-03  -1.3784476e-04   5.2001698e-04
  -2.4642162e-02   2.7187399e-01  -3.9822355e-01  -4.9092246e-03  -4.2148446e-04   1.1348662e-03
   2.4407336e-04   1.5099206e-01   4.9158533e-02  -6.6453145e-03  -7.3677128e-04   5.9515342e-04
  -3.5461962e-02   5.3572501e-02  -3.7079309e-01  -5.0578573e-03  -2.2377748e-04   7.9034816e-04
  -1.1940035e-02   3.2718910e-01  -1.5639543e-01  -5.7664860e-03  -8.2290920e-04   6.6580402e-04
  -2.8595567e-02  -1.7876521e-02  -3.2373441e-02  -5.7345821e-03  -1.1698783e-04   4.2587184e-04
  -2.5469615e-02   2.6185262e-01  -4.2257979e-01  -4.7365021e-03  -4.8044622e-04   9.6570705e-04
  -1.0125646e-03   1.3215704e-01   1.8984219e-01  -7.6186507e-03  -8.1763963e-04   2.9828579e-04
  -3.6127002e-02   8.0848484e-02  -3.1879989e-01  -3.5199219e-03  -2.2530747e-04   6.5950168e-04
   9.9280325e-04   3.5443496e-01  -4.7665714e-03  -5.3087530e-03  -9.3356006e-04   6.8409956e-04
  -2.8453954e-02   1.4254295e-02  -2.0272000e-01  -4.4452714e-03  -2.4037935e-04   8.5481121e-04
  -2.4709299e-02   3.2308756e-01  -3.3796413e-01  -3.1029996e-03  -5.2044710e-04   1.1382096e-03
  -1.3194851e-03   1.0758335e-02   1.3204884e-01  -5.7022212e-03  -8.8377979e-04   3.8703470e-04
  -2.6732617e-02   4.1234477e-02  -3.2619188e-01  -3.1298817e-03  -4.8102951e-04   8.2526043e-04
  -1.4498826e-02   4.2767898e-01  -1.8483342e-01  -4.0344949e-03  -6.3554979e-04   6.5071690e-04
  -3.4611037e-02   2.6403992e-02  -2.0079198e-01  -4.3142788e-03   3.4766991e-05   3.5703620e-04
  -4.1128443e-02   2.0385853e-01  -4.0207749e-01  -3.2534472e-03  -1.2128826e-04   4.2850711e-04
  -8.4409631e-03   2.9252034e-02   1.2734125e-01  -4.9110470e-03  -5.8526152e-04  -4.5808605e-05
  -3.8874302e-02   1.5408591e-02  -3.9910554e-01  -2.1350456e-03  -2.4251218e-04   2.7214413e-04
  -1.3176908e-02   3.1807137e-01  -1.3464393e-01  -3.0785250e-03  -6.5030448e-04   2.9636141e-04
  -2.5415954e-02   2.0872965e-02   1.8017280e-02  -3.9200363e-03  -1.7550246e-04   6.4322073e-05
  -4.3902803e-02   2.9714241e-01  -4.3898454e-01  -2.9019891e-03  -2.9945348e-04   3.2887827e-04
  -5.6486327e-03   1.1163164e-01   1.7915753e-01  -5.4864695e-03  -9.6024289e-04  -9.8136833e-05
  -3.9956324e-02   2.8265632e-02  -2.8138215e-01  -3.1512163e-03  -3.6197261e-04   3.2226253e-04
  -5.5725292e-03   2.7526585e-01  -1.3036134e-01  -3.6252246e-03  -6.5678188e-04   2.6821975e-04
  -8.4318088e-03  -3.7944919e-01   3.0777281e-03  -1.1789672e-03  -1.1290420e-04  -6.4913157e-04
  -4.3427755e-02   2.9425956e-01  -2.6783011e-01  -1.7816211e-03  -6.8573823e-05   6.0828896e-05
  -7.2968056e-02   4.2661703e-01  -3.6217267e-01  -2.7157516e-03   4.0144910e-04   3.5406003e-04
  -6.7417941e-02   1.9236153e-01  -4.4473732e-01  -2.2402050e-03   4.5094024e-04   2.3524315e-04
  -3.4219126e-02   5.5598582e-02  -1.1827362e-01  -3.1848281e-03  -3.1444595e-05   1.7000909e-06
  -4.0905710e-02   3.4867109e-02  -3.7623842e-01  -2.2540102e-03   3.6430557e-05   1.5411945e-04
  -3.8349583e-02   1.2814559e-01  -3.9978116e-01  -2.1867839e-03  -1.1075499e-05   9.1533855e-05
  -1.5910898e-02   5.9490753e-03  -2.3904355e-01  -3.0374374e-03  -2.8084306e-04   1.3245190e-04
  -7.5301024e-03   2.0995012e-02  -2.5128677e-01  -4.3243996e-03  -3.9119711e-04   6.5991357e-04
   2.2370096e-04   2.4832766e-01  -1.6270368e-01  -4.3047965e-03  -8.4443317e-04   3.3818508e-04
  -2.7554855e-02  -3.9928445e-02  -2.9003881e-01  -3.3581326e-03  -2.7047509e-04   3.8912704e-04
   9.0287165e-03   3.6470030e-01   4.2124359e-02  -4.1290698e-03  -1.1242281e-03   2.9070607e-04
   9.6171030e-03   5.4632244e-02  -1.2066151e-01  -4.4407835e-03  -9.5245496e-04   6.4544341e-04
  -1.7576408e-02   3.9343056e-01  -4.5305203e-01  -3.4299042e-03  -7.7787693e-04   7.7809298e-04
   7.6996280e-03   2.0106497e-01   7.9989901e-02  -4.6063619e-03  -1.0169518e-03   6.9979870e-04
  -2.6534677e-02   1.8800991e-01  -4.5597917e-01  -2.5520457e-03  -4.5853762e-04   9.8331842e-04
   4.7529955e-03   3.1468429e-01  -2.4885958e-01  -2.7867825e-03  -9.8109717e-04   1.0415258e-03
  -2.3572701e-02   2.9526145e-02  -6.3493266e-02  -4.7698846e-03  -2.0984210e-04   7.1696649e-04
  -1.9918631e-02   2.5106078e-01  -4.6667609e-01  -3.2251642e-03  -5.6877263e-04   1.0994818e-03
   2.6345821e-02   5.2778530e-02   1.7342634e-01  -6.8684158e-03  -1.3975478e-03   5.5300349e-04
  -4.7817242e-03   3.4033188e-02  -4.3836485e-01  -3.7082717e-03  -9.7297406e-04   9.5274005e-04
   1.7545870e-02   3.3366887e-01   8.8937722e-02  -5.7715071e-03  -1.3343485e-03   6.2617222e-04
  -3.6669444e-02   2.5723116e-02  -3.4203922e-01  -3.7777470e-03  -2.1061210e-04   8.1276758e-04
  -1.6375583e-03   4.1407627e-01  -1.4738337e-01  -3.9682501e-03  -1.0416598e-03   8.1073784e-04
  -5.9639132e-02   4.0415651e-02  -5.7263025e-02  -4.8926846e-03   2.3963990e-04   4.2599296e-04
  -3.1821384e-02   3.8345446e-01  -3.4881100e-01  -4.0718782e-03  -3.6384876e-04   9.0811935e-04
  -9.5391352e-03  -6.8614467e-04  -8.2355743e-02  -4.2361160e-03  -6.3854111e-04   5.7020834e-04
  -1.6565931e-02   1.5770545e-01  -4.1256338e-01  -2.9759661e-03  -6.9447443e-04   9.5879611e-04
   1.7490509e-02   1.1271741e-01   1.2674466e-01  -5.2528754e-03  -1.2287265e-03   3.0049720e-04
  -2.3768503e-02  -1.7913999e-02  -4.0784536e-01  -2.7600552e-03  -4.3638923e-04   5.1451174e-04
   3.9033247e-03   3.5305841e-01  -8.9889607e-02  -3.4630211e-03  -9.8196177e-04   4.2492551e-04
  -1.3389229e-02   5.6702128e-02  -6.5690388e-02  -4.4644742e-03  -4.3244751e-04   3.5718408e-04
  -2.2591827e-02   2.7573962e-01  -3.2860021e-01  -3.4656487e-03  -5.1078445e-04   6.1246359e-04
  -1.7246455e-03   1.3382223e-01   8.2465881e-02  -6.7671857e-03  -8.8236650e-04   6.4829558e-05
  -1.9228208e-02   1.8960970e-01  -4.8068689e-01  -3.5751018e-03  -6.9629655e-04   7.0433374e-04
  -1.1565978e-02   1.9367205e-01  -4.4335015e-03  -5.6791656e-03  -7.0479746e-04   3.2610565e-04
  -4.1467714e-02  -5.0928813e-02  -9.4892033e-02  -6.0986796e-03   1.5453051e-04   3.5658530e-04
  -7.3706196e-03   4.0640153e-01  -2.6662908e-01  -4.7372973e-03  -8.8631496e-04   6.6545035e-04
  -9.4014795e-03   2.9715191e-02   8.2107958e-02  -7.6965575e-03  -8.6100754e-04   1.1973438e-04
  -2.8939423e-02   3.4779062e-01  -4.9616213e-01  -4.8697571e-03  -6.7538506e-04   8.2957684e-04
  -6.4397551e-03   2.1618802e-01   8.5818735e-02  -7.4860323e-03  -9.0022080e-04   5.1666638e-04
  -3.0300257e-02   9.7821873e-02  -4.9233735e-01  -3.8320821e-03  -5.4097619e-04   1.0548906e-03
   7.4537377e-03   4.0660325e-01  -1.7050708e-01  -5.4937150e-03  -1.0888151e-03   1.0937872e-03
  -1.2749255e-02   7.8353679e-02  -1.9247821e-01  -6.5081621e-03  -5.2570488e-04   9.2039557e-04
  -6.6543372e-03   3.0208326e-01  -4.6457040e-01  -5.4940053e-03  -7.8141934e-04   1.2053325e-03
   2.3966739e-02   1.1610825e-01   1.3874042e-02  -7.5250541e-03  -1.4240148e-03   7.6204070e-04
   4.8394466e-03   4.4747985e-02  -3.9373074e-01  -5.3323344e-03  -9.1751761e-04   9.4059876e-04
   2.0092880e-02   3.6581600e-01  -1.4328257e-01  -6.5658802e-03  -1.3258049e-03   9.6941092e-04
  -1.1168982e-02  -2.8485602e-02  -1.5306709e-01  -7.0102041e-03  -4.9346558e-04   8.3264927e-04
  -9.3549061e-03   2.6128835e-01  -3.6097866e-01  -6.2568766e-03  -1.0693938e-03   8.2995916e-04
  -3.1391357e-03   5.3619840e-02   4.4163549e-02  -8.9055709e-03  -1.1172397e-03   4.1054644e-04
  -2.8763244e-02   3.0778244e-01  -4.8713315e-01  -6.2239927e-03  -6.1159652e-04   1.2943912e-03
   5.6055162e-03   1.8767220e-01   2.2194945e-01  -8.9319145e-03  -1.3567967e-03  -3.0267631e-04
  -5.8097649e-02   3.5804441e-02  -3.5527246e-01  -5.4791983e-03  -1.4674058e-04  -1.6653884e-04
  -1.7665874e-02   4.0998106e-01  -2.5874761e-01  -5.8299736e-03  -7.7445323e-04   3.6558547e-04
  -3.2889358e-02   4.2055850e-02   1.5769458e-01  -8.0847185e-03  -3.0135647e-04  -4.3210610e-04
  -3.1490512e-02   2.8734597e-01  -4.7007682e-01  -5.3494414e-03  -4.8678548e-04   6.3519083e-04
   5.3812575e-03   1.3178945e-01  -1.1309101e-01  -6.4879418e-03  -1.1156226e-03   4.6896985e-04
  -1.2308235e-02  -9.9355297e-02  -2.4587645e-01  -5.1260359e-03  -5.6407813e-04   7.1727551e-04
   1.5786097e-02   4.2797218e-01  -3.1939494e-01  -4.6416684e-03  -1.0517896e-03   1.2907304e-03
   3.2361085e-02   1.0308477e-01   4.7707927e-02  -7.9902542e-03  -1.4137835e-03   8.9537111e-04
   4.2551582e-03   1.9218972e-01  -4.8363090e-01  -4.9862590e-03  -1.0444528e-03   1.4147231e-03
   1.8010263e-02   1.6045343e-01  -2.3026747e-01  -6.0616438e-03  -1.3913349e-03   1.2228548e-03
   5.2957658e-03   5.5478863e-02  -3.4353088e-01  -6.3102954e-03  -8.9323038e-04   1.2430438e-03
   2.2141828e-04   3.1227930e-01  -4.4615391e-01  -4.8033702e-03  -9.1524280e-04   1.3224331e-03
  -1.7430537e-02   4.6936964e-02   4.2307136e-02  -7.4285628e-03  -6.5265624e-04   7.3665581e-04
  -2.2648263e-02   5.4232692e-02  -4.5781410e-01  -4.0273306e-03  -6.9437324e-04   1.0862177e-03
   9.8061379e-03   4.9954614e-01  -2.1889973e-01  -5.3085991e-03  -1.3914228e-03   1.1560321e-03
  -1.0735253e-02   5.2176556e-02  -5.3303781e-03  -6.9477226e-03  -8.3919117e-04   6.1606201e-04
  -1.4539549e-02   2.7905713e-01  -5.3349083e-01  -5.0403747e-03  -1.1835052e-03   1.2942964e-03
  -4.5798825e-03   2.1276330e-01   6.3587581e-02  -7.9747535e-03  -1.3002528e-03   7.0286847e-04
  -5.3267506e-02   1.5055346e-01  -5.2924276e-01  -4.3284236e-03  -3.3945241e-04   1.5285967e-03
  -2.9594275e-02   2.5527401e-01  -1.7726565e-01  -5.4275313e-03  -4.2536487e-04   1.3101258e-03
  -1.6256775e-02   2.8820485e-02  -3.5814916e-01  -4.1472511e-03  -5.9470726e-04   1.5373168e-03
  -1.6975654e-02   3.7557882e-01  -2.3833399e-01  -5.5286005e-03  -7.1575582e-04   1.3047173e-03
  -2.4261737e-02   1.8468541e-02  -2.1641042e-01  -5.0639075e-03  -2.8147533e-04   1.2519224e-03
  -4.1697070e-02   3.8379528e-01  -4.3284411e-01  -4.6977559e-03  -2.8146697e-05   1.3276158e-03
  -1.1871932e-02   1.3004994e-01  -2.0817240e-02  -6.0073100e-03  -4.3261028e-04   6.9488415e-04
  -3.7729163e-02   7.5825129e-02  -4.9293911e-01  -3.8812304e-03  -5.5252041e-05   8.5734183e-04
  -6.5156986e-03   1.6010408e-01  -1.6290998e-01  -5.0361649e-03  -5.8861186e-04   9.3374382e-04
  -2.5581644e-02   5.4157423e-02  -2.6576931e-01  -6.1122525e-03  -1.9194578e-04   1.4621176e-03
   1.0647789e-04   2.0029657e-01  -1.2438104e-01  -6.1516573e-03  -7.8326214e-04   1.2140623e-03
  -1.7793082e-02  -7.8311433e-03  -3.1298992e-01  -5.5331398e-03  -3.4438735e-04   1.3752606e-03
  -2.0838885e-02   3.7489835e-01  -3.1432259e-01  -4.5699287e-03  -3.7522814e-04   1.5302073e-03
  -4.1216743e-02  -1.6120421e-02   1.1329970e-01  -8.6595738e-03   1.2360964e-04   8.7137487e-04
  -3.8570218e-02   2.0387620e-01  -5.1890702e-01  -5.0699753e-03  -1.1996320e-04   1.4415595e-03
  -6.6921376e-03   2.0565500e-01  -9.6922424e-02  -6.7504728e-03  -8.4160509e-04   1.0553698e-03
  -3.5091442e-02   9.8291662e-02  -4.3383737e-01  -5.5863577e-03  -3.1810601e-04   1.4322221e-03
  -7.8488290e-03   4.0664973e-01  -2.7142662e-01  -5.1173042e-03  -8.7108118e-04   1.4583399e-03
  -1.2884266e-02   4.5470237e-02  -5.9502456e-02  -7.1520120e-03  -5.2749728e-04   1.0946875e-03
  -3.3381965e-02   2.3704336e-01  -5.2126593e-01  -5.0475212e-03  -3.5608022e-04   1.2770467e-03
  -3.0603575e-03   1.6785509e-01   1.0336609e-01  -8.0864021e-03  -7.9582892e-04   7.8025204e-04
  -2.8851846e-02   7.4554338e-02  -4.4015268e-01  -4.9494661e-03  -4.8629697e-04   1.2608064e-03
  -9.9182814e-03   4.4610566e-01  -2.0540343e-01  -6.0341181e-03  -8.8372108e-04   1.3672768e-03
  -3.4652438e-02   4.2664308e-02  -7.0048291e-02  -6.2358688e-03  -1.9422554e-04   9.4016399e-04
  -4.2286433e-02   3.1119365e-01  -4.9529024e-01  -4.4032442e-03  -2.5774466e-04   1.1042940e-03
  -1.5117328e-02   1.6584066e-01  -1.0519853e-02  -6.4020361e-03  -8.0449066e-04   6.7139282e-04
  -4.1535876e-02   1.0734092e-01  -3.2811361e-01  -5.7717065e-03  -1.7135819e-04   9.9405464e-04
  -3.3188022e-02   3.3786803e-01  -3.6632846e-01  -4.7493130e-03  -3.0535897e-04   1.1663003e-03
  -5.2502749e-03   2.7588475e-02   1.8420765e-01  -9.3884001e-03  -1.0268950e-03   4.9430904e-04
  -3.1741534e-02   1.3759664e-01  -4.7838120e-01  -5.5024936e-03  -5.8147305e-04   1.4227153e-03
   2.2561255e-03   2.7550288e-01  -5.5060758e-02  -7.3160758e-03  -1.1884213e-03   1.2245820e-03
   3.2472020e-04  -2.0062266e-01   1.0604286e-01  -5.6044297e-03  -7.4414377e-04   3.3085802e-04
  -3.4946196e-02   3.8486475e-01  -3.5081228e-01  -4.9476671e-03  -3.8203520e-04   1.2205929e-03
  -3.6406623e-02   4.0257699e-01  -4.8748414e-01  -5.0719409e-03  -2.7117761e-04   1.3338794e-03
  -3.2016488e-02   2.0480725e-01  -5.1266736e-01  -4.7024617e-03  -1.2273099e-04   1.3290271e-03
  -2.5284797e-02   9.6527690e-02  -2.0737260e-01  -6.5247113e-03  -1.3039403e-04   1.1015204e-03
  -3.1842245e-02   1.3852089e-01  -5.1812138e-01  -5.2481184e-03  -2.6197955e-04   1.2097125e-03
  -2.9142730e-02   1.5804295e-01  -4.4788342e-01  -4.2863881e-03  -3.1624486e-04   1.1281937e-03
  -1.3102279e-02   3.8501538e-03   1.8747774e-02  -8.0982791e-03  -6.6688127e-04   6.0038473e-04
  -2.7674191e-02   1.6498959e-01  -4.8647545e-01  -5.6442004e-03  -6.0710099e-04   1.1066298e-03
   1.8906149e-02   1.4924538e-01  -1.2943595e-01  -7.1935408e-03  -1.3296518e-03   8.0304505e-04
  -3.3229179e-02   7.5273986e-02  -5.4752757e-01  -5.5523981e-03  -4.9607787e-04   1.0094653e-03
  -2.2577591e-03   2.3992906e-01  -3.1363549e-01  -4.7003652e-03  -5.8087783e-04   1.0105436e-03
  -1.5295172e-02   8.9248104e-02  -5.8341844e-01  -3.5708726e-03  -6.1941410e-04   1.1862520e-03
   1.2527978e-02   2.7076228e-01  -2.9087626e-01  -4.8918956e-03  -1.0331082e-03   9.5235825e-04
  -8.8922014e-03   8.3172926e-02  -5.2295791e-01  -3.9274780e-03  -6.5008985e-04   1.0344186e-03
  -8.8118387e-03   3.3511695e-01  -4.8501131e-01  -4.4319973e-03  -5.2346131e-04   1.2266954e-03
   2.0447278e-02   1.1051123e-01  -1.9051379e-01  -6.4317164e-03  -1.1186685e-03   1.0923439e-03
  -1.5950946e-02   1.3434001e-01  -5.5087039e-01  -4.7433730e-03  -7.7668696e-04   1.3321598e-03
  -1.3512261e-02   1.5574211e-01  -2.6502722e-01  -5.2877586e-03  -6.7536057e-04   1.0985728e-03
