   0.0000000e+00   0.0000000e+00   0.0000000e+00   0.0000000e+00   0.0000000e+00   0.0000000e+00
  -2.7646795e-02   3.4732177e-01  -2.3452981e-01  -1.9426212e-03   5.1000613e-04  -2.4617841e-04
  -2.1722230e-02   3.2747199e-01  -1.7302795e-01  -2.3213809e-03   8.2650866e-04  -8.3136309e-05
  -3.6514472e-03   4.1693555e-01  -2.8567641e-01  -2.3871273e-03   7.2814739e-04  -2.8212393e-04
  -1.9586853e-04   2.4896094e-01  -2.3870044e-02  -3.1330859e-03   7.1351978e-04  -1.8368967e-04
  -2.4690746e-02   2.6959406e-01  -2.1221862e-01  -2.4105339e-03   9.7549818e-04  -7.8453757e-04
  -1.4938267e-02   3.5657406e-01  -2.0305988e-02  -3.6989636e-03   1.1867359e-03  -7.0857077e-04
  -4.6604906e-02   3.2229303e-01  -2.4364913e-01  -2.5822266e-03   1.4198974e-03  -9.2899779e-04
  -2.5706643e-02   2.9528839e-01  -6.5478918e-02  -2.5528981e-03   9.4803088e-04  -8.1908030e-04
  -4.0135489e-02   3.6756020e-01  -3.2825186e-01  -2.8611193e-03   1.0675495e-03  -6.7658965e-04
  -3.3203346e-02   2.2816030e-01  -1.2524708e-01  -1.9533167e-03   1.1616178e-03  -5.3086775e-04
  -1.7351058e-02   3.8779852e-01  -2.8142656e-01  -3.0150995e-03   9.6539688e-04  -4.6256119e-04
  -2.6637060e-02   2.5493190e-01  -2.0572070e-01  -8.2119577e-04   1.1378632e-03  -4.8628524e-04
  -1.1213381e-02   4.9744174e-01  -1.7998501e-01  -3.1612711e-03   1.1535717e-03  -7.4306783e-04
  -2.6645652e-02   3.7688036e-01  -3.9088076e-01  -1.8634501e-03   1.1780056e-03  -6.1131227e-04
   1.0351207e-02   2.7278385e-01  -1.6212603e-02  -2.9135978e-03   8.1926009e-04  -3.4304480e-04
  -2.4880047e-02   2.2009696e-01  -3.3279711e-01  -1.5193559e-04   1.0933498e-03  -6.5556088e-04
   7.6270500e-04   5.4804355e-01  -1.8257388e-01  -2.9893555e-03   6.9784794e-04  -1.9179738e-04
  -1.2388758e-02   3.5750609e-01  -3.7738731e-01  -1.9724893e-03   7.3621405e-04  -4.9448314e-04
   5.5133987e-03   4.3434702e-01  -1.1308611e-01  -4.4307159e-03   6.6576381e-04  -7.4218874e-05
  -2.8196156e-02   3.1647661e-01  -3.8083178e-01  -1.6614276e-03   7.8833447e-04  -6.6900809e-04
  -2.2503888e-02   4.8130124e-01  -2.1834022e-01  -3.9570798e-03   7.4083442e-04  -6.2872725e-04
  -1.8036310e-02   3.5769371e-01  -3.5066001e-01  -3.1624713e-03   8.8293474e-04  -4.5232585e-04
  -2.4805566e-02   3.1298626e-01  -2.3337271e-01  -1.7466337e-03   1.1687429e-03  -6.3153725e-04
  -2.4597492e-02   3.8728275e-01  -2.2720465e-01  -3.6203620e-03   1.3656909e-03  -5.2719753e-04
  -3.3916953e-02   3.8890891e-01  -4.1803401e-01  -2.9119107e-03   1.1190642e-03  -8.6668825e-04
  -4.9773499e-02   3.8749000e-01  -4.2372906e-01  -9.3836281e-04   1.2731182e-03  -4.3679617e-04
  -8.5190280e-03   3.7142833e-01  -2.3689718e-01  -2.8028171e-03   9.9109094e-04  -4.3143335e-04
  -2.2421060e-02   3.2721153e-01  -4.7355887e-01  -2.2218452e-03   8.5153678e-04  -6.0999161e-04
  -4.5868719e-02   4.4221763e-01  -4.6471298e-01  -8.4377572e-04   7.9158134e-04  -5.9655164e-04
  -3.5649490e-02   4.8736945e-01  -3.2160526e-01  -1.6126994e-03   1.1540018e-03  -5.3463971e-04
  -3.3024785e-02   3.6368523e-01  -3.5778117e-01  -2.8280725e-03   7.7761169e-04  -1.0247576e-03
  -4.1402899e-02   3.9745921e-01  -4.5349487e-01  -1.2286226e-03   9.1334205e-04  -9.8233883e-04
  -2.1925135e-02   4.0061729e-01  -2.8371577e-01  -1.0305605e-03   8.7733865e-04  -8.2374411e-04
  -2.5337020e-02   2.9727683e-01  -3.1283214e-01  -2.4541066e-03   1.3168731e-03  -1.1172389e-03
  -2.6837205e-02   3.5043965e-01  -4.6539341e-01  -1.4007017e-03   1.1906800e-03  -1.0827501e-03
  -2.1494442e-02   2.8144452e-01  -3.5891396e-01  -3.0774179e-04   1.0616065e-03  -7.9938910e-04
  -1.1726515e-02   3.8959112e-01  -2.7586982e-01  -1.7192426e-03   1.3552427e-03  -1.1327996e-03
  -2.3739852e-02   3.4331311e-01  -5.3711649e-01  -1.3866055e-03   1.1476049e-03  -1.1283667e-03
  -1.4357834e-02   3.1062519e-01  -3.9603470e-01  -3.9509950e-04   1.1209707e-03  -7.8123304e-04
  -8.8575148e-03   4.6581074e-01  -3.4489408e-01  -2.5388393e-03   1.2995105e-03  -7.0647080e-04
   8.5336629e-03   3.9607261e-01  -4.8433125e-01  -2.1782457e-03   7.6025186e-04  -5.1894496e-04
  -5.5156425e-03   3.3971877e-01  -4.6128396e-01  -2.9331633e-04   9.1050627e-04  -6.8755938e-04
   5.4729526e-03   3.8388493e-01  -2.6099904e-01  -3.1162043e-03   6.9542263e-04  -4.3830977e-04
  -2.5913629e-02   3.7142724e-01  -5.2489701e-01  -2.0793827e-03   2.6176720e-04  -7.7161592e-04
  -4.4305088e-03   2.3739094e-01  -2.3118860e-01  -1.2757623e-03   1.6509306e-04  -3.3217199e-04
   5.4060500e-03   4.0665441e-01  -4.1868825e-01  -2.6692406e-03  -1.0962549e-04  -5.9658278e-04
  -1.3561564e-02   3.7036287e-01  -4.9603827e-01  -4.5554477e-04  -1.4503124e-04  -6.2701905e-04
   1.9268946e-04   4.5085874e-01  -3.4219285e-01  -8.3268353e-04   1.8720360e-04  -5.6787346e-04
  -1.4305913e-02   4.2274015e-01  -4.6893709e-01  -1.5664569e-03   2.6766261e-04  -1.0488895e-03
  -2.9583743e-02   3.9044289e-01  -4.9509112e-01   3.1673843e-04   1.7191578e-04  -9.0178590e-04
  -2.2104641e-02   3.5722142e-01  -2.9214053e-01  -4.2591849e-04   5.0094604e-04  -1.0775649e-03
  -3.3005095e-02   3.6754023e-01  -3.7966660e-01  -2.2010680e-03   5.2427283e-04  -9.4420764e-04
  -2.4985823e-02   3.0788071e-01  -4.5409346e-01   6.0984952e-04   7.2745664e-05  -9.8684343e-04
  -2.3570140e-02   4.4329515e-01  -3.1384409e-01  -6.8244311e-04   4.2748069e-04  -8.8804888e-04
  -1.5657365e-02   3.4601843e-01  -3.3955010e-01  -1.3871606e-03   5.0087652e-04  -9.9430419e-04
  -2.5828121e-02   3.6970485e-01  -4.8485863e-01  -4.1604294e-04   5.9901575e-04  -1.1560968e-03
  -1.0211752e-02   3.3278922e-01  -3.0753345e-01   3.1746466e-04   5.5483311e-04  -8.6402446e-04
   2.7581533e-03   3.2677765e-01  -3.7604650e-01  -1.3004183e-03   3.8911202e-04  -9.7708753e-04
  -8.3925264e-03   3.0771085e-01  -5.4046317e-01   6.1437295e-04   2.4597472e-04  -9.5929378e-04
   1.6749177e-02   3.6242930e-01  -3.1084780e-01   4.7322616e-04   9.6002298e-04   4.4402344e-05
  -7.0422797e-03   4.5410050e-01  -5.2901930e-01  -1.0392291e-03   5.0939758e-04  -5.1157926e-04
   1.3522622e-02   3.1592509e-01  -4.3788975e-01   4.8385414e-04   3.3076431e-04  -4.2834375e-04
   1.2108059e-02   4.0165827e-01  -4.0364842e-01  -1.4296539e-03   8.4381574e-04  -6.9796915e-04
  -2.0491538e-03   3.5083275e-01  -6.0722518e-01   7.9356469e-04   3.7450536e-04  -6.4521601e-04
   1.5680975e-02   3.9831427e-01  -4.0723738e-01   7.4413580e-04   6.4108485e-04  -3.6385525e-04
   1.4154466e-02   3.7071510e-01  -4.4065355e-01  -6.7114221e-04   3.7770793e-04  -9.2420942e-04
   1.8016867e-02   3.5671888e-01  -5.4489539e-01   1.1947350e-03   1.0329946e-05  -9.5640164e-04
   3.4480045e-02   3.5507863e-01  -3.3905666e-01   8.7866774e-04   2.0215474e-04  -9.0088847e-04
   2.6834089e-02   3.1013894e-01  -4.7458831e-01  -8.4052412e-04   2.6112241e-04  -8.2995792e-04
   4.9900527e-02   2.5784421e-01  -5.1581260e-01   2.0500889e-03  -3.0514525e-04  -6.6198750e-04
   6.5949832e-02   3.9267931e-01  -3.3142596e-01   6.1889787e-04  -1.4110868e-04  -5.7187885e-04
   1.5597003e-02   3.3510615e-01  -5.3484759e-01   1.3844385e-04   4.0447539e-04  -8.0512204e-04
   4.4569176e-02   2.2834291e-01  -4.4093081e-01   1.4980626e-03  -1.5139460e-04  -4.4688274e-04
   5.0714198e-02   5.0823196e-01  -4.5071318e-01  -6.3531718e-04  -1.6245255e-04  -4.1039598e-04
   3.7961713e-02   1.2734598e-01  -4.7168828e-01   2.1596800e-03  -6.4089570e-05  -1.1753674e-04
   1.7527002e-02   5.5331260e-01  -4.5025216e-01  -3.1097884e-04   6.1791383e-04  -5.1659799e-04
   2.0950267e-02   3.9790082e-01  -5.6186007e-01  -3.0567728e-04   3.1657709e-04  -4.3986484e-04
   2.3797700e-02   3.2153918e-01  -5.1120497e-01   1.3645391e-03   3.1949737e-04  -6.5194998e-04
   2.8339071e-02   3.7514090e-01  -3.5531626e-01  -3.5752365e-04   6.9587530e-04  -2.8061733e-04
   2.6837868e-02   2.9683064e-01  -5.0929415e-01   4.4924412e-04   3.9671824e-04  -7.4397508e-04
   3.1025005e-02   2.5459288e-01  -4.0492247e-01   1.7746900e-03   4.5398919e-04  -5.3278165e-04
   4.3501327e-02   3.2377762e-01  -3.9607110e-01  -2.6010602e-04   5.5757776e-04  -5.6267492e-04
   3.8922106e-02   2.5771245e-01  -5.7054495e-01   1.1229214e-03  -2.0326648e-04  -1.2243633e-03
   3.8177626e-02   3.4100351e-01  -4.9629688e-01   2.2019699e-03  -5.2351509e-04  -6.8322865e-04
   6.4557659e-02   3.1752545e-01  -4.3763731e-01   1.0978756e-03  -5.6472576e-05  -4.2401069e-04
   5.7570148e-02   2.9062538e-01  -5.1805097e-01   1.3965959e-03  -3.8528774e-04  -6.5657937e-04
   5.2947098e-02   3.1701866e-01  -5.4294898e-01   3.2914089e-03  -6.5500981e-04  -5.7793542e-04
   7.4608942e-02   3.2092943e-01  -3.2740551e-01   1.3971909e-03  -4.5652775e-04  -5.0930330e-04
   6.5035271e-02   3.1120395e-01  -4.8163009e-01  -1.3741065e-04  -5.0637662e-04  -2.9212539e-04
   5.9885031e-02   2.5336875e-01  -4.8202593e-01   2.5701840e-03  -6.4521812e-04  -5.0390991e-04
   6.8210732e-02   4.0538953e-01  -3.6929168e-01   9.4367117e-04  -1.9816524e-04  -5.6189659e-04
   5.0694486e-02   2.9871300e-01  -4.6752035e-01   3.0285083e-04  -4.1990434e-04  -4.9343666e-04
   4.2265784e-02   2.1186437e-01  -5.2861624e-01   3.6103935e-03  -7.1996974e-04  -9.4002505e-04
   5.3296350e-02   3.5593825e-01  -3.3804757e-01   1.3074909e-03  -5.5892363e-04  -5.8540326e-04
   5.9068893e-02   2.5777502e-01  -4.6642702e-01   2.7828664e-04  -8.7663240e-04  -7.6117931e-04
   4.9305685e-02   2.4896493e-01  -4.7825874e-01   3.0330122e-03  -9.6677087e-04  -6.1200724e-04
   6.5330852e-02   3.9427377e-01  -3.4082866e-01   5.6449957e-04  -9.1089657e-04  -4.9477919e-04
   4.2203176e-02   3.6465711e-01  -5.2783011e-01   1.8099155e-03  -8.9446634e-04  -1.0181466e-03
   5.6450378e-02   2.2777696e-01  -3.8164252e-01   2.8189906e-03  -6.5382449e-04  -4.2324448e-04
   6.1963302e-02   3.0378164e-01  -3.7091046e-01   8.0902958e-04  -5.1173904e-04  -6.2519895e-04
   3.2329059e-02   3.5521122e-01  -5.7679642e-01   2.1566244e-03  -1.0036452e-03  -1.1184259e-03
   4.7393511e-02   3.7163070e-01  -3.8650011e-01   1.8845244e-03  -6.4094436e-04  -5.0742003e-04
   6.4745448e-02   2.5501476e-01  -4.0201414e-01   6.1741201e-04  -7.8952844e-04  -9.4499929e-04
   4.1960449e-02   2.9867708e-01  -5.3579729e-01   2.5936156e-03  -8.7966127e-04  -8.9977166e-04
   7.2608754e-02   3.5084111e-01  -3.0995407e-01   1.4470641e-03  -6.6556484e-04  -8.5780503e-04
   5.1294344e-02   2.6150169e-01  -4.3389449e-01   4.2554019e-04  -8.8353745e-04  -7.4054312e-04
   5.6372284e-02   1.8640797e-01  -4.8001282e-01   3.3086173e-03  -1.1980644e-03  -6.4478998e-04
   6.5111640e-02   3.6028771e-01  -2.8956427e-01   1.8535597e-03  -7.1924848e-04  -5.3141750e-04
   4.9767784e-02   2.6672903e-01  -4.7368099e-01   7.6036043e-04  -8.1658298e-04  -6.3736350e-04
   3.8251777e-02   3.3321801e-01  -5.0408471e-01   3.2938417e-03  -1.1293837e-03  -9.0029691e-04
   4.3151123e-02   3.5910477e-01  -3.5659663e-01   1.4443784e-03  -8.5845690e-04  -8.6648926e-04
   3.1884971e-02   2.5872585e-01  -4.6411446e-01   9.6357874e-04  -5.0630667e-04  -9.4342469e-04
   3.8409088e-02   2.9346565e-01  -5.5628167e-01   3.2667776e-03  -1.1058589e-03  -1.3045029e-03
   4.8815937e-02   3.4349368e-01  -3.5235263e-01   2.0379538e-03  -1.0135775e-03  -8.6336168e-04
   4.1419278e-02   3.0485861e-01  -4.8296797e-01   6.6392714e-04  -9.6942048e-04  -1.2268767e-03
   4.7107348e-02   1.8849763e-01  -4.8386454e-01   2.8601543e-03  -1.2740080e-03  -1.1100027e-03
   5.0660066e-02   3.3378060e-01  -3.4965813e-01   8.4166701e-04  -9.0336609e-04  -9.1001227e-04
   5.9742304e-02   2.8719175e-01  -5.0405771e-01   8.1875166e-04  -1.3362035e-03  -9.1442965e-04
   6.8035776e-02   2.7351712e-01  -5.1452097e-01   2.9795750e-03  -1.6578868e-03  -7.0172498e-04
   7.0750166e-02   3.3343768e-01  -3.1172573e-01   8.8546972e-04  -9.5147859e-04  -7.6743212e-04
   6.0674630e-02   2.8158599e-01  -5.1432245e-01   6.9413522e-04  -1.0007432e-03  -8.1539753e-04
   5.3173604e-02   2.8012082e-01  -5.1517609e-01   2.9158879e-03  -1.3685139e-03  -9.8347535e-04
   7.2340642e-02   3.6831078e-01  -3.5650161e-01   6.1061890e-04  -9.0335547e-04  -8.0017690e-04
   6.4616217e-02   3.4828724e-01  -5.7842274e-01   9.0348647e-04  -1.2996620e-03  -8.4294931e-04
   9.9051338e-02   1.2249638e-01  -2.7488842e-01   1.9392546e-03  -1.0433105e-03  -2.6556116e-04
   7.3433408e-02   4.0698637e-01  -6.3724743e-01   1.9247553e-03  -1.7607345e-03  -1.0695800e-03
   7.7436364e-02   1.0655507e-01  -1.8812216e-01   8.1996607e-04  -1.0559791e-03  -7.2329428e-06
   6.9763550e-02   3.3102234e-01  -6.0444906e-01   2.4276170e-03  -1.8352733e-03  -5.8331920e-04
   4.4495841e-02   4.8437978e-01  -4.4672671e-01   7.1743617e-04  -1.5289606e-03  -5.8722708e-04
   2.6270012e-02   2.8180447e-01  -7.1017350e-01   3.7196302e-03  -2.2432880e-03  -1.4542492e-03
   3.5189130e-02   3.9356191e-01  -5.3016520e-01   2.9140937e-03  -2.3048190e-03  -1.5831270e-03
   1.3093011e-02   3.4103442e-01  -6.7994189e-01   3.5442960e-03  -2.1715347e-03  -1.6648380e-03
   2.6195121e-02   2.9309891e-01  -4.7411814e-01   3.5654427e-03  -2.0119271e-03  -1.5308850e-03
   1.4979119e-02   3.3102907e-01  -5.5063959e-01   1.5962285e-03  -2.3187189e-03  -1.8235249e-03
   3.4050335e-02   2.4571146e-01  -5.3593017e-01   4.5280569e-03  -2.4568272e-03  -1.8340702e-03
   2.1161469e-02   3.6416939e-01  -3.7518730e-01   2.2175614e-03  -1.8508077e-03  -1.8557913e-03
   3.2049445e-02   2.4478018e-01  -5.9319186e-01   3.2640108e-03  -2.2719452e-03  -1.8084858e-03
   4.6399973e-02   2.4366799e-01  -5.1375991e-01   4.9400532e-03  -2.4665865e-03  -1.6819504e-03
   5.3070341e-02   3.2882113e-01  -4.1443592e-01   2.6830706e-03  -2.2073612e-03  -1.5402591e-03
   4.1829228e-02   3.3658149e-01  -5.6661431e-01   3.2037787e-03  -2.2712276e-03  -2.0356854e-03
   4.3767626e-02   2.7300592e-01  -5.4905475e-01   5.1888870e-03  -2.4929279e-03  -1.7427514e-03
   6.1721835e-02   2.5046965e-01  -4.2499531e-01   3.7440385e-03  -2.3901169e-03  -1.6171481e-03
   3.2606872e-02   2.2733921e-01  -5.2134010e-01   2.7232257e-03  -2.4488539e-03  -2.2808951e-03
   2.2485126e-02   2.5168128e-01  -6.1280819e-01   4.9222138e-03  -2.3388496e-03  -2.1552078e-03
   4.5172244e-02   2.8800404e-01  -4.0998595e-01   3.9064450e-03  -2.2668094e-03  -1.8605651e-03
   3.4781963e-02   2.8047131e-01  -5.3806167e-01   2.4629720e-03  -2.4308098e-03  -2.3252261e-03
   2.8027308e-04   2.3582724e-01  -6.1706099e-01   5.0447917e-03  -2.2591619e-03  -2.3734442e-03
   9.2432498e-03   2.9376045e-01  -4.2695524e-01   4.0377928e-03  -1.8251237e-03  -2.2341445e-03
   7.5950382e-03   2.3122730e-01  -4.2606358e-01   2.1580633e-03  -1.7762082e-03  -2.2714417e-03
  -1.0401277e-02   2.8346036e-01  -6.3843742e-01   4.3369827e-03  -2.0480085e-03  -2.4404266e-03
   1.8624743e-02   3.6095436e-01  -4.0168628e-01   3.5050742e-03  -1.9558190e-03  -2.3240110e-03
  -2.3269962e-02   3.0975361e-01  -5.3080564e-01   1.9502009e-03  -1.4561655e-03  -2.5293268e-03
   1.1773672e-02   2.1981157e-01  -5.4910091e-01   5.0101507e-03  -1.8515647e-03  -2.4142359e-03
   6.3970335e-03   3.5047692e-01  -3.5388977e-01   2.6872787e-03  -1.4758010e-03  -2.1791758e-03
  -1.0119479e-02   2.6886642e-01  -5.2111792e-01   1.7109306e-03  -1.4206814e-03  -2.1390036e-03
  -6.5313847e-03   2.8289399e-01  -5.4173412e-01   4.0949916e-03  -1.8869581e-03  -2.1091283e-03
   2.1750265e-02   3.5012919e-01  -3.1009633e-01   1.0290818e-03  -1.1808272e-03  -1.8354091e-03
  -3.5620437e-02   2.7194953e-01  -6.0434485e-01   3.2884573e-03  -1.2706695e-03  -2.5756837e-03
  -5.9492198e-03   2.1366615e-01  -3.5418095e-01   3.1349980e-03  -1.3124892e-03  -1.8472773e-03
  -2.2693152e-02   2.1031937e-01  -5.1790112e-01   2.4226371e-03  -2.0395217e-03  -2.1794892e-03
  -2.8061715e-02   2.1860604e-01  -6.6529598e-01   5.5750361e-03  -2.1505246e-03  -2.4473964e-03
  -1.3577442e-02   4.6321724e-01  -4.1314972e-01   3.5707113e-03  -1.6049351e-03  -1.6214331e-03
  -4.6068669e-02   3.1389472e-01  -5.3444071e-01   2.3714172e-03  -1.2380941e-03  -2.1449820e-03
  -4.4322959e-02   2.5809775e-01  -6.0822134e-01   5.8685956e-03  -1.8351426e-03  -2.4970877e-03
  -4.0851806e-02   4.3379912e-01  -3.9985860e-01   3.0916191e-03  -8.9940708e-04  -2.1557211e-03
  -4.1618899e-02   3.1956791e-01  -5.7520280e-01   2.3750024e-03  -1.1406024e-03  -2.5074153e-03
  -2.5671223e-02   2.7545738e-01  -5.8800087e-01   5.2363438e-03  -1.8304011e-03  -2.5962727e-03
  -1.5327657e-02   3.5195333e-01  -4.3156911e-01   3.3655283e-03  -1.4897123e-03  -2.3695767e-03
  -3.0741910e-02   2.4075943e-01  -5.7745829e-01   2.9833543e-03  -1.6350027e-03  -2.9100298e-03
  -5.0493386e-02   2.2713047e-01  -5.3201962e-01   5.3249495e-03  -1.6585278e-03  -2.8735075e-03
  -2.6126801e-02   3.4355089e-01  -3.7261905e-01   2.2753114e-03  -1.2679092e-03  -2.7202512e-03
  -5.7604097e-02   2.7048090e-01  -5.8901736e-01   3.6381579e-03  -1.5876005e-03  -3.2689908e-03
  -1.8282141e-02   1.7122657e-01  -3.7852699e-01   3.5923168e-03  -1.5553601e-03  -2.4950080e-03
  -5.0169270e-02   2.8640115e-01  -5.6864375e-01   2.7623786e-03  -1.2611999e-03  -3.3111572e-03
  -5.4234097e-02   2.1987061e-01  -5.9892298e-01   5.3666438e-03  -1.4631334e-03  -2.9869501e-03
  -3.2028683e-02   3.4907992e-01  -3.8700440e-01   3.4641542e-03  -1.0438376e-03  -2.7101673e-03
  -1.8761296e-02   2.5885213e-01  -6.2253484e-01   3.2758783e-03  -1.9378876e-03  -2.6815305e-03
  -3.9297239e-02   1.3155253e-01  -4.7449687e-01   5.8662991e-03  -1.4588037e-03  -2.8183934e-03
  -4.5400875e-02   3.7525273e-01  -6.0901121e-01   3.6681713e-03  -1.2819803e-03  -3.4029514e-03
  -6.4577902e-02   1.8901128e-01  -5.5855501e-01   7.2809071e-03  -1.2808246e-03  -3.5195312e-03
  -5.1963175e-02   4.1218675e-01  -5.0762864e-01   4.9041187e-03  -1.3621895e-03  -3.5475846e-03
  -6.5610561e-02   2.0397331e-01  -6.3078970e-01   7.0794347e-03  -1.0388840e-03  -3.8622367e-03
  -5.4392994e-02   4.1607331e-01  -4.3496915e-01   3.4457742e-03  -2.3055799e-04  -3.3291147e-03
  -5.3383550e-02   1.7850209e-01  -6.4380675e-01   6.3016277e-03  -1.0484355e-03  -3.9440407e-03
  -2.8570997e-02   3.2750601e-01  -3.9793339e-01   4.3261342e-03  -5.3796925e-04  -3.4344162e-03
  -6.1027824e-02   2.8250660e-01  -6.2137972e-01   5.2912194e-03  -6.6215543e-04  -3.7524099e-03
  -4.5069674e-02   1.6210407e-01  -4.9341267e-01   6.1858210e-03  -9.8675222e-04  -3.5247240e-03
  -4.8327282e-02   2.2176631e-01  -4.6747207e-01   4.1414305e-03  -7.6590368e-04  -3.5793602e-03
  -6.5060260e-02   2.5060078e-01  -6.1870287e-01   6.0343407e-03  -1.0301078e-03  -4.0222384e-03
  -4.3484132e-02   2.1980768e-01  -4.1667502e-01   5.5324249e-03  -8.9687255e-04  -3.3184909e-03
  -2.4399028e-02   1.6719514e-01  -5.4179637e-01   4.5253683e-03  -1.0639076e-03  -3.8466594e-03
  -4.6125737e-02   1.8002183e-01  -6.2235901e-01   7.1949962e-03  -1.4391154e-03  -3.6375286e-03
  -2.2514026e-02   2.6995313e-01  -3.9256785e-01   5.8303927e-03  -1.1243860e-03  -3.4267091e-03
  -2.2800237e-02   2.6054083e-01  -5.3188621e-01   4.5623332e-03  -1.3929675e-03  -3.4953282e-03
  -3.0303634e-02   1.4219246e-01  -5.3540283e-01   7.4488699e-03  -1.5516118e-03  -3.5232677e-03
  -2.1695851e-02   3.5113847e-01  -4.1625036e-01   4.9304909e-03  -9.8654875e-04  -3.6308414e-03
  -4.6652327e-02   2.1160443e-01  -5.4544605e-01   4.4134306e-03  -9.5001133e-04  -3.7371420e-03
  -4.7166844e-02   1.5124902e-01  -5.1908906e-01   6.6798913e-03  -1.2441627e-03  -3.5817277e-03
  -4.8465511e-02   2.5140289e-01  -3.6433980e-01   4.3409519e-03  -6.6412160e-04  -3.5303057e-03
  -8.6689733e-02   2.1774087e-01  -5.6789574e-01   4.9079311e-03  -6.2205314e-04  -4.0994761e-03
  -7.5459801e-02   1.8182864e-01  -5.2426563e-01   6.9136167e-03  -8.5985412e-04  -4.0368913e-03
  -6.4645731e-02   2.4235683e-01  -4.1330600e-01   4.5457497e-03  -2.9405416e-04  -3.5956070e-03
  -5.9409001e-02   1.8051054e-01  -5.9814546e-01   5.5695963e-03  -7.6322370e-04  -3.9938514e-03
  -5.7082655e-02   2.1713366e-01  -5.3871090e-01   7.4664476e-03  -8.6447073e-04  -3.7869812e-03
  -4.7721810e-02   2.1895828e-01  -3.9540140e-01   4.9955299e-03  -3.7219173e-04  -3.8603161e-03
  -6.6193421e-02   1.8567463e-01  -5.7778526e-01   6.2145801e-03  -6.8491190e-04  -4.4147150e-03
  -4.5107612e-02   2.0391963e-01  -4.6664702e-01   6.4736690e-03  -1.0214536e-03  -3.7257666e-03
  -3.5112427e-02   1.8094054e-01  -3.7138891e-01   4.4745986e-03  -8.8179359e-04  -3.7320563e-03
  -3.7453078e-02   2.3061120e-01  -6.4625958e-01   7.0238999e-03  -1.7354413e-03  -3.6535714e-03
  -1.7263749e-02   3.1809432e-01  -3.6851153e-01   6.1193415e-03  -1.5849249e-03  -3.3193030e-03
  -4.6359966e-02   2.1754792e-01  -5.6225974e-01   4.7988017e-03  -1.1766116e-03  -3.5914164e-03
  -2.7367395e-02   1.0901716e-01  -5.4340833e-01   6.9230061e-03  -1.6395020e-03  -3.5076709e-03
  -3.0302500e-02   2.2476191e-01  -3.3435032e-01   3.9851218e-03  -9.6169071e-04  -3.4140769e-03
  -4.6890386e-02   8.2988610e-02  -6.6879715e-01   7.2953809e-03  -1.4509079e-03  -3.6493510e-03
  -2.1228407e-02   3.7607355e-01  -4.0888931e-01   5.2789221e-03  -1.2307781e-03  -3.2978848e-03
  -3.1054912e-02   2.3251835e-01  -7.0685610e-01   6.8375744e-03  -1.5832394e-03  -3.7030427e-03
  -1.6379956e-02   2.4453925e-01  -4.3808038e-01   6.6451637e-03  -1.5541237e-03  -3.4522170e-03
  -2.4192424e-02   2.2479015e-01  -5.6639655e-01   5.2827924e-03  -1.2811671e-03  -3.8268208e-03
  -3.0345036e-02   1.3817561e-01  -5.7029450e-01   7.9439114e-03  -1.3905103e-03  -3.7989727e-03
  -4.0534055e-02   1.6086383e-01  -3.8350394e-01   5.7115885e-03  -8.2284723e-04  -4.0551751e-03
  -2.3721779e-02   1.4892408e-01  -6.4513104e-01   7.1678401e-03  -1.5484024e-03  -3.9835321e-03
  -1.2379125e-02   2.1923695e-01  -4.4763135e-01   6.8851154e-03  -1.6069066e-03  -2.9475965e-03
  -3.8685673e-02   2.5543639e-01  -7.7512355e-01   7.2836638e-03  -1.7630512e-03  -3.3027584e-03
  -9.4460557e-02   2.3778325e-01  -8.5906232e-01   8.0237933e-03  -2.6819626e-03  -4.1682477e-03
  -1.0285973e-01   1.4343720e-01  -4.1173613e-01   8.2285925e-03  -2.3193371e-03  -3.6733140e-03
  -1.3714608e-01   1.7939486e-01  -7.9698072e-01   1.3825017e-02  -3.5493608e-03  -4.3434483e-03
  -7.8411709e-02   1.5928102e-01  -5.8789875e-01   1.0863894e-02  -3.8773285e-03  -2.7227347e-03
  -6.2696586e-02   7.2489791e-02  -5.4578761e-01   1.0979428e-02  -3.9069182e-03  -2.8234045e-03
  -3.7146082e-02   3.4784020e-01  -5.1347640e-01   8.7939246e-03  -3.0409094e-03  -3.3862526e-03
  -3.5153568e-02  -1.0945346e-02  -6.2227026e-01   1.0470596e-02  -2.8134968e-03  -3.0482927e-03
  -1.9362744e-02   3.9106065e-01  -6.0573689e-01   7.1973691e-03  -2.3644845e-03  -3.5208528e-03
  -1.8350291e-02  -4.5511483e-01  -3.1524318e-01   1.0799589e-02  -1.7642568e-03  -2.4019030e-03
  -1.0738524e-01   5.7423027e-01  -8.9468412e-01   7.5039793e-03  -2.3992904e-03  -3.6477626e-03
  -6.6715750e-02   3.3913219e-01  -6.7859349e-01   7.2487110e-03  -1.8826076e-03  -3.1911233e-03
  -2.3122920e-02   1.9398229e-01  -7.1527113e-01   9.1514034e-03  -2.5362444e-03  -2.9036896e-03
   6.0326142e-03   4.3878376e-01  -7.2780378e-01   8.3342229e-03  -2.2350238e-03  -2.7565402e-03
   5.6304839e-02   1.1905851e-01  -4.5498542e-01   7.2129409e-03  -2.5291362e-03  -2.4549507e-03
   6.1773060e-02   1.2833657e-01  -6.3895003e-01   8.4291911e-03  -2.8705124e-03  -3.1265547e-03
   6.0745838e-02   3.5910092e-01  -5.7171054e-01   7.5009523e-03  -2.9195895e-03  -3.0502552e-03
   6.0719989e-02   1.1196324e-01  -5.8020587e-01   8.5675227e-03  -2.5780738e-03  -2.7129517e-03
   6.1065508e-02   3.0640656e-01  -6.1932636e-01   7.5385999e-03  -2.4956358e-03  -3.0427626e-03
   6.7320615e-02   6.5794856e-02  -5.7642092e-01   8.4281578e-03  -2.4293130e-03  -2.6666463e-03
   5.6541781e-02   2.8731414e-01  -6.2563158e-01   7.4451719e-03  -2.1929991e-03  -3.0075365e-03
   4.4169889e-02   1.3383621e-01  -6.3876582e-01   8.5880142e-03  -2.0151214e-03  -2.7570771e-03
   5.4817201e-02   2.8515533e-01  -4.9303068e-01   6.2056774e-03  -1.5268594e-03  -2.5284542e-03
   3.0248070e-02   1.9665703e-01  -7.2234526e-01   8.0777101e-03  -1.3548401e-03  -2.5135741e-03
   6.3461505e-02   3.3134559e-01  -5.0580214e-01   6.4137131e-03  -1.2870641e-03  -2.2990994e-03
   3.2049937e-02   2.9082912e-01  -7.3121060e-01   6.9056992e-03  -1.1024803e-03  -2.4279240e-03
   3.9476429e-02   2.1890130e-01  -5.6672408e-01   7.4877353e-03  -9.7074011e-04  -2.1540557e-03
   3.0806858e-02   2.7806513e-01  -5.6999460e-01   6.1234984e-03  -6.5843543e-04  -2.3600168e-03
   3.2939449e-02   2.4534412e-01  -7.0246236e-01   7.4311318e-03  -1.0005272e-03  -2.7130035e-03
   6.0449043e-02   2.3709368e-01  -4.9747011e-01   7.3138326e-03  -1.3851549e-03  -2.2796021e-03
   3.4820650e-02   2.8236085e-01  -5.8874060e-01   5.2489836e-03  -1.4386373e-03  -2.6529606e-03
   3.4167979e-02   1.1946548e-01  -6.0059853e-01   7.7374313e-03  -1.5941115e-03  -2.6605725e-03
   4.7006720e-02   2.6978748e-01  -4.0920615e-01   4.7100173e-03  -9.7659694e-04  -2.2375975e-03
   5.2425097e-02   1.9278782e-01  -6.7570861e-01   7.1321861e-03  -1.6404653e-03  -2.4514354e-03
   7.9922328e-02   1.5239964e-01  -3.8933613e-01   6.6387499e-03  -1.6814631e-03  -1.8861123e-03
   5.0454505e-02   2.4542631e-01  -6.3784747e-01   5.7224633e-03  -1.5512035e-03  -1.9544789e-03
   4.0541301e-02   1.8210707e-01  -6.1771867e-01   8.3410379e-03  -1.6687424e-03  -2.2359540e-03
   5.0875329e-02   2.5538977e-01  -4.3188648e-01   6.3662956e-03  -1.7386323e-03  -1.9817815e-03
   3.4501076e-02   2.5535995e-01  -5.6860043e-01   5.9217922e-03  -1.4691852e-03  -2.3420661e-03
   2.9412440e-02   1.7852581e-01  -6.2885130e-01   8.6937317e-03  -2.0276227e-03  -2.6297073e-03
   3.9865684e-02   3.2065798e-01  -4.3553174e-01   6.8886643e-03  -1.6591461e-03  -2.2658422e-03
   4.0001093e-02   1.1472219e-01  -5.5218109e-01   5.9288814e-03  -1.5714920e-03  -2.6505642e-03
   3.2056042e-02   1.4817244e-01  -5.6776256e-01   8.8770530e-03  -1.9410582e-03  -2.7384421e-03
   3.8281207e-02   2.5799258e-01  -4.2004385e-01   6.0543417e-03  -1.5057231e-03  -2.2874453e-03
   1.4111621e-03   1.2309963e-01  -5.9766026e-01   6.1201037e-03  -1.6218727e-03  -3.1379299e-03
   1.4148552e-03   1.2583401e-01  -6.1442084e-01   8.2850268e-03  -1.7218873e-03  -2.8811469e-03
   1.1435185e-02   2.6376743e-01  -4.3093399e-01   6.4188716e-03  -1.5456978e-03  -2.5946915e-03
  -3.7479235e-02   1.4689905e-01  -5.2655803e-01   6.4257878e-03  -1.5170114e-03  -3.3853456e-03
  -8.4290904e-02   1.6181009e-01  -6.8770550e-01   8.6701388e-03  -2.5373454e-03  -3.9502120e-03
  -6.0450221e-02   2.4602592e-01  -4.3758545e-01   6.8896194e-03  -2.1725120e-03  -2.9302770e-03
  -6.0423951e-02   1.4119066e-01  -5.4440426e-01   6.2190883e-03  -1.9919782e-03  -3.1919307e-03
  -7.6016191e-02   1.5249920e-01  -6.2818787e-01   9.1074147e-03  -2.3687105e-03  -3.3925052e-03
  -7.0209853e-02   2.3928329e-01  -4.8606639e-01   7.9849453e-03  -2.3742194e-03  -2.9716882e-03
  -6.6018744e-02   1.9548296e-01  -5.1950184e-01   7.0762526e-03  -2.0402866e-03  -3.2894905e-03
  -6.1311919e-02   2.0583214e-01  -6.7350470e-01   8.7742058e-03  -2.5348338e-03  -3.4408992e-03
  -3.4354047e-02   2.7634076e-01  -5.6725765e-01   8.6537942e-03  -2.7804081e-03  -2.7849399e-03
  -1.8319542e-02   1.8290155e-01  -4.8986907e-01   7.1491354e-03  -2.1896477e-03  -2.8767248e-03
  -1.3518854e-02   2.3782591e-01  -6.6329721e-01   8.3005092e-03  -2.5028549e-03  -3.0612921e-03
   1.2912930e-02   1.4512171e-01  -5.6147727e-01   8.9241352e-03  -2.9659727e-03  -2.5566452e-03
   1.5713333e-02   2.0922946e-01  -4.6100802e-01   7.3411411e-03  -2.3498093e-03  -2.6148456e-03
  -1.6918329e-02   1.3741678e-01  -6.4567900e-01   8.1710692e-03  -2.5570176e-03  -3.2151321e-03
   5.4847171e-03   1.9192257e-01  -5.5309258e-01   8.9659363e-03  -2.7712512e-03  -2.7330294e-03
   1.2268058e-02   1.7944349e-01  -4.7435476e-01   7.2559006e-03  -2.4872641e-03  -2.6848893e-03
  -1.4055953e-02   1.4663637e-01  -6.5016766e-01   7.7838848e-03  -2.5862594e-03  -3.0695922e-03
   6.4641422e-03   6.8316042e-02  -5.9775037e-01   9.2318505e-03  -3.0166670e-03  -2.4770956e-03
   7.7558337e-03   1.5863818e-01  -4.2827729e-01   7.3623002e-03  -2.7948487e-03  -2.5216904e-03
  -3.0452307e-02   1.1242027e-01  -6.7448510e-01   9.7157234e-03  -2.7445627e-03  -3.0940804e-03
   3.7803024e-03   1.8422597e-01  -5.2814171e-01   9.2967997e-03  -2.8995510e-03  -2.5502445e-03
   1.4677127e-02   1.5528669e-01  -4.8285739e-01   7.8428495e-03  -2.8098231e-03  -2.6638714e-03
   3.8780003e-04   2.1181075e-01  -7.0759458e-01   9.0954032e-03  -3.1552159e-03  -2.8378017e-03
   2.9428236e-02   2.6494300e-01  -4.9323591e-01   8.5226663e-03  -3.1787516e-03  -2.1375513e-03
   3.6669898e-02   2.0582553e-01  -5.4369025e-01   7.4466651e-03  -3.3662707e-03  -2.6210296e-03
   1.7855865e-02   1.7936169e-01  -6.6061756e-01   9.5086263e-03  -3.5278001e-03  -2.6321470e-03
   3.8379158e-02   2.1860200e-01  -4.1626227e-01   8.6118512e-03  -3.2990631e-03  -2.2298129e-03
  -1.1518053e-03   2.1788309e-01  -6.0525869e-01   7.3568069e-03  -3.1128864e-03  -2.4793221e-03
   1.3821850e-02   9.6227342e-02  -5.8542925e-01   1.0348285e-02  -3.5945313e-03  -2.3623946e-03
   2.6111567e-02   2.3820833e-01  -4.0567320e-01   7.7660816e-03  -3.0155118e-03  -2.2385809e-03
   2.1256781e-03   2.0637162e-01  -6.6709976e-01   9.0960352e-03  -3.1263504e-03  -2.8146722e-03
   1.0489161e-02   1.1765779e-01  -5.2421117e-01   9.3847070e-03  -3.3075387e-03  -2.4493994e-03
   1.7017513e-02   1.8458620e-01  -4.4370818e-01   7.5581759e-03  -2.8406652e-03  -2.4798196e-03
  -4.7313403e-03   1.4579021e-01  -5.9886989e-01   8.2283920e-03  -2.9224246e-03  -2.7964320e-03
   1.8342023e-02   2.1839034e-01  -6.1402481e-01   1.0261577e-02  -3.5611104e-03  -2.4434564e-03
   1.2754556e-02   2.5942008e-01  -4.5894980e-01   8.7337341e-03  -2.6305203e-03  -2.6920054e-03
  -1.9521348e-02   1.2745744e-01  -5.7621236e-01   7.5431944e-03  -2.2651246e-03  -2.8302163e-03
  -1.2969549e-02   1.2254761e-01  -6.4203726e-01   1.0490819e-02  -2.7591692e-03  -2.9872315e-03
  -1.3630848e-04   2.3814995e-01  -4.2885609e-01   8.4513300e-03  -2.8588486e-03  -2.9311853e-03
  -8.1252107e-03   8.1082132e-02  -4.4459750e-01   7.3450489e-03  -2.8209515e-03  -3.0590017e-03
  -4.3257631e-02   1.5499594e-01  -6.6579250e-01   8.2697558e-03  -3.2135464e-03  -3.6158480e-03
  -1.4235382e-02   1.6676595e-01  -4.0634176e-01   7.9324861e-03  -3.2246841e-03  -2.7309301e-03
  -1.5883171e-02   1.7709755e-01  -5.2218254e-01   5.9575054e-03  -3.2218329e-03  -2.8356470e-03
  -2.7379293e-02   1.2397505e-01  -6.6962093e-01   8.6004275e-03  -3.4056416e-03  -3.3070762e-03
  -1.9554126e-02   1.5508601e-01  -4.4847021e-01   8.6370649e-03  -2.9183248e-03  -2.8220382e-03
  -6.8489772e-03   1.8364201e-01  -5.1732441e-01   6.8389671e-03  -2.8390421e-03  -2.8720933e-03
  -3.7670802e-02   1.7374750e-01  -7.0220140e-01   1.0274468e-02  -3.0316326e-03  -3.5795549e-03
  -2.1381568e-02   3.3444686e-01  -4.6348099e-01   8.8369894e-03  -2.8979893e-03  -2.6819054e-03
  -2.6169315e-02   1.6047289e-01  -5.1494326e-01   8.3586417e-03  -2.7477728e-03  -3.2518859e-03
  -3.3220921e-02   1.9710696e-01  -6.7708119e-01   9.4721627e-03  -3.1432011e-03  -3.4455520e-03
  -8.7829690e-03   2.2702291e-01  -4.5736902e-01   8.7310987e-03  -2.8852217e-03  -2.6413604e-03
   1.1975651e-02   1.3344479e-01  -5.3656526e-01   7.5592089e-03  -3.1830639e-03  -3.0438220e-03
  -1.0698119e-02   1.8820373e-01  -6.9144985e-01   9.4760933e-03  -3.7456548e-03  -3.2550932e-03
  -8.1656356e-03   2.6342076e-01  -4.7924058e-01   8.1677535e-03  -3.2905720e-03  -2.7963568e-03
  -1.7507770e-02   1.3307615e-01  -5.2669270e-01   6.8250941e-03  -3.5379389e-03  -2.8628055e-03
  -3.1529319e-02   1.6709064e-01  -7.1021114e-01   8.5633297e-03  -4.0850549e-03  -3.0331321e-03
  -9.4800249e-04   1.9498422e-01  -3.7557857e-01   6.6674471e-03  -4.2105436e-03  -2.3035193e-03
  -3.1885047e-02   1.9724974e-01  -6.3793111e-01   6.0751176e-03  -3.9825381e-03  -2.6807042e-03
  -1.6531072e-02   7.2796557e-02  -6.7674734e-01   9.6066784e-03  -4.1077811e-03  -2.4970771e-03
   2.5862364e-03  -4.2095638e-02  -3.0235844e-01   5.7853000e-03  -5.6201629e-03  -1.6585938e-03
  -1.5304709e-01   1.1485708e-01  -4.8751264e-01   6.2357617e-03  -4.0188066e-03  -4.3797303e-03
  -9.0883552e-02   3.7123861e-01  -6.0539075e-01   8.4836238e-03  -3.9330774e-03  -3.3865099e-03
  -7.2930406e-02   4.2645214e-01  -4.7483069e-01   7.4413869e-03  -4.0205615e-03  -3.2250091e-03
  -5.1930108e-02   1.7410781e-01  -5.3818253e-01   6.2345816e-03  -4.3980517e-03  -3.1909952e-03
  -3.1441698e-02   1.1951755e-01  -5.8253745e-01   9.6088578e-03  -5.0142858e-03  -3.2420072e-03
  -2.7082317e-02   3.2710232e-01  -4.0693153e-01   7.5538758e-03  -4.3745355e-03  -3.3002301e-03
  -6.3842924e-02   2.4277454e-01  -6.8754863e-01   7.5508617e-03  -4.0578688e-03  -3.7961596e-03
  -3.2684451e-02   1.1103684e-01  -5.6518616e-01   9.1377086e-03  -4.7966403e-03  -3.3921423e-03
  -2.8187091e-02   2.3466032e-01  -4.9270900e-01   7.6198495e-03  -4.2896247e-03  -3.7836266e-03
  -5.2205679e-02   2.2323302e-01  -6.5605606e-01   8.4169594e-03  -4.3373998e-03  -3.8151518e-03
  -2.3704921e-03  -1.6358184e-02  -3.5906275e-01   9.3242898e-03  -4.1203417e-03  -3.3756393e-03
