   0.0000000e+00   0.0000000e+00   0.0000000e+00   0.0000000e+00   0.0000000e+00   0.0000000e+00
  -1.1063653e-02  -5.6837263e-02   1.2557860e-01  -1.4970737e-03   5.6059169e-04  -4.4655515e-04
  -1.8753102e-02   1.2935272e-02  -1.0672828e-01  -1.0400124e-03  -9.8186382e-05  -5.1397298e-04
  -8.2173693e-03   4.9789460e-02  -5.7558641e-03  -1.8147745e-03   3.2053498e-04   1.5271898e-04
   6.3459865e-03   3.6227245e-02  -1.0150043e-01  -1.3245558e-03  -4.4024299e-04   9.7058570e-05
  -6.2621958e-03   1.1809741e-01  -1.6879747e-01  -2.8711383e-03  -3.3919240e-04   4.3959510e-04
   2.1756025e-03   8.0577053e-02  -2.3110473e-01  -3.6214176e-03  -3.6225847e-04   4.6841483e-04
   1.4551161e-03  -1.8602550e-01  -2.5576134e-02  -2.5926944e-03  -7.1200997e-04  -1.0052489e-03
  -9.2481950e-03  -1.6444853e-01  -2.0686433e-01  -1.6273688e-03  -1.4683315e-03  -1.8766501e-03
  -1.3624340e-02   1.4586013e-01  -2.7135151e-01  -3.4206166e-03  -1.5025166e-03  -1.9361993e-03
  -6.0401438e-02  -1.4986503e-01  -1.8051784e-01  -2.7298826e-03  -2.2203603e-03  -3.9565001e-03
  -5.7698914e-02   2.1937986e-01  -3.5647045e-01  -4.5630243e-03  -2.3083658e-03  -3.9392540e-03
  -8.2147593e-02   2.7929731e-01  -3.2433739e-01  -6.7448817e-03  -1.1709678e-03  -4.1169764e-03
  -1.1613435e-01   3.9160833e-01  -4.1025291e-01  -1.1096289e-02   1.7640336e-04  -2.8057592e-03
  -1.3649480e-01   9.4092581e-02  -3.2037322e-01  -7.0602367e-03  -7.5361018e-05  -4.0389261e-03
  -1.4416322e-01   3.2294210e-01  -2.9539000e-01  -6.4389060e-03  -2.2253721e-04  -4.5943546e-03
  -1.4114553e-01   1.9913126e-01  -9.7281512e-02  -6.5913397e-03  -1.2257525e-03  -4.5778950e-03
  -1.2714755e-01   1.4613770e-02  -2.6472362e-01  -5.4090179e-03  -2.0126891e-03  -5.0844823e-03
  -1.3485735e-01   3.9906156e-01  -2.8926316e-01  -7.1901802e-03  -1.5584167e-03  -4.7951077e-03
  -1.5800621e-01   4.7138549e-02  -8.0192456e-02  -6.5559977e-03  -1.6233795e-03  -5.2350778e-03
  -1.4434551e-01   6.3749984e-02  -2.8454652e-01  -5.7219220e-03  -2.1290693e-03  -5.3932893e-03
  -1.3041306e-01   3.7350886e-01  -2.9901789e-01  -7.2600608e-03  -2.3726978e-03  -4.9409259e-03
  -1.5304309e-01   2.8647530e-01  -2.8850801e-01  -7.9392263e-03  -1.7116341e-03  -5.1288163e-03
  -1.8492836e-01  -6.1057488e-03  -7.8770621e-02  -7.0942862e-03  -9.0102547e-04  -6.2444324e-03
  -1.9054213e-01   4.2787464e-02  -2.3817629e-01  -7.6966729e-03  -1.5407378e-03  -6.5692784e-03
  -1.6601260e-01   3.3712434e-01  -3.4270854e-01  -9.0186286e-03  -1.7741346e-03  -6.1148556e-03
  -1.9824455e-01   4.6243383e-02  -1.3541429e-01  -7.9899915e-03  -1.7580080e-03  -6.8041673e-03
  -1.9433299e-01   2.4461941e-01  -4.2414103e-01  -8.2417200e-03  -2.2062485e-03  -7.4082012e-03
  -1.9354132e-01   3.1862570e-01  -2.6516536e-01  -8.6334631e-03  -1.8088805e-03  -7.4308870e-03
  -2.0370947e-01  -2.3696173e-02  -1.2767143e-01  -7.5088418e-03  -1.8858145e-03  -8.3763334e-03
  -1.7669536e-01   2.9608724e-01  -3.5664981e-01  -8.5641986e-03  -2.7181349e-03  -7.8514755e-03
  -1.9432129e-01   3.2603782e-01  -2.5929565e-01  -8.7797961e-03  -2.2527589e-03  -7.5460908e-03
  -2.0184113e-01   4.2313019e-02  -2.2477805e-01  -8.2355632e-03  -2.4933470e-03  -8.0549901e-03
  -1.8148871e-01   3.6496088e-01  -3.4475630e-01  -9.1879331e-03  -2.6211708e-03  -7.7721810e-03
  -1.8526730e-01   2.2999742e-01  -1.3310142e-01  -8.6596139e-03  -2.1657355e-03  -8.2704685e-03
  -1.9467686e-01   9.6757985e-02  -3.3581018e-01  -8.1277840e-03  -2.4977082e-03  -8.5333971e-03
  -1.8637853e-01   2.5793860e-01  -1.7568192e-01  -9.1891718e-03  -2.7614338e-03  -8.1021563e-03
  -1.9566766e-01   2.5195596e-04  -3.2010848e-01  -8.5306329e-03  -2.7942770e-03  -8.5853026e-03
  -1.9569307e-01   3.5836556e-01  -3.6842727e-01  -9.8277475e-03  -2.3406034e-03  -8.5735289e-03
  -2.1501747e-01   1.4939152e-01  -3.2914727e-01  -9.1037280e-03  -2.5658982e-03  -9.2579640e-03
  -2.0749316e-01   3.0810570e-01  -4.7464888e-01  -9.8618151e-03  -2.5660334e-03  -9.1463659e-03
  -2.1997067e-01   1.0936646e-01  -3.2576454e-01  -8.7730507e-03  -2.4773489e-03  -9.6237983e-03
  -1.9485789e-01   2.5985426e-01  -5.1359691e-01  -9.6169114e-03  -3.5714170e-03  -9.3154044e-03
  -2.0897696e-01   1.8707233e-01  -3.0253257e-01  -9.5882772e-03  -2.6371443e-03  -9.4340795e-03
  -2.1855931e-01   1.7948686e-01  -5.7470606e-01  -9.7360241e-03  -3.3914012e-03  -9.7501268e-03
  -2.1628335e-01   3.1061319e-01  -3.4081224e-01  -1.0375045e-02  -2.5113304e-03  -9.1661225e-03
  -2.1544188e-01   8.3795126e-02  -4.7550519e-01  -9.4836508e-03  -2.9556274e-03  -9.4856603e-03
  -2.2707571e-01   3.0208820e-01  -2.9068438e-01  -1.0167052e-02  -2.0387624e-03  -9.1071086e-03
  -2.3476902e-01   4.9957643e-02  -3.1965337e-01  -8.7312224e-03  -2.6107699e-03  -9.9403277e-03
  -2.2493121e-01   3.9634843e-01  -4.6285829e-01  -1.0528346e-02  -2.8825552e-03  -9.8692499e-03
  -2.3577778e-01   2.7084392e-01  -4.5721097e-01  -1.0075105e-02  -2.3841186e-03  -9.6598486e-03
  -2.3718234e-01   2.4543099e-01  -3.9227336e-01  -1.0445334e-02  -2.2491492e-03  -9.3827891e-03
  -2.4845335e-01   1.7552881e-01  -5.4873016e-01  -1.0168769e-02  -2.5034140e-03  -9.6198051e-03
  -2.6363476e-01   2.2739151e-01  -3.2028242e-01  -1.0518187e-02  -1.9934320e-03  -9.7491641e-03
  -2.5318013e-01  -8.4149710e-02  -3.9177813e-01  -7.9447552e-03  -2.5485192e-03  -1.0431648e-02
  -2.7696598e-01   3.0296649e-01  -2.8680261e-01  -8.8149384e-03  -1.8692588e-03  -1.1119059e-02
  -3.1804836e-01  -5.4946290e-02  -3.2367013e-01  -7.3247219e-03  -2.1988129e-03  -1.3290194e-02
  -3.0709200e-01   3.5604243e-01  -3.8112900e-01  -9.5814043e-03  -2.5561327e-03  -1.3330457e-02
  -3.1494254e-01   1.7670223e-01  -3.8101176e-01  -8.7974845e-03  -2.9859957e-03  -1.3957614e-02
  -3.2852462e-01   4.3286694e-01  -4.0091466e-01  -9.7725222e-03  -2.9779293e-03  -1.3758213e-02
  -3.4889525e-01   9.8315636e-02  -1.9751195e-01  -7.9492110e-03  -2.3858926e-03  -1.4725352e-02
  -3.2946687e-01   2.0902017e-01  -3.9236555e-01  -8.4732676e-03  -3.2969416e-03  -1.4840346e-02
  -3.3620387e-01   3.9915342e-01  -4.4747081e-01  -9.4785389e-03  -3.7217667e-03  -1.4511207e-02
  -3.5108409e-01   2.3919174e-01  -3.7341205e-01  -9.5130923e-03  -2.6997307e-03  -1.4725817e-02
  -3.4754019e-01  -2.3962930e-02  -2.5109742e-01  -8.0748652e-03  -2.7058800e-03  -1.4949880e-02
  -3.4362580e-01   1.0308924e-01  -3.5877182e-01  -8.9761551e-03  -3.3677400e-03  -1.5163822e-02
  -3.6902079e-01   1.7988487e-01  -1.9488513e-01  -9.6404417e-03  -3.1447969e-03  -1.5162383e-02
  -3.6536086e-01  -1.2272742e-01  -2.8856120e-01  -7.6209661e-03  -4.1488130e-03  -1.5732617e-02
  -3.7017746e-01   4.2076091e-01  -3.8056702e-01  -9.8661038e-03  -3.4435679e-03  -1.5903180e-02
  -3.9263455e-01   6.3268982e-02  -2.8284525e-01  -8.3849251e-03  -3.5007076e-03  -1.6439042e-02
  -3.8041285e-01   3.0810211e-01  -4.1605977e-01  -9.4432461e-03  -3.5855074e-03  -1.5453131e-02
  -3.8053798e-01   1.3040622e-01  -2.0654921e-01  -8.3420695e-03  -3.4765353e-03  -1.5974258e-02
  -3.7392220e-01   8.7267619e-02  -4.1622297e-01  -9.2433321e-03  -3.8961044e-03  -1.5567798e-02
  -3.8146824e-01   2.7525269e-01  -3.6443188e-01  -9.4821842e-03  -3.0231767e-03  -1.5061192e-02
  -3.7931571e-01   3.1807859e-01  -2.4671649e-01  -1.0221777e-02  -1.8343340e-03  -1.4918915e-02
  -3.5985891e-01   6.7077180e-02  -3.2970809e-01  -8.8362667e-03  -2.5834253e-03  -1.5681500e-02
  -3.6102681e-01   4.1364005e-01  -3.1351948e-01  -9.9938238e-03  -2.3383966e-03  -1.5356126e-02
  -3.7488421e-01   2.1450403e-01  -2.7902277e-01  -1.0492921e-02  -1.5932524e-03  -1.5243778e-02
  -3.7924093e-01  -2.2733148e-02  -2.6133337e-01  -9.0054338e-03  -1.8245880e-03  -1.5411311e-02
  -3.7232097e-01   2.4977949e-01  -2.3347902e-01  -1.0851221e-02  -2.1796691e-03  -1.5320503e-02
  -3.9363183e-01  -6.1614845e-02  -1.7794938e-01  -8.7841913e-03  -1.9796865e-03  -1.5809383e-02
  -3.6660319e-01   2.5775419e-01  -3.2028207e-01  -1.0468445e-02  -2.4382213e-03  -1.4995221e-02
  -3.7091654e-01   1.7871947e-01  -2.8160252e-01  -9.2914475e-03  -2.5770563e-03  -1.5302316e-02
  -3.6395280e-01   2.8214641e-01  -2.5710473e-01  -1.0073986e-02  -2.1921737e-03  -1.5086545e-02
  -3.6111008e-01   1.6884716e-01  -3.5269269e-01  -9.1225192e-03  -2.4751833e-03  -1.5584414e-02
  -3.7932054e-01   3.1222592e-01  -1.8003400e-01  -1.0376574e-02  -1.7233223e-03  -1.5515961e-02
  -3.6255708e-01   1.3921721e-01  -3.4503577e-01  -8.6068778e-03  -2.3652842e-03  -1.5475937e-02
  -3.7736103e-01   4.2066269e-01  -3.2587279e-01  -9.2396897e-03  -1.7719190e-03  -1.5412949e-02
  -3.7847335e-01   1.4806244e-01  -3.1077057e-01  -9.3047622e-03  -1.2165219e-03  -1.5376606e-02
  -3.5973847e-01   1.5393863e-01  -3.5100695e-01  -1.0087142e-02  -1.4667005e-03  -1.5125601e-02
  -3.6963072e-01   1.8122440e-02  -1.7102814e-01  -8.9830841e-03  -8.7283321e-04  -1.5221191e-02
  -3.4985019e-01  -2.4169443e-01  -1.3813479e-01  -7.0257701e-03  -1.6088611e-03  -1.5573332e-02
  -3.2611664e-01   2.3467031e-01  -2.0466292e-01  -8.3012557e-03  -2.1539766e-03  -1.5490419e-02
  -3.6571613e-01  -6.4496738e-02   5.0144225e-02  -5.1175526e-03  -1.9818896e-03  -1.6199291e-02
  -3.7950975e-01   2.1348609e-01  -1.9808863e-01  -7.0095794e-03  -1.5646185e-03  -1.6497680e-02
  -4.2436999e-01   3.3552948e-01  -2.0773043e-01  -8.1271309e-03  -6.2277531e-04  -1.6611084e-02
  -4.0045814e-01   2.1952634e-01  -2.4062392e-01  -9.3693693e-03  -7.7362422e-04  -1.6094685e-02
  -3.8736783e-01   8.7077139e-02  -2.4010875e-01  -7.8297320e-03  -1.4022401e-03  -1.5996916e-02
  -3.8150556e-01   3.5336338e-01  -3.1016367e-01  -9.7780823e-03  -1.2030075e-03  -1.5520422e-02
  -3.8760709e-01   1.1926056e-01  -1.7158658e-01  -1.0054860e-02  -5.7396066e-04  -1.5417600e-02
  -3.6439105e-01   1.3455933e-01  -3.0024031e-01  -1.0457070e-02  -1.4446961e-03  -1.5213967e-02
  -3.6516558e-01   2.1613985e-01  -1.9158636e-01  -1.0331686e-02  -8.2783623e-04  -1.4763307e-02
  -3.8010624e-01  -1.2071154e-01  -1.5859885e-01  -9.5423332e-03  -1.4728749e-03  -1.5408292e-02
  -3.8976482e-01   3.1855922e-01  -3.7549859e-01  -1.1885897e-02   8.7102981e-05  -1.4600273e-02
  -4.1439763e-01   4.7627916e-03  -2.1962200e-01  -1.1118066e-02  -1.4008021e-03  -1.5966153e-02
  -4.0651675e-01   3.6606772e-01  -5.2383744e-01  -1.2806169e-02  -1.6424739e-03  -1.5931151e-02
  -4.4002379e-01   3.1220326e-01  -2.9881695e-01  -1.2321130e-02  -9.3721451e-04  -1.6235512e-02
  -4.3549160e-01   3.2026827e-01  -4.8654965e-01  -1.2725386e-02  -1.2951639e-03  -1.6466167e-02
  -4.4116631e-01   4.3883135e-01  -4.4070297e-01  -1.3167171e-02  -7.3656691e-04  -1.6015701e-02
  -4.2133227e-01   1.6131250e-01  -3.8549871e-01  -1.1755437e-02  -1.1906366e-03  -1.5682767e-02
  -4.3171173e-01   3.1669765e-02  -9.1845657e-02  -6.5376860e-03  -4.9179118e-03  -1.2765306e-02
  -7.0172566e-01  -5.1165795e-01  -4.0787538e-01   4.9351117e-03  -4.5787149e-03  -9.6331402e-03
  -7.1796218e-01   6.7675611e-01  -3.2509553e-01  -4.7291820e-03   1.9594945e-03  -9.5816495e-03
  -7.0560151e-01   1.4437590e-01  -6.3530458e-03  -6.7237173e-03   2.8673171e-03  -8.8912131e-03
  -7.6005218e-01   1.9908079e-01  -3.5415704e-01  -5.7098604e-03   3.0189421e-03  -8.8004038e-03
  -7.5860572e-01   6.1052741e-01  -3.8725120e-01  -9.4884486e-03   3.3154045e-03  -8.6758513e-03
  -7.6490845e-01   1.8872580e-01  -2.5343443e-01  -9.7675759e-03   2.0344926e-03  -1.0186040e-02
  -7.6798973e-01   4.2932926e-01  -3.5147213e-01  -1.0529846e-02   1.8359781e-03  -9.9872002e-03
  -7.7351803e-01   5.7291596e-01  -3.9151635e-01  -1.1784910e-02   2.1112927e-03  -9.9160291e-03
  -7.8826436e-01   4.9067733e-01  -4.8721961e-01  -1.1663960e-02   2.3031386e-03  -9.8656196e-03
  -7.8295860e-01   3.6558572e-01  -4.5697390e-01  -1.1066511e-02   1.8918267e-03  -1.0011739e-02
  -8.0460006e-01   2.6893056e-03  -7.4943095e-02  -7.5960463e-03  -6.5941627e-04  -1.1486105e-02
  -8.2100723e-01   4.2772588e-01  -2.1923091e-01  -9.3735236e-03  -4.8722114e-04  -1.2080074e-02
  -8.6608924e-01   3.6082218e-01  -2.8852856e-02  -1.0122460e-02  -2.6879486e-04  -1.2732519e-02
  -8.3670736e-01   1.4781114e-01  -1.8347029e-01  -7.4072174e-03  -1.2211422e-03  -1.3037170e-02
  -8.2744948e-01   6.7009306e-01  -2.0126426e-01  -1.0035694e-02  -2.5726910e-04  -1.1925239e-02
  -8.3406776e-01   3.7772989e-01  -1.2515009e-01  -9.6381290e-03   3.9899620e-04  -1.1522260e-02
  -8.3865486e-01   2.6924242e-01  -3.0450039e-01  -9.3092244e-03  -4.3140673e-04  -1.1839281e-02
  -8.2214413e-01   5.0753627e-01  -2.7846860e-01  -1.0134695e-02  -1.8561988e-04  -1.1016737e-02
  -8.0647155e-01   4.3237037e-01  -2.9131324e-01  -9.7656018e-03   6.6807060e-04  -1.0345366e-02
  -7.9900059e-01   2.6845877e-01  -1.0959196e-01  -1.0215230e-02   1.4658342e-03  -9.6688791e-03
  -7.9541833e-01   1.2381661e-01  -1.8686191e-01  -9.5768122e-03  -6.5525962e-06  -1.0412626e-02
  -8.1767817e-01   5.1032363e-01  -1.9650826e-01  -1.1067343e-02   2.8653977e-04  -1.0287677e-02
  -8.2949969e-01   4.2499148e-01  -1.3177528e-01  -1.1863595e-02   7.3823042e-04  -1.0159679e-02
  -8.3151406e-01   2.1487278e-01  -6.1934747e-02  -9.8955198e-03   5.0446454e-04  -1.0657995e-02
  -8.2070604e-01   4.5145816e-01  -2.2392588e-01  -1.1585989e-02  -1.2337806e-04  -1.0327288e-02
  -8.5056624e-01   2.5654239e-01  -4.5618791e-02  -1.0402091e-02   2.7903182e-04  -1.1155122e-02
  -8.2008717e-01   3.8909150e-01  -2.5903804e-01  -1.0950306e-02  -4.8128580e-04  -1.1020016e-02
  -8.1944638e-01   4.2044105e-01  -2.5946338e-02  -1.1367830e-02   3.9313106e-04  -1.0935363e-02
  -8.2083977e-01   3.1901450e-01  -2.4986316e-01  -1.0600120e-02   3.2634292e-05  -1.0754418e-02
  -8.1251649e-01   4.6910993e-01  -1.2229676e-02  -1.1077490e-02   5.2373062e-04  -1.0576311e-02
  -8.1186301e-01   3.4472636e-01  -2.5679559e-01  -1.0745875e-02  -4.6716810e-04  -1.1406259e-02
  -8.1423028e-01   5.4399252e-01  -1.1235680e-01  -1.1652906e-02   2.5075522e-04  -1.0927301e-02
  -8.2218561e-01   2.7777072e-01  -1.5688530e-01  -1.0729315e-02  -1.8363897e-04  -1.1484234e-02
  -8.3876075e-01   5.6495971e-01  -2.7592922e-01  -1.1945060e-02   3.2232864e-04  -1.1385183e-02
  -8.4047359e-01   3.5420229e-01  -1.1285023e-01  -1.0929974e-02   1.1696889e-03  -1.1698021e-02
  -8.3173027e-01   3.9743042e-01  -2.6520520e-01  -1.0939545e-02   3.2844760e-04  -1.1163663e-02
  -8.5712160e-01   4.9187011e-01  -2.5920173e-01  -1.1634743e-02   4.3356035e-04  -1.1609092e-02
  -8.6523183e-01   3.1262236e-01  -2.7233055e-01  -1.0827719e-02   8.6565164e-04  -1.2186407e-02
  -9.0523544e-01   3.8043462e-01  -2.7813044e-01  -1.1940641e-02   1.6490566e-03  -1.2891845e-02
  -9.2901338e-01   1.5450880e-01  -7.9271076e-02  -9.6097683e-03   1.9079405e-03  -1.3772573e-02
  -9.1136916e-01   2.9828408e-01  -3.0460977e-01  -1.0017545e-02   1.6449360e-03  -1.3829688e-02
  -9.6641364e-01   6.1321504e-02   1.3752604e-01  -6.7345314e-03   4.2266132e-04  -1.5257213e-02
  -9.5295602e-01   6.8450967e-02   3.0621698e-01  -3.0567985e-03  -5.0978358e-04  -1.5456544e-02
  -9.3003851e-01   5.8986428e-01  -1.6784011e-01  -5.1084238e-03  -7.8692580e-05  -1.5527626e-02
  -9.4841516e-01   5.0963648e-01  -2.0586790e-01  -5.7056602e-03   9.9634325e-04  -1.5737583e-02
  -9.7580866e-01   2.2352852e-01  -1.0093254e-01  -5.8640025e-03   2.1761930e-03  -1.5587408e-02
  -9.5527118e-01   2.9429043e-01  -1.5758372e-01  -5.6739138e-03   1.6012965e-03  -1.4840820e-02
  -9.3934895e-01   4.1317884e-01  -1.3172549e-01  -6.5371394e-03   1.2498897e-03  -1.4489420e-02
  -9.5464121e-01   2.9632548e-01  -6.4523436e-02  -6.6895560e-03   1.9830500e-03  -1.4663327e-02
  -9.5923746e-01   1.6418705e-02  -2.6428322e-02  -6.1669067e-03   1.6986690e-03  -1.4829428e-02
  -9.5123112e-01   3.2738744e-01  -5.4870990e-02  -6.9798960e-03   1.5499074e-03  -1.4576932e-02
  -9.6860290e-01   2.6371278e-01   7.2736085e-02  -7.9587113e-03   2.4240792e-03  -1.4440838e-02
  -9.4594329e-01   1.2492344e-01  -3.3652230e-02  -5.9026021e-03   2.0145382e-03  -1.4212882e-02
  -9.4482720e-01   4.3800914e-01   4.4924637e-02  -7.5274531e-03   2.3598434e-03  -1.3893912e-02
  -9.6855414e-01   1.7981488e-01  -1.0511890e-01  -6.2679924e-03   2.4182014e-03  -1.4358525e-02
  -9.5609532e-01   5.7228377e-01  -5.2636134e-02  -7.9753968e-03   2.7649423e-03  -1.3686500e-02
  -9.6613311e-01   2.4457785e-01  -4.3176985e-02  -7.2312219e-03   2.7371138e-03  -1.3722176e-02
  -9.5873656e-01   3.7299800e-01  -7.8088006e-02  -7.6352091e-03   3.2760891e-03  -1.2871307e-02
  -9.4462884e-01   1.7905146e-01  -2.6536479e-02  -7.0311965e-03   4.4822118e-03  -1.1782157e-02
  -9.4363180e-01   3.9834280e-01  -1.0487624e-01  -8.2610064e-03   3.4030236e-03  -1.1659523e-02
  -9.4891831e-01   1.8580231e-01   4.5801267e-02  -8.1461368e-03   3.1487584e-03  -1.1951025e-02
  -9.5602857e-01   3.5799055e-01  -7.4577103e-02  -7.8576968e-03   3.0244621e-03  -1.1918826e-02
  -9.6641089e-01   3.2551260e-01   1.1569156e-01  -8.8258630e-03   3.5463171e-03  -1.1819502e-02
  -9.3643645e-01   2.0096680e-01  -9.8537670e-02  -9.1358131e-03   2.4925740e-03  -1.2211102e-02
  -9.5711393e-01   4.2036357e-01  -1.0738280e-01  -9.8745407e-03   2.5534491e-03  -1.2353925e-02
  -9.4861175e-01   3.7294862e-01  -1.4108003e-01  -9.8867240e-03   2.9168671e-03  -1.2195245e-02
  -9.5561903e-01   4.3289596e-01  -1.8096093e-01  -1.0420539e-02   3.5329454e-03  -1.2081192e-02
  -9.6061478e-01   4.9301719e-01  -1.3234407e-01  -1.1183717e-02   4.0708950e-03  -1.1578257e-02
  -9.4261336e-01   1.2476430e-01  -2.8409265e-02  -9.2546486e-03   2.8560699e-03  -1.3004320e-02
  -9.3052264e-01   3.0163086e-01  -7.3535405e-02  -8.5710436e-03   2.3660086e-03  -1.2907289e-02
  -9.4015969e-01   3.2664739e-01   2.1460157e-01  -9.0692189e-03   2.3414472e-03  -1.2929640e-02
  -9.3005704e-01   9.6283402e-02   4.2327898e-02  -7.7284627e-03   1.9240616e-03  -1.3068446e-02
  -9.0762784e-01   5.3184057e-01   1.9413176e-01  -9.4231157e-03   2.7028230e-03  -1.2505449e-02
  -8.9740996e-01   1.5667927e-01   9.0608950e-02  -7.8011677e-03   2.4868668e-03  -1.2389838e-02
  -9.1394210e-01   4.9752088e-01   8.8993292e-03  -8.9643219e-03   2.6429085e-03  -1.1588811e-02
  -9.1243630e-01   4.4828997e-01  -7.6665918e-03  -8.7884230e-03   2.8802314e-03  -1.1619149e-02
  -9.1757426e-01   3.6741553e-01   6.9825766e-02  -8.6796227e-03   2.8626577e-03  -1.1472961e-02
  -9.0867872e-01   1.4407817e-01   2.3747425e-02  -8.2502664e-03   2.2150633e-03  -1.1667903e-02
  -9.1896894e-01   4.4751566e-01  -5.7996986e-02  -1.0281767e-02   2.9117571e-03  -1.1432453e-02
  -9.1098444e-01   3.8950784e-01   5.1477739e-02  -1.0538553e-02   3.7061582e-03  -1.0996180e-02
  -9.0024044e-01   2.6509399e-01  -5.0335157e-02  -9.3009301e-03   2.8264761e-03  -1.1242981e-02
  -8.9833467e-01   5.0589341e-01  -1.6426692e-01  -1.0443814e-02   3.3312428e-03  -1.0860724e-02
  -9.1456663e-01   3.7561019e-01   5.9926802e-02  -9.9457654e-03   4.9747207e-03  -1.0897381e-02
  -9.2889288e-01   3.6846389e-01  -8.1070745e-02  -9.1513395e-03   5.6500036e-03  -9.9793398e-03
  -9.4665879e-01   4.1442346e-01   1.2596293e-01  -9.1071741e-03   5.4846912e-03  -1.0620962e-02
  -9.3218113e-01   3.0071445e-01  -1.8699186e-01  -9.4552265e-03   4.6172593e-03  -1.1044193e-02
  -9.3451128e-01   4.4698581e-01   7.2535530e-02  -1.0451740e-02   4.7279641e-03  -1.1058237e-02
  -9.1913178e-01   2.6111129e-01  -1.4357968e-01  -9.5750662e-03   4.0447286e-03  -1.0880951e-02
  -9.1320901e-01   4.4777126e-01   3.6813525e-02  -1.0367860e-02   4.6156513e-03  -1.0755802e-02
  -9.1946482e-01   1.7867772e-01   2.1368536e-02  -9.9275796e-03   3.8330019e-03  -1.1605417e-02
  -9.1811306e-01   4.4813203e-01  -9.8714132e-02  -1.0381213e-02   3.6957321e-03  -1.1049794e-02
  -9.1742866e-01   4.1607791e-01  -9.6510155e-02  -1.0732120e-02   3.7011112e-03  -1.0764348e-02
  -9.1335807e-01   4.0443212e-01  -9.4706546e-02  -1.0536860e-02   3.6147061e-03  -1.0848815e-02
  -9.2133029e-01   4.0351614e-01  -8.2154217e-02  -1.0783541e-02   4.1942366e-03  -1.0538051e-02
  -9.1651254e-01   4.0660868e-01  -8.5228695e-02  -1.1094545e-02   4.3324031e-03  -1.0299793e-02
  -9.2033406e-01   3.8748880e-01  -5.4125896e-02  -1.0700368e-02   4.6992762e-03  -1.0111655e-02
  -9.4956821e-01   1.7916423e-01   4.3386330e-02  -1.0771863e-02   3.9856958e-03  -1.1262932e-02
  -9.3330462e-01   3.6580959e-01  -3.3557368e-01  -1.1484515e-02   3.7622688e-03  -1.1843633e-02
  -9.6083647e-01   1.1816073e-01   1.4065283e-01  -9.8233233e-03   3.2097934e-03  -1.2755215e-02
  -9.7463928e-01   2.5358780e-01  -6.9942971e-02  -9.3680200e-03   2.4434813e-03  -1.3188966e-02
  -9.7522428e-01   4.5207818e-01  -1.8442156e-02  -9.7145970e-03   2.1527325e-03  -1.3319050e-02
  -9.6570700e-01   3.4493283e-01  -1.2885431e-01  -1.0087259e-02   1.8552868e-03  -1.3012022e-02
  -9.7952758e-01   6.1331926e-01  -1.3546176e-01  -1.0976468e-02   2.1895416e-03  -1.2478652e-02
  -9.7371841e-01   5.1402342e-01  -1.4026995e-01  -1.1099258e-02   2.1743557e-03  -1.2399068e-02
  -9.7443324e-01   4.0723377e-01  -1.5022889e-01  -1.0538446e-02   2.6164456e-03  -1.2487940e-02
  -9.5753424e-01   5.0541604e-01  -1.8641733e-01  -1.1415629e-02   3.5744713e-03  -1.2084597e-02
  -9.3329069e-01   5.1893451e-01  -2.0618151e-01  -1.1694370e-02   4.4472022e-03  -1.1238440e-02
  -9.0538286e-01   3.2836684e-01   1.3327094e-02  -1.0521042e-02   5.3437555e-03  -1.0659043e-02
  -9.3668878e-01   3.4681498e-01  -2.6216924e-01  -1.1359973e-02   5.2092141e-03  -1.0637633e-02
  -9.2812036e-01   4.5242779e-01  -2.7928735e-02  -1.1737328e-02   6.0054829e-03  -1.0306908e-02
  -9.5409367e-01   2.2147832e-01  -5.1242463e-02  -1.0002964e-02   4.5530845e-03  -1.1693423e-02
  -9.5695298e-01   6.4851122e-01  -1.5801656e-01  -1.2190477e-02   4.7110624e-03  -1.1592452e-02
  -9.6486925e-01   3.1167568e-01   4.2434584e-02  -1.1162692e-02   4.5928412e-03  -1.1793674e-02
  -9.6928364e-01   4.1259490e-01  -1.7856865e-01  -1.0084366e-02   4.4198143e-03  -1.1263407e-02
  -9.7244046e-01   6.0315367e-01  -1.0157957e-01  -1.0961738e-02   4.9154958e-03  -1.1288424e-02
  -9.7245436e-01   3.0410463e-01  -1.3514258e-01  -1.0037406e-02   4.3957259e-03  -1.1613960e-02
  -9.7161471e-01   5.4276431e-01  -8.3595149e-02  -1.1305821e-02   4.9154213e-03  -1.1059460e-02
  -9.6027570e-01   2.1546484e-01   2.8106940e-02  -1.0363786e-02   4.4557940e-03  -1.1894224e-02
  -9.8158430e-01   4.2532643e-01  -3.3286622e-02  -1.1044402e-02   4.5216926e-03  -1.1789380e-02
  -9.7390537e-01   2.5591964e-01   1.4232646e-01  -1.0867600e-02   4.4172155e-03  -1.1803884e-02
  -9.5853418e-01   2.8195685e-01  -1.2272705e-01  -1.0656059e-02   3.3170161e-03  -1.1992158e-02
  -9.5920183e-01   5.6965472e-01  -1.1525639e-01  -1.2289051e-02   3.8273249e-03  -1.1781998e-02
  -9.8288699e-01   1.8346834e-01  -6.3425484e-02  -1.1101523e-02   3.5346998e-03  -1.2584200e-02
  -9.7766366e-01   6.0173716e-01  -1.6494044e-01  -1.3048388e-02   3.9530555e-03  -1.2409398e-02
  -9.8858477e-01   3.6238901e-01  -5.8738685e-02  -1.1673686e-02   4.2205859e-03  -1.2730147e-02
  -9.8673614e-01   5.0839080e-01  -2.2128221e-01  -1.1942898e-02   4.4467134e-03  -1.2335587e-02
  -9.7772749e-01   4.5493837e-01  -4.9453219e-02  -1.2432137e-02   4.7873477e-03  -1.2031101e-02
  -9.7060429e-01   2.9741720e-01  -1.1832372e-01  -1.1504888e-02   4.6895460e-03  -1.1319569e-02
  -9.7629525e-01   5.2957586e-01  -9.7363027e-02  -1.1440023e-02   5.0344541e-03  -1.1095795e-02
  -9.7242839e-01   4.5954047e-01  -9.0677704e-02  -1.2379187e-02   5.6123206e-03  -1.1089295e-02
  -9.5003601e-01   3.0212116e-01   8.3244850e-02  -1.2784048e-02   5.5120222e-03  -1.0852807e-02
  -9.4477250e-01   1.0679908e-01   1.7714882e-01  -1.0389906e-02   4.8149671e-03  -1.1272746e-02
  -9.3241415e-01   7.2398506e-01   7.5465600e-02  -1.2714157e-02   4.5432683e-03  -1.0912272e-02
  -9.4275253e-01   3.5110689e-01   1.8586020e-01  -1.1922980e-02   4.3583011e-03  -1.1266114e-02
  -9.3412629e-01   3.1324813e-01  -3.1895970e-02  -1.1690457e-02   4.0107983e-03  -1.1257507e-02
  -9.5012879e-01   5.3862336e-01   1.2210619e-01  -1.3065696e-02   5.4774958e-03  -1.1250538e-02
  -9.5636503e-01   4.2730018e-01  -5.0449092e-02  -1.2083360e-02   5.9302207e-03  -1.0533078e-02
  -9.4446920e-01   7.2904235e-01   2.1752238e-02  -1.2978148e-02   6.3458505e-03  -9.4472142e-03
  -9.1990328e-01   3.6975303e-01   8.2076223e-02  -1.1585887e-02   5.6637174e-03  -9.3879862e-03
  -9.2577985e-01   4.9794222e-01  -6.1534074e-02  -1.2564723e-02   6.1221026e-03  -8.8746188e-03
  -9.2782123e-01   5.0569028e-01   1.1337837e-01  -1.3438961e-02   6.9613837e-03  -8.5295281e-03
  -9.0710811e-01   2.9711771e-01  -4.0912927e-02  -1.2346219e-02   6.4563194e-03  -8.4266862e-03
  -9.0210964e-01   5.0232730e-01   1.1135712e-01  -1.3513647e-02   7.0546527e-03  -8.0368248e-03
  -9.0209781e-01   2.2659040e-01  -6.3398602e-03  -1.1550090e-02   6.7423432e-03  -8.6458634e-03
  -9.1511187e-01   4.6696433e-01   2.5366648e-01  -1.2784484e-02   6.8520800e-03  -8.8501755e-03
  -9.3575412e-01   2.4656293e-01   1.7682345e-01  -1.1328920e-02   6.2528589e-03  -9.7978336e-03
  -9.4808170e-01   6.0898741e-01   1.6423326e-01  -1.1904656e-02   6.8385719e-03  -9.2353150e-03
  -9.6497264e-01   4.1608954e-01   4.7179383e-02  -1.0782047e-02   7.7025270e-03  -8.6790483e-03
  -9.5922579e-01   4.9371097e-01   2.0431959e-01  -1.1369786e-02   9.0153696e-03  -7.8258068e-03
  -9.6487798e-01   4.1027342e-01   7.7920300e-02  -1.1953238e-02   9.7016307e-03  -7.2983455e-03
  -9.5783443e-01   3.8447570e-01   3.0337255e-01  -1.1007294e-02   1.0622816e-02  -6.5403879e-03
  -9.6399887e-01   4.2552592e-01   1.2613079e-01  -1.1873267e-02   1.1158242e-02  -6.1418632e-03
  -9.3804204e-01   2.5944776e-01   3.7144537e-01  -1.0657247e-02   1.1329511e-02  -5.8102775e-03
  -9.4559635e-01   4.7256240e-01   1.8596314e-01  -1.2120559e-02   1.1025371e-02  -6.0092107e-03
  -9.4672333e-01   2.7924427e-01   3.5455945e-01  -1.1736250e-02   1.0680350e-02  -6.1294797e-03
  -9.4747649e-01   4.2691357e-01   1.6164363e-02  -1.2316448e-02   1.0669455e-02  -6.0367418e-03
  -9.4893179e-01   4.9657103e-01   2.5239987e-01  -1.1938212e-02   1.1076147e-02  -5.7825667e-03
  -9.6215263e-01   3.8103922e-01   1.2667609e-01  -1.1192646e-02   1.0836756e-02  -6.0835454e-03
  -9.6532450e-01   5.8491218e-01   1.0939562e-01  -1.1937037e-02   1.1205665e-02  -5.6451057e-03
  -9.6204783e-01   5.1930278e-01   6.5638893e-02  -1.2402652e-02   1.1624588e-02  -5.5826189e-03
  -9.4968611e-01   5.4204685e-01   7.3976328e-02  -1.2698746e-02   1.2076493e-02  -5.3113194e-03
  -9.3566408e-01   4.5176165e-01   7.3553085e-02  -1.2368684e-02   1.2119298e-02  -4.9630067e-03
  -9.4677102e-01   4.9717262e-01   3.8129789e-02  -1.1616575e-02   1.2585572e-02  -4.9619836e-03
  -9.4793206e-01   5.3468084e-01   1.2177711e-01  -1.2392451e-02   1.3310578e-02  -4.7427742e-03
  -9.4253494e-01   9.6487131e-02   4.2643069e-01  -1.1058855e-02   1.2531985e-02  -5.6207208e-03
  -9.4361495e-01   2.9716822e-01   8.8292538e-02  -1.0941317e-02   1.1617229e-02  -6.0916209e-03
  -9.5359797e-01   6.2506200e-01   1.3445901e-01  -1.2227050e-02   1.1565581e-02  -6.2141877e-03
  -9.7981542e-01   3.2757630e-01   3.5700639e-02  -1.1345335e-02   1.1150781e-02  -6.6302285e-03
  -1.0016619e+00   6.9594143e-01  -3.5045022e-02  -1.2802393e-02   1.1967200e-02  -6.2013567e-03
  -9.9979345e-01   5.3494684e-01  -4.2430782e-02  -1.2271855e-02   1.2068795e-02  -6.0438971e-03
  -9.9266580e-01   5.9401619e-01  -2.6768723e-02  -1.2329242e-02   1.2609993e-02  -5.7078505e-03
  -9.8541351e-01   4.5631074e-01   1.7224368e-01  -1.1527539e-02   1.3175973e-02  -5.4808453e-03
  -1.0011772e+00   4.4030247e-01  -2.0073306e-02  -1.2070953e-02   1.2940711e-02  -5.8246258e-03
  -1.0139637e+00   5.4400289e-01   2.5785722e-04  -1.3023081e-02   1.4108239e-02  -5.2876002e-03
  -9.7708200e-01   4.9407795e-01   2.3990046e-01  -1.2691227e-02   1.5014118e-02  -4.7282377e-03
  -9.8746263e-01   3.0152688e-01   1.1560138e-01  -1.1267944e-02   1.5170682e-02  -4.4223995e-03
  -9.7623268e-01   6.3552949e-01   1.8410549e-02  -1.3014941e-02   1.4475024e-02  -4.2819051e-03
  -1.0044073e+00   2.5204174e-01   2.5193370e-01  -1.1986860e-02   1.4422410e-02  -5.4365059e-03
  -9.9559746e-01   4.6847852e-01  -2.4171463e-02  -1.2173240e-02   1.3403067e-02  -5.4711645e-03
  -1.0146073e+00   4.8951969e-01   9.7665757e-02  -1.2673292e-02   1.3862940e-02  -5.7073370e-03
  -1.0434377e+00   3.8843128e-01   8.2346144e-02  -1.1536334e-02   1.3632503e-02  -6.5203866e-03
  -1.0508981e+00   6.0726824e-01  -1.9050756e-03  -1.2006038e-02   1.3817424e-02  -6.2412584e-03
  -1.0489357e+00   4.3873273e-01  -5.8161236e-02  -1.1016586e-02   1.3795261e-02  -6.2338281e-03
  -1.0452399e+00   4.9856960e-01  -5.6760709e-02  -1.1182817e-02   1.4223462e-02  -6.2402499e-03
  -1.0350635e+00   4.9109705e-01  -5.9133969e-02  -1.1996428e-02   1.4859970e-02  -6.0328296e-03
  -1.0043764e+00   5.3522521e-01  -6.5997935e-02  -1.1957765e-02   1.5127092e-02  -5.6114432e-03
  -1.0157507e+00   6.2712875e-01  -1.0724089e-01  -1.2933379e-02   1.5737682e-02  -5.2305483e-03
  -1.0206953e+00   3.3681175e-01   2.4447708e-01  -1.2622714e-02   1.6640244e-02  -4.9199202e-03
  -1.0228889e+00   9.1514905e-02   3.5562575e-01  -1.1208405e-02   1.6123790e-02  -5.5422411e-03
  -1.0346788e+00   6.4351734e-01   1.0912009e-01  -1.3247141e-02   1.6433103e-02  -4.9507069e-03
  -1.0405999e+00   3.4676730e-01   2.4529566e-01  -1.3231133e-02   1.5891761e-02  -5.5752044e-03
  -1.0494292e+00   5.6469708e-01   6.8649564e-02  -1.3391711e-02   1.5884322e-02  -5.2741068e-03
  -1.0539310e+00   5.4619072e-01   4.4980154e-02  -1.3499381e-02   1.6068257e-02  -5.2098373e-03
  -1.0500169e+00   6.0600782e-01   4.0546245e-02  -1.3703649e-02   1.6793125e-02  -4.7788338e-03
  -1.0468294e+00   5.7372130e-01   5.5486669e-02  -1.4138864e-02   1.7255188e-02  -4.7688448e-03
  -1.0293176e+00   4.9495070e-01   8.0387637e-02  -1.3542944e-02   1.7720837e-02  -4.3191877e-03
  -1.0200918e+00   6.1999481e-01   6.8086412e-02  -1.3382523e-02   1.7434673e-02  -4.4560263e-03
  -1.0259045e+00   5.2989102e-01   2.8516813e-01  -1.5038229e-02   1.7001907e-02  -4.6954614e-03
  -1.0395830e+00   2.3135955e-01   2.1022363e-01  -1.4334235e-02   1.6517042e-02  -5.4503594e-03
  -1.0497553e+00   7.2499758e-01   2.6622533e-02  -1.5557365e-02   1.7482247e-02  -4.7208232e-03
  -1.0476963e+00   6.6484516e-01   1.8818419e-01  -1.5157874e-02   1.8518770e-02  -4.2467680e-03
  -1.0604568e+00   4.7494832e-01   1.4034928e-01  -1.4410499e-02   1.8891668e-02  -3.9610552e-03
  -1.0582998e+00   7.2276595e-01   3.1251917e-02  -1.5460219e-02   1.9497855e-02  -3.5599025e-03
  -1.0472517e+00   5.9090080e-01   1.8039390e-01  -1.6116795e-02   1.8955407e-02  -3.3096988e-03
  -1.0448638e+00   3.8828769e-01   1.3613444e-01  -1.4710771e-02   1.7507085e-02  -4.1747742e-03
  -1.0499679e+00   6.9551495e-01   1.0245818e-01  -1.5924932e-02   1.7997503e-02  -3.9244900e-03
  -1.0448729e+00   6.1617501e-01   2.1034148e-01  -1.5842724e-02   1.8040029e-02  -3.9770907e-03
  -1.0446382e+00   4.3179438e-01   1.7937670e-01  -1.4667131e-02   1.7283147e-02  -4.4152918e-03
  -1.0606197e+00   5.8172819e-01   7.8286630e-02  -1.5968804e-02   1.7557178e-02  -4.1946809e-03
  -1.0491805e+00   6.2635337e-01   5.7347449e-02  -1.5954208e-02   1.7828144e-02  -4.4724023e-03
  -1.0520976e+00   5.7835693e-01   2.6233688e-01  -1.6586546e-02   1.8063464e-02  -4.5301161e-03
  -1.0609343e+00   4.9965388e-01   2.2105662e-01  -1.4808473e-02   1.7895931e-02  -4.6527608e-03
  -1.0929713e+00   6.8607311e-01   3.7905728e-01  -1.4748693e-02   1.8873549e-02  -4.8821430e-03
  -1.0951222e+00   6.1241637e-01   1.6474719e-01  -1.5398712e-02   1.8873621e-02  -4.9143783e-03
  -1.0798583e+00   6.1255601e-01   3.4380391e-01  -1.6891788e-02   1.9178769e-02  -4.5903363e-03
  -1.0850985e+00   3.6203594e-01   2.2906430e-01  -1.5820927e-02   1.8568277e-02  -5.2567631e-03
  -1.0852675e+00   8.0417684e-01   1.4317646e-01  -1.7119843e-02   1.9642806e-02  -4.5451609e-03
  -1.0771293e+00   6.0146638e-01   2.6642594e-01  -1.7946631e-02   1.9337466e-02  -4.5209878e-03
  -1.0965368e+00   4.3643316e-01   2.0806813e-01  -1.6544390e-02   1.8612122e-02  -5.1668427e-03
  -1.0915331e+00   7.3146674e-01   5.0658144e-02  -1.7423107e-02   1.8718204e-02  -4.8314911e-03
  -1.0920231e+00   5.9877958e-01   2.3906508e-01  -1.6861015e-02   1.9000355e-02  -5.0119717e-03
  -1.0883030e+00   4.5904076e-01   1.6122778e-01  -1.4873353e-02   1.8319613e-02  -5.1505717e-03
  -1.1028226e+00   8.4703027e-01   9.0575395e-02  -1.6585155e-02   1.8886750e-02  -4.9009060e-03
  -1.0945933e+00   6.2062232e-01   2.4583986e-01  -1.7748279e-02   1.8854129e-02  -4.5723597e-03
  -1.1008818e+00   4.2561825e-01   1.4265410e-01  -1.6544447e-02   1.8624241e-02  -4.7256520e-03
  -1.0961711e+00   7.5187663e-01   1.7137160e-01  -1.8038078e-02   1.9306886e-02  -4.4549506e-03
  -1.0951044e+00   3.9630081e-01   3.0635911e-01  -1.7315905e-02   1.8733178e-02  -5.1820080e-03
  -1.0988640e+00   6.4782322e-01   7.6589852e-02  -1.7594485e-02   1.8787881e-02  -5.0338459e-03
  -1.0955779e+00   4.6102907e-01   3.9531070e-01  -1.7438147e-02   1.8655586e-02  -5.1142480e-03
  -1.0935831e+00   4.7004997e-01  -1.9154337e-02  -1.7591124e-02   1.8308369e-02  -5.1673757e-03
