   0.0000000e+00   0.0000000e+00   0.0000000e+00   0.0000000e+00   0.0000000e+00   0.0000000e+00
  -1.0851821e-02  -2.0082006e-02   1.8681820e-03  -6.3099642e-04   5.3418034e-05  -8.6169134e-06
  -3.7749588e-03   1.3154927e-02  -2.0134037e-03  -7.8934604e-04  -2.3239513e-04   1.5960310e-04
  -9.6654350e-03  -1.4890675e-02  -5.4458134e-03  -3.5534564e-04  -1.0864240e-05   1.1537128e-04
  -2.9230294e-02  -3.2342080e-02  -1.2907641e-02  -6.9731322e-04   6.2802239e-05  -6.0048535e-06
  -4.3555579e-02   2.2134037e-02   2.0514237e-02  -5.8590227e-04   2.0355027e-04  -6.4435517e-05
  -2.8288391e-02  -3.3830867e-02  -1.2221082e-03  -7.4342791e-04  -5.0631349e-05   2.6678379e-05
  -2.9737409e-02  -2.2865343e-02  -1.0600414e-02   1.4807938e-04   4.8181362e-05  -7.8406817e-05
  -6.0773399e-02   5.2120057e-02  -6.6333820e-03  -1.2809972e-03   4.5243857e-04  -1.0020117e-04
  -6.2096747e-02  -2.7347033e-02   1.1869467e-02  -1.0854726e-03   5.4320440e-04  -2.7870404e-04
  -6.5431191e-02  -6.5934799e-02  -3.1219574e-02  -1.0599690e-03   7.0067270e-04  -2.2810324e-04
  -5.0882698e-02  -8.9356154e-02  -4.6077063e-02  -2.4214310e-05   7.6504673e-04  -2.9966823e-04
  -1.3902857e-02  -1.0901472e-01  -2.3141695e-01   5.3477788e-03  -6.9231698e-06   2.2789671e-04
  -3.5041920e-02  -1.1281273e-01  -1.1548456e-01   2.3349066e-03   2.3422962e-04  -3.9936130e-05
  -1.1258565e-02  -2.9436589e-02  -1.1246893e-01   1.3449925e-03  -7.6111371e-05  -3.2164095e-04
   1.4701653e-02  -2.8137198e-01  -2.5122186e-01   2.1911697e-03   4.1906229e-04  -6.2163270e-04
   1.8502570e-02  -2.4269490e-02  -1.4232389e-01   1.7220389e-03   4.2496090e-05  -7.3887181e-04
   2.3921700e-03  -1.6752632e-02  -7.6410310e-02   5.8321565e-04   4.2783908e-04  -8.5925662e-04
  -1.2068517e-03   1.8681338e-02  -6.1682167e-02   1.9700024e-04   7.1455491e-04  -7.3539032e-04
   1.1679418e-02  -4.1373297e-02  -8.2115355e-02   1.0731757e-03   4.7380035e-04  -7.5177031e-04
  -3.9462713e-02  -4.3917331e-02  -4.2486394e-02   5.3219205e-04   5.0022558e-04  -2.1038488e-04
  -4.9066940e-03  -3.7919627e-02  -3.0523792e-02   3.6679982e-04   2.4361966e-04  -4.1904716e-04
   4.0530403e-03  -1.7423555e-02  -4.0523440e-02   5.6053533e-04   1.1681220e-04  -3.4219563e-04
  -8.8873211e-03  -1.1440623e-03  -4.8135509e-02   5.2930296e-04   4.9021935e-04  -3.6867827e-04
  -1.4923914e-02  -4.1351707e-02  -5.8894657e-02  -1.6501575e-04   8.1177953e-04  -6.9592396e-04
  -4.2319670e-04  -5.3707417e-03  -9.3416920e-03  -1.9369034e-04   4.3261465e-04  -6.9189813e-04
  -2.4922360e-02  -8.1096908e-03  -6.0500225e-02   2.0080191e-05   8.6777180e-04  -8.3100688e-04
  -3.3983117e-02  -3.5092302e-02  -2.4902079e-02  -6.2324470e-04   1.0111422e-03  -7.3896853e-04
  -2.0022079e-02  -8.2789024e-03   2.1444652e-02  -6.0123440e-04   8.2037640e-04  -9.6812414e-04
  -2.8000537e-02  -5.4819554e-02  -2.5923940e-02  -4.1750699e-05   8.8479083e-04  -8.5293244e-04
  -6.7738253e-02   5.3943853e-02   4.3965436e-02  -1.2078791e-03   1.3304192e-03  -7.4011687e-04
  -8.5138331e-02  -1.4265180e-02   2.2393801e-03  -3.2775342e-04   5.9509938e-04   2.6570137e-05
  -1.0432758e-01  -1.9075547e-03  -1.5467447e-02  -6.1191013e-04   7.7732359e-04  -1.2971070e-04
  -9.7353578e-02   6.7641816e-03   6.1888617e-02  -1.0274180e-03   7.3786296e-04  -3.7849088e-04
  -8.1451663e-02  -3.2373698e-02  -2.9792855e-02   4.5746442e-05   5.4755481e-04  -2.1589126e-04
  -8.6222646e-02  -1.0739844e-02  -3.4339892e-03  -9.4287469e-04   9.3077041e-04  -1.7848241e-04
  -8.4434673e-02   3.9684697e-02   2.5651874e-02  -6.8368011e-04   4.0859832e-04   9.1606290e-06
  -8.8124609e-02   3.5508375e-02   1.0836892e-02  -7.3293742e-04   2.2114412e-04   1.9311223e-04
  -7.6577096e-02  -6.7901556e-02  -8.2094237e-03  -1.4329416e-04   2.6561129e-04   1.4865000e-04
  -9.3153821e-02   4.5909514e-03   1.4233597e-02  -1.0763390e-03   4.7307759e-04   2.6775895e-04
  -7.3534415e-02  -2.0282821e-02   3.1852721e-02  -9.0451428e-04   9.6196968e-05   1.0469460e-04
  -7.0781620e-02  -5.9320610e-02  -3.3226142e-02  -5.4952834e-04   1.0124157e-04   5.7811229e-05
  -4.1837495e-02  -2.0110681e-02  -8.8221687e-05  -1.0423012e-03   4.4009071e-04  -3.5908200e-04
  -5.6917633e-02  -5.9740813e-02   3.5591484e-02  -1.0180198e-03   1.2911213e-04  -2.1489825e-04
  -5.5216672e-02  -1.5217637e-02   1.4170323e-02  -2.0034561e-04   5.2265610e-05   1.9809138e-05
  -6.1900592e-02   2.2685122e-02   8.0433822e-02  -5.9094160e-04  -2.3461096e-04  -5.7543893e-06
  -4.5562368e-02   3.5587356e-02   3.8601781e-02  -8.9429997e-04  -2.8718232e-04  -4.9238844e-05
  -3.2126619e-02  -1.4912281e-02  -1.5969255e-03  -1.4628899e-04  -4.2064185e-04   2.8146210e-05
  -5.1419488e-02   1.9420273e-02  -5.7760471e-03  -8.7112675e-04  -4.8520280e-05  -1.1902386e-04
  -4.3177675e-02   8.5612078e-02   4.1004639e-02  -1.1843025e-04  -4.8102404e-04   3.8527618e-04
  -2.3817487e-02  -8.3184074e-02  -2.8317343e-02   7.2553428e-04  -4.7701181e-04  -6.5237257e-05
  -4.0169410e-02   7.3837565e-02  -1.1233070e-02   2.5016462e-04   1.8193019e-05   8.9904345e-05
  -3.3439737e-02   4.1347703e-02   1.3161567e-02  -3.7281783e-04  -1.0556956e-04   4.0453024e-05
  -2.9380612e-02   5.5541668e-02   4.5140149e-03   3.9350996e-04  -3.5892242e-04   3.9860230e-04
  -1.0431824e-02   2.4550822e-02  -2.9904651e-02   3.9269746e-04  -4.5256785e-04   7.3698892e-04
  -3.3305000e-02  -3.9050445e-02  -1.0183596e-02  -2.6437463e-05  -1.9068581e-04   7.4370592e-04
  -4.1707095e-02   7.4066971e-02  -8.1338399e-03  -7.4727981e-04  -2.3041554e-04   5.9319596e-04
  -3.8829758e-03  -4.5523091e-02  -3.4232558e-02   6.0874285e-04  -1.8122182e-04   2.4452375e-04
  -4.9677846e-03   7.7709507e-02   2.4198255e-02  -3.4630208e-04  -1.6107887e-04   3.8779392e-04
  -1.9967198e-02   1.5743520e-03   2.6842707e-02   1.8010547e-04  -5.0470110e-04   7.2123397e-04
  -3.1124748e-02   6.8568083e-03   1.3363769e-02   6.1400808e-04  -2.9858198e-04   8.8966492e-04
  -2.6848597e-02   1.1906171e-02   5.7481173e-02  -4.6948338e-04  -5.2309337e-04   1.1464729e-03
  -2.3170824e-02   1.6476130e-02   4.2963456e-02  -1.3747788e-04  -4.8591094e-04   7.3298119e-04
  -2.6006018e-02   3.5507868e-02  -2.0595898e-02  -3.4336147e-04  -5.3224168e-04   2.5758008e-04
  -1.2397387e-02   2.4931000e-03   2.1704162e-02  -1.3351169e-03  -4.1560483e-04   1.8129557e-04
  -6.5361899e-03  -1.2730963e-01  -8.0065481e-02   1.4788737e-03   7.8948664e-06   8.2555365e-04
   4.3875163e-02   1.7942098e-01  -1.8177011e-01  -1.6464765e-03   5.4177122e-04   1.4709073e-03
   3.5037260e-02   1.3623867e-01  -7.3251428e-02  -4.0549613e-03  -3.9351436e-05   7.1865634e-04
   4.4428863e-02   4.8394867e-02  -1.0851543e-01  -2.5732223e-03  -1.0689887e-04   7.3492941e-04
   2.4197211e-02   8.3804241e-02  -8.7026023e-02  -2.2423687e-03   1.0146945e-05   7.5518133e-04
   3.0256529e-02   9.0388339e-02  -3.2548816e-02  -2.6455837e-03  -1.7628050e-04   6.1135135e-04
   3.9619397e-02  -2.4036640e-04  -5.2448879e-02  -1.6057483e-03  -3.9085653e-04   6.0254731e-04
   1.5549893e-02   5.6659822e-02  -9.4851782e-02  -2.5380439e-03   8.3646620e-05   6.3702996e-04
   3.7272296e-03   4.4202029e-02  -4.6071104e-02  -3.1220919e-03   3.2546302e-04   8.2562094e-04
   2.6608838e-02   6.4257129e-02  -9.8308361e-02  -1.7918588e-03  -1.0319234e-04   5.5203246e-04
  -2.2294327e-02   7.3580633e-02  -4.4150870e-02  -2.0177492e-03  -1.2508432e-04   8.2640730e-04
  -8.7755934e-03   2.3274909e-02  -1.5070105e-02  -2.3197759e-03  -1.9903337e-05   4.4538206e-04
   1.4982002e-02  -7.3538356e-03  -2.6355038e-02  -1.6328482e-03  -3.6330055e-04   6.5402986e-04
  -2.0993863e-03   5.2607054e-02  -4.0129645e-02  -1.7920596e-03  -2.0365870e-04   8.4580331e-04
  -4.7752154e-03   9.8730256e-02  -2.2581780e-03  -2.3555307e-03  -5.8089109e-05   8.3927643e-04
   1.7812025e-02   2.9016919e-02  -2.0042835e-02  -9.7237992e-04  -3.7577904e-04   1.1338690e-03
  -3.2897176e-03   1.5587829e-01   6.2235671e-03  -1.5540891e-03  -2.0397290e-04   1.0439801e-03
   1.3287982e-02   8.7238489e-02   3.8167295e-02  -1.8218708e-03  -3.8444604e-04   1.0056108e-03
   9.4231385e-03   2.3387477e-02  -5.3598688e-03  -7.9045505e-04  -4.1680608e-04   1.0553421e-03
  -6.0093591e-03   3.3035729e-02   1.3813540e-02  -1.5288655e-03  -1.5192429e-04   1.0116824e-03
   6.4464040e-03  -2.1770654e-02   5.4441767e-02  -1.7117881e-03  -4.9907741e-04   1.1234298e-03
   1.2153109e-03  -2.3761175e-02  -1.8379972e-03  -1.0025977e-03  -4.7338497e-04   1.3485523e-03
  -1.6991375e-02  -8.8408682e-03   4.5533517e-02  -1.3592665e-03  -3.3430492e-04   1.0078785e-03
  -2.4771366e-02   6.1691594e-02   4.5631654e-02  -1.9514066e-03  -4.3394275e-04   9.6987927e-04
  -7.5185402e-03   1.1515667e-03   2.2547064e-02  -9.2745353e-04  -6.3336591e-04   1.1253660e-03
  -2.3809347e-02   5.0850102e-02   4.2378763e-02  -1.4622969e-03  -3.9223652e-04   1.0763698e-03
  -1.5210699e-02   2.4919872e-02   9.0753279e-02  -1.4246438e-03  -4.0264386e-04   8.0476110e-04
  -2.3757261e-02   2.5881524e-03   4.7180042e-02  -1.3602734e-03  -4.3994361e-04   8.7056887e-04
  -5.7874612e-02  -2.4447919e-02   1.4932213e-02  -1.2894847e-03  -1.5208063e-04   5.5381648e-04
  -4.1290057e-02   1.4430263e-01   5.6061391e-02  -1.7510869e-03  -1.5765257e-04   8.0795406e-04
  -3.7952664e-02   7.1155612e-02   6.5252044e-02  -2.2816361e-03  -6.7742090e-05   8.7872371e-04
  -3.5548255e-02   3.9403203e-02   8.2388271e-02  -1.5844885e-03  -1.9821214e-04   1.1544168e-03
  -4.8966482e-02  -8.3393280e-04   7.1626102e-02  -8.1613579e-04   5.5549026e-05   9.9370906e-04
  -5.5495846e-02   6.8902963e-02   7.3586370e-02  -1.8882093e-03   2.8323127e-04   9.2610497e-04
  -3.4794341e-02   1.1973036e-02   1.1111141e-01  -1.3648249e-03  -2.9424461e-04   1.2043569e-03
  -4.2224300e-02   5.1664824e-02   9.5372462e-02  -9.5521987e-04  -6.6060600e-05   1.0669272e-03
  -5.3802983e-02   7.8198507e-02   9.1990758e-02  -1.4272114e-03   1.7235813e-04   6.9198471e-04
  -6.2855670e-02   1.7530828e-02   6.6431739e-02  -1.8311662e-03   1.1141913e-04   6.6208786e-04
  -6.8885208e-02   7.4553563e-02   7.3871322e-02  -1.4314868e-03   1.2541262e-04   6.8722886e-04
  -7.4277336e-02   4.7731162e-02   3.7213362e-02  -1.2506098e-03   2.6421213e-04   4.8290145e-04
  -8.6291483e-02   9.2804773e-02   7.8944942e-02  -1.7202427e-03   3.3315362e-04   6.3313201e-04
  -7.3664334e-02   2.6321987e-02   8.8283059e-02  -1.8262079e-03   1.1824260e-04   3.0942058e-04
  -8.3080426e-02   1.4778303e-02   7.3953409e-02  -1.1541192e-03   2.9000272e-04   3.6042708e-04
  -1.1418979e-01   3.1350742e-02   8.0695447e-02  -1.5883985e-03   1.0706300e-03  -1.2942137e-04
  -1.0751847e-01   6.8788765e-02   1.0920116e-01  -1.8870496e-03   1.1770837e-03  -6.0501684e-06
  -7.2520204e-02  -1.8305380e-03   1.2699565e-01  -1.2848265e-03   6.8795232e-04   3.1501298e-04
  -7.1882317e-02   5.4265559e-02   8.3553908e-02  -9.7719876e-04   7.2527940e-04   5.3252039e-04
  -7.2595014e-02   6.0912837e-02   9.4727201e-02  -1.5411663e-03   5.2720482e-04   7.3791595e-04
  -7.4450144e-02   7.1511906e-02   1.2130734e-01  -2.4549761e-03   9.7229813e-04   4.5748085e-04
  -3.6121416e-02   2.8518052e-02   8.7001779e-02  -9.0789871e-04  -1.6262417e-04   1.7955663e-03
  -6.2711935e-02   5.9305497e-02   1.0207285e-01  -1.7109538e-03   3.3313601e-04   9.6561255e-04
  -7.4720352e-02   8.2282146e-02   1.2653629e-01  -1.9868863e-03   3.8572333e-04   7.6373251e-04
  -7.0944944e-02   6.1865453e-02   1.0040699e-01  -8.4871045e-04   3.1704405e-04   8.5189508e-04
  -6.4106977e-02   5.7307725e-02   7.6866755e-02  -1.5062811e-03   4.6660710e-04   5.0684677e-04
  -5.3078218e-02  -6.7890575e-02  -7.6585278e-03  -8.1744918e-04   6.9316411e-04   3.4145602e-05
   2.4291306e-02  -3.5989127e-02  -1.0617412e-01   5.7007941e-05  -1.8696764e-04   1.1568357e-03
  -1.7335859e-02   1.0148156e-01  -6.6419314e-02  -2.6224302e-03   3.3939517e-04   6.1778061e-04
  -2.3097237e-02   9.0618927e-02  -7.1864533e-02  -2.1699604e-03   2.6271094e-04   3.9757832e-04
  -3.1425955e-02   7.9524672e-02  -5.4343921e-02  -1.8051340e-03   1.0683322e-04   9.0064775e-04
  -3.2488609e-02   1.1864017e-01   4.3905485e-02  -2.1134725e-03  -3.1997417e-05   7.4891001e-04
  -2.6804352e-02  -2.4198258e-03   1.3103334e-02  -5.5620916e-04  -4.5400995e-04   1.1044103e-03
  -4.5952154e-02   6.0607724e-02   3.8422277e-02  -1.8378221e-03   7.6962899e-05   6.4870721e-04
  -3.0381800e-02   6.3943986e-02   9.0727502e-02  -1.6894833e-03   1.9288926e-05   8.4338423e-04
  -4.2305245e-02   3.8373213e-02   2.7487776e-02  -1.3599567e-03  -5.4467135e-05   8.2973001e-04
  -4.8350783e-02   3.3333658e-02   1.1802650e-02  -1.6811597e-03   5.2074121e-08   9.6955803e-04
  -4.6292017e-02   5.5152853e-02   3.8868444e-02  -1.6142445e-03  -4.5242745e-06   8.4308664e-04
  -3.9712714e-02   2.3138098e-02   3.2524570e-02  -6.4855913e-04  -4.2284389e-04   1.3927218e-03
  -4.4456096e-02   8.0640411e-02   3.4363374e-02  -1.6637210e-03  -3.5419729e-05   1.0331892e-03
  -3.9890198e-02   8.4821600e-02   7.1104865e-02  -1.2758067e-03  -4.0826986e-04   1.2628475e-03
  -4.9300717e-02   4.4668517e-02   5.7114853e-02  -4.6088964e-04  -2.3232030e-04   1.2095258e-03
  -8.1718381e-02   1.6822718e-01   6.4166624e-02  -1.6681290e-03   3.1832926e-04   9.0104054e-04
  -5.3349182e-02   1.1546992e-01   1.1197392e-01  -1.5244378e-03   9.1835094e-06   7.6784821e-04
  -4.5676239e-02   8.5719969e-02   6.7698352e-02  -8.5225537e-04   1.9195510e-05   8.6100897e-04
  -6.2672927e-02   8.9547395e-02   9.8924509e-02  -1.3121869e-03   2.5940522e-04   4.0060520e-04
  -3.6809011e-02   9.0821862e-02   1.4190120e-01  -1.4667098e-03  -2.1737042e-04   9.9408138e-04
  -2.5268269e-02   7.8540328e-02   8.5767203e-02  -6.4863070e-04  -2.3979530e-04   8.8119428e-04
  -5.0569808e-02   1.1749022e-01   1.1838546e-01  -2.0747296e-03   3.0301090e-04   6.2042776e-04
  -3.5504393e-02   4.5687437e-02   1.1089980e-01  -1.6680301e-03  -4.2478801e-05   9.2347097e-04
  -4.4873920e-02   2.1183077e-02   4.0572339e-02  -6.6252977e-04  -3.2941820e-05   7.1426984e-04
  -5.0852449e-02   1.8003471e-01   1.1217444e-01  -1.6623124e-03   1.4716338e-04   5.0005530e-04
  -3.8910973e-02   5.3978450e-02   5.2983058e-02  -1.2682270e-03  -1.3968079e-04   4.9807804e-04
  -3.3543587e-02   9.7674998e-02   4.9677541e-02  -5.6132619e-04  -3.1381019e-04   7.1533448e-04
  -6.0449625e-02   6.9327380e-02   1.0027449e-01  -1.1311323e-03   2.2883855e-05   8.5520926e-04
  -5.1802289e-02   8.8278959e-02   1.0695894e-01  -1.1974789e-03  -2.2809090e-04   1.0036116e-03
  -7.3252440e-02   8.8458476e-02   9.2664365e-02  -2.3306956e-04   1.5948765e-04   7.3603703e-04
  -7.0004795e-02   9.0694662e-02   9.6788664e-02  -1.1485924e-03   2.2580833e-04   8.9117761e-04
  -7.3895374e-02   6.0197375e-02   1.3220088e-01  -1.2964225e-03   1.6819690e-04   7.8848986e-04
  -8.9908889e-02   4.8167373e-02   5.0853870e-02  -7.4182872e-04   2.5608736e-04   8.3661693e-04
  -6.4504491e-02   1.0413973e-01   1.3770542e-01  -1.0644686e-03   1.9500126e-04   6.7107314e-04
  -4.6552470e-02   3.0297684e-02   1.1908682e-01  -8.2975684e-04   8.3760442e-05   6.3639340e-04
  -7.2800363e-02   3.6278416e-02   6.7782733e-02  -3.4036812e-04   1.7257818e-04   7.6815756e-04
  -7.6859931e-02   4.4450037e-02   9.0855417e-02  -1.3021028e-03   3.8573386e-04   3.8670995e-04
  -7.1116075e-02   1.2242845e-02   1.5939193e-01  -1.2035826e-03   3.3594662e-04   3.6389300e-04
  -7.2356741e-02   3.2685161e-02   7.4028453e-02  -7.4352696e-04   2.1660006e-04   3.2526097e-04
  -5.5938079e-02  -3.3227004e-03   1.5382617e-01  -1.5119013e-03   3.2121175e-04   3.6566395e-05
  -5.3285969e-02   1.7285491e-02   6.8819931e-02  -1.2244067e-03  -8.1345942e-05   5.9357343e-04
  -7.1239108e-02   2.0603715e-02   7.2870608e-02  -1.0351822e-03   3.7849671e-04   6.6891778e-04
  -6.5027354e-02   9.0811128e-02   1.2127772e-01  -1.1315409e-03   2.0088626e-04   7.6293789e-04
  -6.0402470e-02  -2.8997813e-02   8.3600198e-02  -8.2014151e-04   2.5618547e-05   9.2484989e-04
  -7.2013336e-02   1.9991060e-03   9.3161612e-02  -3.9675133e-05  -3.2407360e-05   8.5540226e-04
  -7.7533581e-02   6.7138204e-02   1.2879680e-01  -1.5466390e-03   2.2115522e-04   9.1968770e-04
  -5.4179823e-02   1.0905861e-02   9.9889918e-02  -5.8523564e-04  -3.2218878e-05   9.3525559e-04
  -4.6281886e-02   4.3756204e-02   7.4442386e-02  -8.0553976e-04  -1.4754901e-04   9.3276182e-04
  -3.2309237e-02   1.6418551e-02   1.3906650e-01  -1.4423680e-03  -4.3114900e-04   1.0233470e-03
  -3.3293246e-02   5.5177557e-03   1.1895035e-01  -8.6243628e-04  -5.0003550e-04   9.2934148e-04
  -5.0194737e-02  -5.1905233e-02   7.9035993e-02  -4.2436192e-04   7.6577130e-05   7.1729160e-04
  -5.0535030e-02   5.6663527e-02   1.3309729e-01  -1.0994222e-03   1.4189450e-04   7.5757880e-04
  -4.4758875e-02   5.7611172e-03   1.4535090e-01  -6.0820632e-04  -1.5414888e-04   9.8588215e-04
  -3.6529109e-02  -2.6041644e-03   1.4020301e-01   1.8272971e-05  -1.9017119e-04   9.6569753e-04
  -4.5810728e-02  -5.8473680e-03   1.1753417e-01  -9.9462078e-04  -3.0592225e-04   6.5574048e-04
  -3.8713772e-02   8.9738485e-02   9.1321574e-02  -1.8227205e-03  -3.1129063e-04   8.3538810e-04
  -5.2630404e-03  -1.7387213e-01   1.5417779e-01   2.2334496e-04  -9.2027892e-04   4.8920993e-05
   2.9002592e-02  -2.1160251e-01   1.4333607e-01   2.7671033e-04  -1.4717055e-03  -1.1439026e-03
   1.6401592e-02  -1.2282072e-01   6.9928846e-02   2.0968442e-04  -1.6363771e-03  -8.3480860e-04
   2.6148492e-02   2.3393235e-01  -5.9954596e-02  -3.9575764e-04  -1.7328223e-03  -2.2461031e-04
   6.6760274e-03   2.7279833e-01   4.4006017e-02  -1.2170649e-03  -1.5119612e-03   7.1056366e-04
   1.4620179e-02   1.2769017e-01   1.5583966e-02  -1.8190505e-03  -1.5810661e-03   8.5781971e-04
   5.3426810e-02  -2.3421978e-02  -1.9284780e-01   1.4935073e-03  -1.3307330e-03   1.5271675e-03
   5.3201481e-02   7.3134298e-02  -1.1893843e-01   1.3072615e-03  -4.6452413e-04   1.6439748e-03
   7.7497741e-02   1.1067006e-01  -9.3425286e-02  -1.8508537e-03  -1.5774389e-03   1.1638697e-03
   6.1863948e-02   4.9543717e-02  -6.8023809e-02  -1.2710049e-03  -1.1272797e-03   1.1096362e-03
   6.2124581e-02   1.4009697e-01  -4.5523761e-02  -2.3858892e-03  -1.1727050e-03   1.1219303e-03
   6.8911676e-02   4.7847600e-02  -9.5033321e-02  -1.0934325e-04  -1.3555398e-03   1.4000558e-03
   6.2378808e-02   1.2635846e-01  -5.4195086e-02  -1.0951274e-03  -1.1997541e-03   1.5727471e-03
   8.2906100e-02   1.3995563e-01  -3.9266153e-02  -2.2980620e-04  -1.7457818e-03   1.9985261e-03
   7.8384836e-02   4.1901875e-02  -4.9865011e-02  -3.1196268e-04  -1.5034015e-03   1.6312204e-03
   6.3282272e-02   8.8095456e-02  -1.1859278e-02  -1.1747647e-03  -1.4170030e-03   1.5345660e-03
   5.6693258e-02   2.9142131e-02  -3.8845218e-03  -7.4889967e-05  -1.3923554e-03   1.6011224e-03
   1.4878584e-02   5.4629269e-02   3.2723126e-02  -1.3390998e-03  -6.5868239e-04   1.1804384e-03
   3.9685107e-02   7.7263059e-02   8.8947726e-02  -7.1967397e-04  -9.8092632e-04   1.2960995e-03
   4.2160568e-02   1.1191145e-02   4.2338903e-02   6.3024584e-05  -1.0542248e-03   1.0938710e-03
   4.2204074e-02   3.0836941e-02   6.0667214e-02  -1.3771464e-03  -5.4033661e-04   6.9445787e-04
   4.3316542e-02   9.7788311e-02   1.0978463e-01  -1.2447499e-03  -7.6245587e-04   5.8994008e-04
   2.3009176e-02   2.6922080e-02   3.7969545e-02  -6.8321043e-04  -1.0370587e-03   9.5351425e-04
   2.3252560e-02   1.3622115e-01   1.0308327e-01  -1.5388080e-03  -8.8712500e-04   7.8884021e-04
   2.3141833e-02   1.0166227e-01   8.0830996e-02  -1.2448608e-03  -1.0427141e-03   8.4134803e-04
   8.0860296e-03   6.8631556e-02   8.9565923e-02  -7.4423469e-04  -7.8188220e-04   8.5455700e-04
   3.9046109e-02   1.4245470e-01   1.4233042e-01  -1.7606846e-03  -6.2820133e-04   4.7397709e-04
   8.8411514e-03   7.2094111e-02   1.6032905e-01  -6.7909916e-04  -5.8068852e-04   6.5889586e-04
  -1.1497942e-02   6.9722477e-02   1.1682169e-01  -6.4786209e-04  -1.8735628e-04   2.4318280e-04
   1.1780432e-02   8.1738148e-02   1.5030888e-01  -1.6963392e-03  -7.1526708e-04   8.4063222e-04
   1.7869311e-02   9.6180386e-02   1.1253919e-01  -1.1116522e-03  -8.6683390e-04   1.0149860e-03
   1.1673977e-02   8.0188690e-02   1.1786434e-01  -6.3079136e-04  -8.6010219e-04   8.1086819e-04
   8.4834147e-03   8.6466982e-02   1.3908844e-01  -1.8697434e-03  -4.2284381e-04   2.1523401e-04
  -1.7018259e-02   1.1538397e-01   1.4966399e-01  -1.0052628e-03  -3.7855947e-04   6.5673444e-04
  -1.0909217e-02   6.5028834e-02   1.1285448e-01  -6.9539895e-04  -3.6453312e-05   3.7426559e-04
   6.7792724e-03   1.0961239e-01   1.4329698e-01  -1.7952766e-03  -4.3177254e-04   5.4590776e-04
   6.9708689e-03   9.1750908e-02   1.6715030e-01  -1.0173036e-03  -7.2074553e-04   5.3172693e-04
  -2.2299032e-02   1.1435778e-01   1.3863536e-01  -6.2737617e-04  -3.7035705e-04   3.6655691e-04
  -2.3420437e-02   1.2508949e-01   1.6336303e-01  -1.7596351e-03  -1.0951083e-04   3.0699108e-04
  -1.7204723e-02   9.4953887e-02   1.4720208e-01  -9.0967859e-04  -5.2145916e-05   2.4145672e-04
  -2.7000477e-02   1.3711213e-01   1.1525357e-01  -7.5399082e-04   1.1072671e-04   8.6239104e-05
  -6.5666062e-03   9.5471456e-02   1.5561666e-01  -1.7519256e-03  -1.8499798e-05   2.2049474e-04
   1.3127083e-02   2.8869048e-02   1.7590928e-01  -1.3951097e-03  -2.4771236e-04   4.2358381e-04
   7.7145961e-03   9.6579080e-02   1.6430030e-01  -8.8869180e-04  -2.8451771e-04   4.0009310e-04
  -2.3946076e-03   9.4879979e-02   1.4497353e-01  -1.5955061e-03  -3.4991938e-05   2.4105141e-04
   2.0632983e-02   1.1325157e-01   1.6827013e-01  -1.3780428e-03  -4.2653940e-04   3.3329261e-04
   3.5850332e-02  -2.9080973e-02   4.4455125e-04  -8.5315536e-04  -5.9269701e-04   3.6202876e-04
   1.9871220e-02   2.3980086e-01   1.1204508e-01  -1.8583858e-03  -4.2637294e-04   3.0430389e-05
   1.3886225e-02   5.5047934e-02   1.0331417e-01  -3.5674248e-04  -3.0397179e-04   1.4866678e-04
   1.1422760e-02   8.7823484e-02   1.2113026e-01  -1.2228992e-03  -1.3995868e-04   3.1439645e-05
   2.0167911e-02   7.6294659e-02   1.4646479e-01  -1.6542172e-03  -3.7714654e-04   3.0030561e-04
   2.1158113e-02   5.1547462e-03   1.3485626e-01  -1.2093987e-03  -4.2201040e-04   3.7248000e-04
   1.8098716e-02   8.7433399e-02   1.3182118e-01  -1.0382697e-03  -4.4037498e-04   2.7597356e-04
   1.2838868e-02   1.1965795e-01   1.5492177e-01  -1.3469663e-03  -4.6818603e-04   2.2617825e-04
   6.4335779e-03   1.0575903e-01   1.5558545e-01  -2.0097109e-03  -3.3204800e-04  -2.8724884e-05
   3.3686144e-03   1.0367212e-01   1.1163571e-01  -1.2775737e-03  -3.0866052e-04   7.2603306e-04
   2.0880297e-02   6.3329450e-02   1.0290611e-01  -1.1544663e-03  -4.8701190e-04   4.2132782e-04
   2.3062201e-02   1.1274849e-01   1.2905746e-01  -1.3021777e-03  -3.9557432e-04   4.0961522e-04
   3.2792753e-02   1.0252703e-01   8.5630469e-02  -1.6444385e-03  -4.9159161e-04   5.5673263e-04
   2.3188056e-02   4.4105610e-02   5.9163705e-02  -4.2290823e-04  -3.7633624e-04   5.2512092e-04
   2.3574747e-02   1.7689156e-01   1.3969242e-01  -1.8006135e-03  -4.6092743e-04   5.5294046e-04
   3.3784837e-02   4.4348300e-02   9.0007825e-02  -1.6919494e-03  -7.0229975e-04   1.0257575e-03
   4.7883926e-02   2.4435931e-02   5.4725637e-02  -1.1784754e-03  -1.0263194e-03   1.0911025e-03
   4.6128860e-02   1.3489299e-01  -1.3466400e-02  -1.0954060e-03  -8.9472053e-04   9.7073800e-04
   3.2130722e-02   1.2774889e-01   9.8103428e-03  -2.2179521e-03  -4.5844231e-04   1.0386804e-03
   4.1103314e-02  -4.3549219e-02  -5.4863539e-02   4.0539526e-04  -3.4015081e-04   1.3557278e-03
   4.9736207e-02  -2.0182099e-01  -2.1543787e-01   5.8253289e-03  -4.8284139e-05   1.7584008e-03
   6.0081210e-03   1.4567111e-01  -8.1286627e-02  -1.0900003e-03   7.2582605e-04   1.0166338e-03
   4.2033939e-02  -5.1812837e-02  -2.0062115e-01   2.9879319e-03   1.6013474e-03   1.8269111e-03
   9.3147247e-03   1.6820516e-01  -8.2409386e-02  -1.7265819e-03   9.4604372e-04   1.1218558e-03
  -1.6060094e-02   1.2410304e-01  -8.4216624e-02  -1.4698150e-03   1.0301202e-03   1.2760661e-03
  -6.5225788e-03   6.5158864e-02  -2.4764023e-02  -2.0307762e-03   1.0858989e-03   1.6910331e-03
  -1.0724640e-02   8.8806810e-02   1.1487921e-02  -1.7740053e-03   7.0880795e-04   1.7356725e-03
   3.9593805e-04   9.0980281e-02  -1.3222473e-02  -1.2630010e-03   7.2006416e-04   1.5447233e-03
  -1.3961120e-02   1.4180591e-01   1.4510521e-02  -1.8449728e-03   8.7888980e-04   1.3996567e-03
  -1.4109650e-02   1.2779873e-01   3.5418131e-02  -2.9092529e-03   1.0589995e-03   1.6901212e-03
  -3.8789220e-03   1.0238113e-01   2.6551863e-02  -2.1461102e-03   7.5055193e-04   1.7525748e-03
   4.4584726e-03   1.4007316e-01  -3.5211777e-02  -2.2603277e-03   5.2799609e-04   1.4569249e-03
   1.0914387e-02   8.1699116e-02   2.6370188e-02  -3.2091281e-03   6.7980970e-04   1.4484911e-03
  -1.7693066e-02   8.3146944e-02   5.0036767e-02  -3.1033728e-03   8.6527968e-04   1.4349766e-03
  -2.6517056e-02   1.0003657e-01  -1.4870541e-02  -1.5921151e-03   1.1343734e-03   1.3075861e-03
  -1.7318269e-02   1.3303770e-01   4.2403817e-02  -3.1711183e-03   1.3443220e-03   1.3322594e-03
   1.4215713e-03   1.1195811e-01   3.9629922e-03  -2.3949226e-03   1.0495610e-03   1.1652104e-03
   2.3026539e-02   4.8190847e-02  -5.5230773e-02  -2.2723031e-03   9.0205022e-04   1.2956297e-03
   3.6028265e-02   1.6431877e-01  -6.9312078e-02  -2.2390307e-03   2.0462977e-04   1.0949111e-03
   6.9326235e-03   1.1423960e-01  -4.6061228e-03  -2.0585608e-03   8.1802792e-04   9.6737500e-04
  -3.9890929e-03   1.2287762e-01   4.5819647e-02  -2.7689206e-03   8.7027857e-04   1.2818760e-03
  -1.1957153e-02   1.0774767e-01   2.3677596e-02  -1.8633747e-03   9.0018117e-04   1.1384326e-03
  -4.1846633e-02   1.2163703e-01   1.4915620e-03  -1.9936337e-03   1.0316117e-03   1.0981951e-03
  -2.7751172e-02   1.1258414e-01   4.2894258e-02  -2.2365923e-03   1.0232177e-03   9.9794838e-04
  -4.4088737e-02   5.5574499e-02   4.6141867e-02  -2.3353967e-03   1.0206422e-03   1.0944549e-03
  -7.2719895e-02   4.8328596e-02   1.9017833e-02  -1.7806204e-03   1.3655721e-03   9.5065492e-04
  -5.0084671e-02   9.1672072e-02   5.5064511e-02  -2.3054188e-03   1.5032466e-03   6.6308936e-04
  -6.0545362e-02   1.0475845e-01   8.4806459e-02  -2.6921030e-03   1.4757340e-03   8.7368455e-04
  -4.4538846e-02   6.4258026e-02   6.2549437e-02  -2.1792192e-03   1.2276263e-03   5.5073691e-04
  -7.7763901e-02   4.4136611e-02   5.0630371e-02  -1.7936126e-03   1.6479268e-03   4.9502227e-04
  -6.3883576e-02   1.2422859e-01   1.2803363e-01  -3.0880648e-03   1.8896425e-03   3.5029862e-04
  -7.4587792e-02   1.0533599e-01   7.1751718e-02  -1.9407689e-03   1.7650962e-03   4.7602501e-04
  -8.9361559e-02   9.9846582e-02   4.3986148e-02  -2.2507479e-03   1.4907379e-03   2.8575158e-04
  -7.8334433e-02   1.9893219e-01   1.2141213e-01  -2.6388363e-03   1.2138187e-03   8.9514771e-04
  -9.3635541e-02   7.5261752e-02   2.5451789e-02  -1.4814314e-03   1.5286062e-03   7.9790507e-04
  -7.8636848e-02   1.5768521e-01   8.4006558e-02  -2.0310394e-03   1.4978327e-03   8.4277350e-04
  -5.6176948e-02   2.1020537e-01   1.0078120e-01  -2.3036160e-03   1.1442827e-03   1.0394738e-03
  -5.6702394e-02   1.3700370e-01   4.0763866e-02  -1.4694895e-03   8.6972056e-04   1.3495818e-03
  -6.1376506e-02   1.0560868e-01   7.2340893e-03  -2.5324286e-03   1.1026784e-03   1.0932873e-03
  -5.1649246e-02   1.3735254e-01  -6.3066591e-02  -1.4831473e-03   6.4255676e-04   8.2297028e-04
  -6.2020539e-02   1.0395417e-01   4.6791474e-02  -1.8382937e-03   1.1012568e-03   6.8340816e-04
  -5.9885800e-02   7.7484190e-02   4.3704140e-02  -1.0281237e-03   1.0979090e-03   6.1692480e-04
  -7.4249788e-02   1.0603243e-01   4.2264456e-02  -1.1946401e-03   1.5157996e-03   1.6611320e-04
  -6.2673981e-02   2.0166782e-01   1.3408361e-01  -2.1261507e-03   1.4663237e-03   5.7024391e-04
  -4.2017514e-02   8.1418053e-02   7.2117258e-02  -1.7087916e-03   9.5835733e-04   1.2407193e-03
  -6.5958387e-02   1.4389479e-01   3.9568749e-02  -1.1842731e-03   1.1592368e-03   1.2214531e-03
  -4.2671399e-02   6.5618227e-02  -4.3260167e-02  -2.0129090e-04   1.1146836e-03   1.2181815e-03
  -1.6379065e-02  -9.9827664e-02  -1.6376693e-01   2.4654623e-03   1.0999237e-03   2.6559452e-03
  -2.3244760e-02   9.6975926e-02  -8.6058719e-02  -2.6663886e-03   1.1311477e-03   1.3358908e-03
  -4.5376319e-02   3.5920073e-02  -1.2985401e-01  -1.3297371e-03   1.4653422e-03   8.9493526e-04
  -4.8646141e-02   5.8780235e-02  -1.2046896e-01  -1.5017550e-03   1.6006253e-03   1.0781284e-03
  -4.0606881e-02   1.1273220e-01  -6.2396705e-02  -5.8459546e-04   1.3329445e-03   1.1533090e-03
  -4.9713075e-02   4.0795681e-02  -1.2521098e-01  -2.6441648e-04   1.4392433e-03   1.1028686e-03
  -4.8700130e-02   1.0335416e-01  -5.5363147e-02  -1.6339940e-03   1.4064859e-03   1.2890869e-03
  -3.7012695e-02   8.8280281e-02  -1.1469859e-01  -1.0836921e-03   6.3683062e-04   2.0689677e-03
  -6.5597596e-02   9.7967030e-02  -1.1317433e-01  -2.3261497e-03   1.2517371e-03   1.7628037e-03
  -6.6921132e-02   1.7047661e-01  -4.2406672e-02  -2.0265941e-03   1.2818872e-03   1.7490293e-03
  -6.2844900e-02   8.4039656e-02  -7.8461413e-02  -1.7038551e-03   1.1141224e-03   1.7129222e-03
  -6.7425238e-02   1.0021380e-01  -6.2414348e-02  -1.1491417e-03   1.2781897e-03   1.5417340e-03
  -4.1238171e-02   1.5920404e-01  -1.7960169e-02  -1.8775769e-03   1.4316532e-03   1.4857799e-03
  -2.9296211e-02   2.9750613e-02  -4.6403099e-02  -1.1407661e-03   1.2878460e-03   1.4180784e-03
  -5.5393021e-02   7.9406671e-02  -3.0203983e-02  -1.4302919e-03   1.6550348e-03   9.7041109e-04
  -6.5091376e-02   8.2061573e-02   2.1265992e-02  -1.7574617e-03   1.7093999e-03   1.0354702e-03
  -8.0011883e-02  -2.5698732e-02   2.1564425e-03  -7.1372337e-04   1.8993835e-03   6.2410773e-04
  -1.1232261e-01   1.1041951e-01   5.6759243e-02  -1.6603790e-03   2.2688561e-03   6.7007702e-04
  -1.1095942e-01   2.1064311e-02   7.7320078e-02  -1.6261947e-03   2.3760631e-03   6.1051349e-04
  -1.1983871e-01  -2.6104399e-02  -2.0519952e-02  -4.2529799e-04   2.1881634e-03   4.2917256e-04
  -1.3883759e-01   5.7168672e-02   4.9465496e-02  -1.7895331e-03   2.2278881e-03   3.0530692e-04
  -1.3505854e-01   6.1973463e-02   6.9375091e-02  -1.7028089e-03   2.2523380e-03   2.9841154e-05
  -1.5316970e-01   9.4064304e-02   7.6945060e-02  -1.1897888e-03   2.6229488e-03  -1.3777610e-04
  -1.5427847e-01   9.2335388e-02   5.8156454e-02  -1.2319276e-03   2.5611389e-03  -1.9091648e-04
  -1.5035459e-01   3.7435948e-02   1.2633506e-01  -1.8523379e-03   2.3271799e-03  -4.7636225e-05
  -1.2491244e-01   6.0299486e-02   9.8182905e-02  -1.0684723e-03   2.1194967e-03   2.6708335e-04
  -1.1121550e-01   2.3551343e-02   4.5337625e-02  -3.6410219e-04   2.0101817e-03   1.6458282e-04
  -1.3674051e-01   6.7142382e-02   1.2034420e-01  -1.1188093e-03   2.6009045e-03  -8.4557831e-05
  -1.1814097e-01   9.0230986e-02   1.1625359e-01  -1.3787727e-03   2.3300293e-03   1.2437709e-04
  -1.3583696e-01   1.0014658e-02   8.6941463e-02  -4.4694554e-04   2.7043720e-03  -9.6235274e-05
  -1.4038587e-01   9.4635207e-02   8.3513412e-02  -1.1213185e-03   2.7960021e-03  -7.7941017e-05
  -1.3005072e-01   9.4622700e-02   1.1494937e-01  -1.5808243e-03   2.9020367e-03  -8.3455454e-06
  -1.4046270e-01   4.5812041e-02   6.2703825e-02  -1.0568175e-03   3.1171270e-03   1.2592674e-04
  -1.2558483e-01   1.3999276e-01   8.1110783e-02  -1.5181133e-03   2.9530817e-03   5.9017660e-04
  -1.3938188e-01   9.8923215e-02   6.1912268e-02  -2.0459755e-03   3.0771910e-03   2.0094876e-04
  -1.4191878e-01   6.4103702e-02   9.8214001e-02  -1.4006787e-03   3.2949990e-03  -8.4982628e-05
  -1.4900778e-01   9.2155372e-02   8.0836817e-02  -1.0189310e-03   3.2037649e-03  -6.1607497e-05
  -1.5890035e-01   1.5246477e-01   8.6806636e-02  -1.8284141e-03   3.3942590e-03  -7.7429508e-05
  -1.4081135e-01   8.9609034e-02   7.2127733e-02  -2.2458352e-03   3.1199890e-03   3.5814387e-05
  -1.5903010e-01   1.7765974e-02   7.9780201e-02  -1.2641859e-03   3.2946693e-03  -5.9293071e-05
  -1.6762529e-01   1.0775799e-01   5.0196369e-02  -1.1959529e-03   3.1315155e-03  -1.1655820e-04
  -1.7187053e-01   1.6799224e-01   7.5569511e-02  -1.5623451e-03   2.8934121e-03   1.1093385e-04
  -1.2929602e-01   1.4882312e-01   4.5330597e-02  -1.6617205e-03   2.1483161e-03   4.4746799e-04
  -1.4782705e-01   1.0417146e-01  -2.7478699e-02  -1.8252478e-03   2.7026560e-03   3.5460952e-04
  -1.3848953e-01   8.4663012e-02  -3.2020532e-02  -2.1764826e-03   2.7648438e-03   3.3764856e-04
  -1.4078371e-01   1.6481736e-01  -5.3671980e-03  -2.2544223e-03   2.7345506e-03   1.8592954e-04
  -1.5484243e-01   7.6788414e-02  -2.0995637e-02  -2.2346817e-03   2.9326124e-03   1.7145157e-04
  -1.5199734e-01   7.9814537e-02   8.4680386e-03  -2.0515068e-03   2.7470102e-03   1.5578483e-04
  -1.7550027e-01   1.5041641e-01   5.1424643e-02  -1.2856864e-03   3.0109250e-03   2.5767598e-04
  -1.9080303e-01   1.2841268e-01   4.0324170e-02  -1.5113142e-03   3.3603858e-03   2.4999702e-04
  -1.8261435e-01   6.0917005e-02   1.6256046e-02  -1.9407486e-03   3.0382688e-03   3.1461542e-04
  -1.7756319e-01   2.0083780e-02   4.5279422e-02  -1.7544543e-03   3.1834772e-03  -1.4485694e-04
