   0.0000000e+00   0.0000000e+00   0.0000000e+00   0.0000000e+00   0.0000000e+00   0.0000000e+00
  -2.8131598e-03  -8.5311325e-03   1.2783576e-02  -3.7810607e-04   1.3028164e-05  -2.6380505e-05
  -3.6849636e-03  -3.8428360e-02  -1.1709863e-02  -1.4022699e-04   1.2313397e-04  -6.1833389e-05
  -1.5969918e-02  -1.3723758e-02  -2.9765133e-02  -3.6369056e-04   3.8399429e-04   3.4093583e-05
  -7.4519831e-04  -4.6695861e-02  -2.1587596e-02  -4.5744037e-05   1.4571198e-04   6.2152136e-05
   9.5374402e-03  -7.0082544e-02  -3.1123545e-02   5.6890420e-04  -7.6341236e-06   8.5331596e-05
  -7.8158048e-03  -2.2372837e-02  -3.0499494e-02  -6.9643843e-05   1.4088677e-04  -1.7222416e-04
  -9.3053921e-03   5.5837731e-03  -5.0317881e-02   3.0618951e-04   7.2189106e-05  -2.3786713e-04
  -4.1403560e-03  -2.6736588e-02  -5.2632256e-02   8.6768646e-04   7.7904420e-06  -2.3085877e-04
  -1.3726630e-04  -6.2354344e-02  -4.1102931e-02   6.6285380e-04   1.5518500e-04  -4.8377264e-05
  -2.0834600e-03  -2.9215905e-02  -1.4363367e-02  -4.1848825e-04   3.3309457e-04   8.5231816e-05
  -5.3873601e-03   3.4105008e-02  -3.6576023e-02  -5.1283867e-05   1.7444934e-04  -4.4286061e-05
  -1.1885275e-02   4.2351750e-02  -2.9065568e-02  -4.4048628e-04   1.4394832e-04   3.4668328e-05
  -1.4547414e-02   3.2549464e-02  -4.1769454e-02  -5.0449390e-04   2.8457988e-04   8.8409571e-05
   2.1204209e-02  -1.4237413e-02  -4.6495081e-02   3.8003399e-04  -9.3604642e-05   1.0107830e-04
  -4.6092815e-03  -1.7396779e-02  -5.1214458e-02  -8.9720494e-05   2.5730765e-04  -1.6581451e-06
   2.0611567e-03  -6.6228110e-03  -4.5106341e-02  -3.2626312e-04   2.2493373e-05   2.1171379e-04
  -3.8410212e-03  -3.4143659e-03  -2.2435234e-02  -4.0187307e-04   1.7938762e-04   4.8388188e-05
   3.3776449e-03  -6.8705455e-02  -6.6286998e-02  -2.6005766e-04   2.4878963e-04   5.0924904e-05
   3.3813534e-04   2.3796254e-02  -5.7715880e-02  -1.5935433e-04   2.0075798e-04   1.3499989e-05
   8.4885945e-03  -7.3268875e-02  -9.4702763e-02   6.3814720e-04  -1.2529483e-04  -6.0397713e-06
  -1.3515783e-03   4.4743836e-02  -5.0818838e-02   2.4209848e-04  -1.0080206e-04   3.1631863e-05
  -9.5112848e-03  -1.6922473e-02  -7.6101037e-02   1.0694567e-04  -3.5725821e-05  -6.2333145e-05
   1.1693267e-02   8.9727262e-02  -6.7048786e-02  -1.9240194e-04  -4.8626602e-05   3.3296645e-04
   9.3614641e-03   3.4722365e-02  -7.6363966e-02   6.8246868e-04  -8.1283549e-06   1.9931881e-04
  -2.1582550e-03   4.7432507e-02  -6.0222152e-02   4.2661897e-05  -1.9723938e-05   8.5206479e-05
  -7.2738278e-03   5.1777234e-02  -7.3442630e-02   2.0911034e-04   1.0040959e-04  -1.1906130e-05
  -1.2560418e-02   9.0614264e-02  -6.7128499e-02  -1.2455334e-03   4.3730999e-04   1.2674508e-04
   8.7889426e-03   6.2090469e-02  -6.1856732e-02  -9.3315979e-04  -1.2687114e-05   4.8340113e-05
   1.6784064e-02   4.3761662e-02  -5.0241234e-02  -4.6439062e-04  -1.6560145e-05   3.7470436e-05
   5.7899570e-03   2.4282733e-02  -6.2507053e-02  -6.7344172e-04   1.6647417e-04  -1.1573472e-05
   7.4017319e-03   3.3568227e-02  -6.1391753e-02  -3.1719327e-04  -2.1033618e-05   2.3206372e-07
   7.9716692e-03   7.1035527e-03  -5.1974520e-02  -4.5663759e-04   2.0687408e-04  -1.9061213e-05
   3.3788130e-03   4.9865246e-02  -6.4270319e-02  -6.7811283e-04   3.5834816e-04   1.8896615e-04
   1.2811833e-02   1.4126981e-02  -6.0146134e-02  -4.5354857e-04   5.3299457e-05   7.1137210e-05
  -3.6521065e-03   3.4450260e-02  -1.0091986e-01   1.4760596e-04   1.0745067e-05  -3.7638499e-04
  -5.1002114e-03  -1.6916853e-03  -8.2851249e-02  -5.3687479e-04   7.2978067e-05  -3.2410243e-04
  -4.0137522e-03   3.0900831e-02  -1.1835292e-01  -5.5428166e-06   1.3718582e-04  -2.3958212e-04
  -1.7792841e-03   1.9464609e-02  -5.3828319e-02  -3.4970521e-04   3.0844911e-04  -1.8033560e-04
  -8.3614032e-03  -1.4700491e-02  -1.2887677e-01  -1.8716050e-04   2.1168448e-04  -3.9156725e-04
   3.1355335e-03   3.5188057e-02  -1.4485524e-01   7.6621404e-05   1.2167989e-04  -2.4351434e-04
   2.0331112e-02  -7.7233635e-03  -9.5020785e-02  -3.6898293e-04   4.2663986e-05  -1.1789873e-04
   8.8237037e-03  -8.3543016e-03  -7.7321130e-02  -3.0580272e-04   1.1759024e-04   4.7517583e-05
  -8.4626866e-03   6.4941149e-03  -1.0990383e-01  -3.8326187e-04   2.7030503e-04   7.3845998e-05
  -9.0256849e-04   2.6725376e-02  -1.3539268e-01  -1.6775587e-04   1.3761653e-04  -3.9826236e-05
   1.8873225e-03   3.9632060e-02  -1.1935057e-01   1.6888214e-04   5.0427280e-05  -1.5747506e-05
   3.2349341e-03   5.2813940e-02  -1.0856583e-01  -4.4593839e-04   3.2250297e-05   4.6962257e-05
  -3.1869172e-04   1.0886616e-02  -1.0225998e-01  -5.0264386e-04   1.7546227e-04   8.4197757e-06
   1.0370131e-03  -4.1601923e-02  -1.0841553e-01  -3.2043594e-04   1.1665546e-04   6.3615293e-05
  -4.8260758e-04   1.8338778e-02  -1.0714606e-01  -2.8254324e-04   1.4679558e-04   1.5078180e-05
   1.5815541e-03   1.8123297e-01  -9.8064165e-03  -1.5790512e-03   1.1276826e-04   6.7497476e-04
  -1.4696400e-02   2.1562051e-01  -8.5402252e-02  -1.8581899e-03   2.5307328e-04   3.1670711e-05
   1.7512243e-03   3.7203920e-02  -5.2318928e-02  -1.2996694e-03   6.7692384e-05  -1.7020322e-04
  -1.3718765e-02   9.3275926e-02  -7.1118988e-02  -1.6769974e-03   3.6072829e-04   1.0025483e-04
  -4.0761118e-03   5.7607943e-02  -6.8739489e-02  -1.1853718e-03   1.2356636e-04  -6.0670507e-05
   2.1299860e-03   1.2085887e-01  -5.3384582e-02  -1.5517239e-03   7.0663271e-05  -5.8429288e-05
  -9.4495051e-04   1.4688070e-01  -3.9353660e-02  -1.5717009e-03   1.2200877e-04   1.0620155e-04
  -4.9823553e-03   1.3836046e-01  -6.9145743e-02  -1.4371589e-03   1.6902849e-04  -4.4011205e-05
   3.8563480e-03   1.2045811e-01  -6.2313283e-02  -1.7291676e-03   1.6502696e-04   7.2698490e-06
   2.8152455e-03   9.9209940e-02  -2.6825880e-02  -2.0872117e-03   1.3038264e-04   9.3238671e-05
  -2.9777773e-02   1.8989285e-01  -8.1248047e-02  -2.4892714e-03   3.8601569e-04  -1.9466494e-04
   1.4758911e-03   1.0524372e-01  -6.2303825e-02  -1.9445878e-03   1.5667672e-04   2.8971564e-04
  -3.4954604e-03   8.5865656e-02  -5.7448866e-02  -1.5122653e-03   2.1341945e-04   1.2923142e-04
  -4.4868234e-03   8.9039564e-02  -4.2672722e-02  -1.8766485e-03  -3.2463926e-05  -9.0699950e-05
  -3.9294921e-03   1.4280395e-01  -5.3567414e-02  -2.1639218e-03   1.4848225e-04   1.4878642e-04
   9.5124514e-03   1.9401697e-01  -4.2266803e-02  -2.1247958e-03   7.8521606e-05   1.0884324e-04
   5.3016033e-03   1.6163810e-01  -5.0475435e-02  -2.1465990e-03   1.4532236e-04   9.5484673e-05
   9.9178315e-03   1.2651386e-01  -5.7219616e-02  -2.0765889e-03   8.9736714e-05   3.4548436e-05
   1.5512343e-02   1.0772493e-01  -4.3228199e-02  -2.0087536e-03   1.5428365e-04   7.8709606e-05
   1.8922872e-02   8.6013922e-02  -4.3620607e-02  -1.9214023e-03   6.8298634e-05   7.0638000e-05
   1.7196190e-02   8.1902952e-02  -4.9829051e-02  -1.9307042e-03   1.6330102e-04   4.6636225e-04
   1.3492410e-02   9.2226337e-02  -2.9567386e-02  -2.1144316e-03   2.6446133e-04   2.9483594e-04
   1.1263065e-02   1.6334122e-01  -3.7674564e-02  -2.3760270e-03   1.8320807e-04   3.2851591e-04
   8.3636997e-03   1.7955211e-01  -5.1717255e-02  -2.3073130e-03   1.4426121e-04   3.0559052e-04
   2.7727968e-03   1.6733984e-01  -5.4378424e-02  -2.4222807e-03  -5.2069818e-05   8.9411674e-05
   7.5512181e-03   1.6822426e-01  -6.2824794e-02  -1.6523857e-03  -3.2802040e-04   4.6642464e-06
  -6.8263672e-03   2.3241470e-01  -5.4364308e-02  -2.0491301e-03  -3.3497859e-05  -1.7268815e-04
  -1.0588538e-02   1.4922036e-01  -4.6405762e-02  -2.1226428e-03   8.8624477e-05  -1.4491589e-04
  -2.5162312e-03   1.8048244e-01  -5.8568866e-02  -2.1157209e-03  -5.0656889e-06  -1.2128927e-04
  -7.8236566e-03   1.7304913e-01  -6.5629979e-02  -2.0338122e-03   1.3852943e-04  -2.0143183e-04
  -1.0242613e-02   1.4815062e-01  -9.0057647e-02  -2.1750180e-03   5.4832309e-05  -2.9425736e-04
  -3.9906684e-03   2.0542492e-01  -7.5189118e-02  -2.0442214e-03   8.7014952e-06  -1.3566444e-04
   1.7066548e-03   1.7832929e-01  -6.5914841e-02  -2.3729189e-03   1.1867888e-04   8.2995940e-05
   1.4126129e-02   1.4712980e-01  -6.7535305e-02  -2.4888183e-03  -3.6179340e-05   1.3503966e-05
   1.3227210e-02   1.4632714e-01  -6.7872497e-02  -2.7753606e-03  -9.1141478e-05  -6.5132584e-05
   4.8310619e-03   1.9388850e-01  -7.9970481e-02  -2.4714933e-03  -9.9690804e-05  -1.7791487e-06
  -2.3354662e-03   1.6706253e-01  -6.5414060e-02  -2.4849095e-03  -7.1924057e-05   4.4606342e-05
  -5.1214391e-04   9.6824863e-02  -8.4354359e-02  -2.0786613e-03  -5.8857372e-05   3.7168307e-06
  -1.8638296e-02   1.0844739e-01  -7.8301864e-02  -2.1491973e-03   2.2226399e-04  -5.3647524e-05
   4.3147605e-04   8.8597517e-02  -8.1041865e-02  -2.0425224e-03   5.9896651e-05   3.0492426e-05
   1.4789508e-02   1.2555065e-01  -7.3427578e-02  -2.5762787e-03  -5.2520322e-05   1.9493147e-04
   9.7490162e-03   1.1363630e-01  -5.9539598e-02  -3.0128632e-03   5.3868066e-06   1.2815955e-04
   2.3759736e-03   1.3190830e-01  -6.4616097e-02  -2.6343659e-03  -1.9274398e-05   8.4455729e-05
   1.1845892e-03   1.6899048e-01  -6.7687159e-02  -2.7406268e-03   1.4482678e-04   3.0161340e-06
   9.6023080e-03   1.1881064e-01  -6.9058452e-02  -2.3994812e-03   1.7733125e-04   1.9135794e-04
   8.4480058e-03   1.2750429e-01  -5.4473284e-02  -2.4333461e-03   1.1431946e-04   2.4409824e-04
   1.7635359e-02   9.0297820e-02  -6.3918203e-02  -2.3653856e-03  -1.9144512e-06   4.0820636e-04
   5.7253857e-03   1.8184215e-01  -5.1151252e-02  -2.8086176e-03   6.5373264e-05   1.5764125e-04
   1.0701998e-02   1.4861826e-01  -6.3961756e-02  -2.5189620e-03  -1.8367312e-04   3.2258174e-04
   6.8241021e-03   1.4292925e-01  -5.4891205e-02  -2.1858973e-03  -1.4303971e-04   1.5056582e-04
   9.2092718e-03   1.2363715e-01  -4.8479179e-02  -2.3766463e-03  -6.8769883e-05   1.0858371e-04
   4.1513408e-03   1.6299053e-01  -8.5170173e-02  -2.7867247e-03  -8.3753525e-05   2.2954929e-04
   3.2800821e-03   1.3710684e-01  -9.4118989e-02  -2.5132745e-03  -1.5762317e-05   2.2768923e-04
   6.1721551e-03   1.8628990e-01  -6.2643142e-02  -2.5988509e-03  -2.5012858e-05   1.9436135e-04
   8.1658083e-03   9.9638380e-02  -4.6788244e-02  -2.5732499e-03   8.4914053e-06   3.6631037e-04
   4.2335286e-03   1.4787834e-01  -6.9117452e-02  -2.5050353e-03  -5.5699330e-05   2.1658305e-04
  -2.8744859e-03   1.6116109e-01  -6.4362057e-02  -2.5461052e-03   1.0716069e-05   6.5424807e-06
  -6.5752631e-03   1.9528942e-01  -5.1345741e-02  -2.5068195e-03   2.1637313e-05   1.6121537e-04
  -6.4811452e-03   1.5089090e-01  -6.9253948e-02  -2.3620576e-03   2.1421017e-05   3.0110478e-04
   7.6188050e-03   1.8635272e-01  -6.7466438e-02  -2.5104300e-03   1.4643743e-05   2.3896833e-04
  -1.9864047e-03   1.3387254e-01  -6.8364381e-02  -2.7944130e-03   1.2545646e-04   2.4985428e-04
   3.7698129e-03   1.9450742e-01  -5.6900284e-02  -2.8669081e-03   6.5680956e-06   4.2658923e-04
   3.0104034e-03   1.4343610e-01  -7.8334984e-02  -3.0758453e-03   1.8715519e-04   2.2730744e-04
   9.2586854e-03   9.2310767e-02  -5.6173722e-02  -2.8168627e-03   1.6510170e-04   5.3089560e-04
   7.4876942e-03   1.7104626e-01  -5.3066570e-02  -2.9024937e-03   9.3041076e-05   4.5851314e-04
   1.1597054e-02   1.2339406e-01  -8.3207437e-02  -2.6721836e-03   1.7768793e-04   4.4877539e-04
   1.5415929e-02   1.1215934e-01  -9.7326919e-02  -2.8495869e-03   1.7936347e-04   5.7073766e-04
   1.2780489e-02   1.7357204e-01  -7.2644238e-02  -2.8343670e-03   2.5208369e-04   5.6698769e-04
   1.7014047e-02   1.4868882e-01  -7.4283724e-02  -2.4823339e-03   1.0126948e-04   3.7878406e-04
   4.2617961e-03   1.4432368e-01  -8.6300464e-02  -2.8279399e-03   3.2883930e-05   2.3838622e-04
   6.2842381e-03   2.0907848e-01  -1.0942843e-01  -2.8251145e-03  -7.4489546e-05   4.0710327e-04
   7.7259735e-03   1.4121519e-01  -9.5830866e-02  -2.5730877e-03   1.9146331e-04   4.9881039e-04
   1.1719807e-02   1.3971170e-01  -6.4681428e-02  -2.7187525e-03   8.9241653e-05   5.8818000e-04
   1.1231930e-02   1.3462200e-01  -9.0778126e-02  -2.4690387e-03  -4.1750124e-05   5.9791889e-04
   1.0035702e-02   1.5780425e-01  -9.6346696e-02  -2.6761671e-03  -6.6994768e-05   4.8536555e-04
  -1.6977158e-03   1.8841721e-01  -9.1700566e-02  -3.0074671e-03   5.8200910e-05   4.2426167e-04
  -1.9105585e-02   1.3141151e-01  -1.2658425e-01  -3.1990120e-03   2.7782137e-04   2.8157314e-04
   1.7792173e-02   2.2102870e-01  -1.0830532e-01  -3.0670231e-03  -1.2694540e-04   5.8401757e-04
   1.2485372e-02   1.8797259e-01  -1.0259476e-01  -3.3995335e-03  -8.0475939e-05   3.3740997e-04
   4.4248089e-03   1.2311523e-01  -1.2498230e-01  -2.8295640e-03  -5.9817250e-06   3.4051970e-04
  -9.0730291e-04   1.8704976e-01  -8.8952426e-02  -3.1098599e-03   7.6588823e-05   5.3302284e-04
  -4.7964187e-04   1.9723147e-01  -9.2014632e-02  -3.2824888e-03   1.2543298e-04   5.7969667e-04
   1.5727330e-02   1.2402100e-01  -9.4751131e-02  -2.4406701e-03  -9.0793720e-05   5.7256140e-04
   2.2948013e-03   1.7763825e-01  -9.1245683e-02  -3.2013793e-03   7.9867478e-05   3.4744360e-04
   1.1649946e-02   1.3036021e-01  -1.0770395e-01  -3.3231487e-03  -2.1426759e-04   4.8841510e-04
   3.5164089e-04   2.8378962e-01  -1.0532315e-01  -3.5784395e-03  -1.0109830e-04   3.8944396e-04
   2.3321710e-02   1.4534184e-01  -9.4445283e-02  -3.1219543e-03  -1.1022113e-04   6.6414803e-04
   2.0456781e-02   1.6610315e-01  -8.4462452e-02  -3.7250332e-03  -4.3868880e-05   4.7623151e-04
   1.3700746e-02   1.3687829e-01  -7.6808204e-02  -3.6689296e-03  -1.9424005e-05   4.3050080e-04
   1.0891153e-02   7.8990110e-02  -7.9871356e-02  -3.3437788e-03  -1.1262004e-05   4.1629218e-04
   1.2367970e-02   1.5787854e-01  -8.1108164e-02  -3.3748889e-03  -8.3467065e-05   3.5891150e-04
   1.0542056e-03   1.7563960e-01  -7.7119326e-02  -3.3443331e-03   1.0494028e-05   2.5872567e-04
   1.9056074e-03   1.2506553e-01  -8.7769761e-02  -2.7099359e-03  -4.4154370e-06   4.4274818e-04
  -6.7506391e-03   1.6053696e-01  -8.7741291e-02  -2.9661661e-03   8.2970363e-05   4.5170844e-04
  -1.2857669e-02   1.1959309e-01  -8.6242954e-02  -2.8897164e-03   1.4271257e-04   3.6866952e-04
  -1.7617837e-02   1.8785339e-01  -1.0390018e-01  -3.0667304e-03   3.5629600e-04   4.2782170e-04
  -2.7542667e-02   2.2716482e-01  -1.1516003e-01  -3.0549467e-03   5.5228552e-04   5.2250184e-04
  -2.5812648e-02   2.0993260e-01  -1.1620988e-01  -2.7481738e-03   4.9617151e-04   5.6097564e-04
  -1.4928077e-02   2.5316798e-01  -1.1105137e-01  -3.4983382e-03   3.5110744e-04   6.0115434e-04
  -2.1568946e-02   2.2579852e-01  -1.3023660e-01  -3.6742715e-03   3.3012524e-04   1.6321193e-04
  -1.4137411e-02   1.5633741e-01  -1.0116123e-01  -3.2868660e-03   3.3820495e-04   3.9624631e-04
  -6.1891267e-03   1.3544152e-01  -1.1416402e-01  -2.6198842e-03   2.7819384e-04   5.7518820e-04
  -2.1796732e-03   2.7436148e-01  -9.1007415e-02  -3.7769278e-03   2.2335879e-04   8.1295032e-04
   3.3367860e-03   2.2362650e-01  -9.3267847e-02  -4.3265004e-03   2.5261422e-04   8.9207722e-04
  -8.7447533e-03   2.1592599e-01  -3.8993202e-02  -4.1775118e-03   3.9968835e-04   7.6687479e-04
  -1.4585531e-02   2.2502720e-01  -5.7151090e-02  -4.1279336e-03   3.3407662e-04   4.9501423e-04
  -2.3669187e-02   2.1504941e-01  -9.7651134e-02  -4.0327448e-03   4.1172142e-04   5.0978120e-04
  -6.9765618e-04   1.1767371e-01  -1.2022429e-01  -3.2335804e-03   1.9618545e-04   5.2378200e-04
  -2.1156688e-03   2.3759347e-01  -9.5127390e-02  -3.4818494e-03   3.1457507e-04   5.4573623e-04
  -1.7361201e-02   2.4031019e-01  -1.0454036e-01  -3.4602790e-03   4.5861101e-04   5.2888869e-04
  -1.7849709e-02   2.5312115e-01  -9.9319408e-02  -3.7268338e-03   4.2202366e-04   6.4102478e-04
  -3.8808146e-03   2.0989226e-01  -8.3601826e-02  -3.2185951e-03   1.9409175e-04   6.5770237e-04
  -2.1329157e-02   2.2781088e-01  -7.1145962e-02  -4.7389714e-03   2.8612653e-04   3.1133459e-04
  -1.9486362e-02   2.3077035e-01  -7.8594796e-02  -4.9843561e-03   4.1598037e-04   6.2747138e-04
  -1.7187759e-02   1.9454278e-01  -5.7959872e-02  -4.5624152e-03   5.0688443e-04   6.3800642e-04
  -2.5674615e-02   1.3229630e-01  -8.3713141e-02  -3.5656911e-03   4.5839100e-04   6.0902812e-04
  -8.7820538e-03   1.8059427e-01  -9.8337503e-02  -3.9158906e-03   2.3056509e-04   6.5563534e-04
  -8.5227518e-03   2.1676475e-01  -1.1112562e-01  -3.8070246e-03   2.5739150e-04   5.2272078e-04
  -6.4268832e-03   1.9553241e-01  -1.2462864e-01  -3.2551355e-03   1.9597193e-04   5.6759943e-04
  -1.6286989e-02   2.7376088e-01  -7.2938170e-02  -4.7216319e-03   2.4417030e-04   6.7698782e-04
  -3.8665102e-03   2.7470640e-01  -8.2267595e-02  -5.3066393e-03   5.8542423e-07   4.3170553e-04
  -7.0127723e-03   2.7025513e-01  -1.0107935e-01  -5.4133291e-03  -1.3407351e-04   4.7201382e-04
   1.8284364e-02   2.0481146e-01  -1.0373649e-01  -4.9700579e-03  -4.7295352e-04   4.8876678e-04
   1.9287366e-02   2.2238383e-01  -1.0401733e-01  -3.9331826e-03  -6.0417128e-04   4.0406795e-04
   1.7286025e-02   2.7572551e-01  -8.9046003e-02  -4.8631143e-03  -5.1331685e-04   2.0236278e-04
   1.7012960e-02   2.3193574e-01  -9.3896571e-02  -5.6652112e-03  -4.8415214e-04   4.3830694e-04
   1.6921434e-02   2.8259718e-01  -8.5840211e-02  -5.2707258e-03  -4.4408729e-04   4.5224540e-04
   1.3770212e-02   2.2687265e-01  -6.9718671e-02  -5.0100445e-03  -2.0016858e-04   4.9840911e-04
   1.9011339e-02   3.0259470e-01  -5.1698300e-02  -5.3878686e-03  -2.8951266e-04   5.8256374e-04
   7.0855363e-03   2.9083531e-01  -8.9258355e-02  -5.9390414e-03  -3.4616452e-04   4.9221120e-04
   2.2666236e-02   2.2724404e-01  -1.2714259e-01  -5.0547305e-03  -5.4295190e-04   4.6763897e-04
   9.7308307e-03   2.8776328e-01  -1.0382975e-01  -5.3781249e-03  -2.2504674e-04   3.0745889e-04
   1.5823524e-02   2.7800221e-01  -9.5666685e-02  -5.2066583e-03  -2.8151249e-04   2.9047548e-04
   1.2672564e-02   2.9580308e-01  -8.3888814e-02  -5.5184312e-03  -2.9082362e-04   5.7588449e-04
   2.9114319e-02   2.4880058e-01  -9.7725772e-02  -5.0400746e-03  -5.4021551e-04   6.9197794e-04
   2.8032499e-02   2.7050626e-01  -8.5292802e-02  -5.4206482e-03  -4.9827404e-04   6.2491553e-04
   2.2153168e-02   2.8902131e-01  -8.1193709e-02  -5.6787620e-03  -3.5412399e-04   5.4710919e-04
   3.1460630e-02   2.3699400e-01  -9.7130562e-02  -4.8461509e-03  -4.4388520e-04   8.1328929e-04
   2.5791027e-02   2.5081993e-01  -9.5878565e-02  -5.2968089e-03  -2.1828125e-04   7.6902680e-04
   2.3210156e-02   2.4795232e-01  -1.0471630e-01  -4.6798446e-03  -5.8436862e-04   5.9177481e-04
   2.2176450e-02   2.7291555e-01  -9.9601539e-02  -4.6611314e-03  -8.9778180e-04   5.4693593e-04
   2.1016363e-02   3.1775426e-01  -7.1288076e-02  -5.0481067e-03  -6.2079068e-04   4.0455927e-04
   2.0773165e-02   2.8082167e-01  -1.0611342e-01  -5.4168565e-03  -4.5846501e-04   5.9150626e-04
   2.6789927e-02   2.8832964e-01  -1.1517250e-01  -4.8631271e-03  -5.6723845e-04   4.5755708e-04
   3.6379143e-02   2.7681330e-01  -9.6666973e-02  -4.7373273e-03  -7.6012992e-04   5.2946355e-04
   3.5672922e-02   2.4894308e-01  -9.1696387e-02  -5.1391528e-03  -7.3461402e-04   7.5025093e-04
   3.3724898e-02   2.7071294e-01  -1.1135138e-01  -5.1289286e-03  -6.9994949e-04   5.6232634e-04
   3.1485068e-02   2.8291530e-01  -9.0392339e-02  -5.3661388e-03  -7.3991131e-04   4.4919858e-04
   3.2533171e-02   2.8775031e-01  -7.4539811e-02  -5.5231757e-03  -6.9147135e-04   6.3621764e-04
   2.7557177e-02   2.4404926e-01  -7.8535960e-02  -5.4378372e-03  -5.5878756e-04   4.8070378e-04
   2.3909158e-02   2.4212077e-01  -9.2465124e-02  -5.5997261e-03  -5.7607239e-04   6.1395943e-04
   4.4325312e-02   2.5915565e-01  -1.1831655e-01  -5.4551528e-03  -8.4717115e-04   5.4082607e-04
   4.4463475e-02   2.3376920e-01  -1.4688552e-01  -4.8070918e-03  -8.5336794e-04   4.4326858e-04
   1.1207161e-02   4.0942711e-01  -9.4285216e-02  -5.9233594e-03  -5.3836494e-04   5.1279570e-04
   3.5420640e-02   2.6208245e-01  -1.4297857e-01  -5.7141037e-03  -9.0880909e-04   5.7877313e-04
   2.5347712e-02   3.8460329e-01  -1.5386534e-01  -5.8051750e-03  -5.6061665e-04   2.6581122e-04
   3.1186713e-02   2.9354384e-01  -1.1495924e-01  -5.3418128e-03  -6.8451075e-04   4.5903158e-04
   4.1077788e-02   2.3714661e-01  -6.7339785e-02  -5.2359948e-03  -8.7229312e-04   7.0887807e-04
   3.7079719e-02   2.0309971e-01  -8.9180241e-02  -5.7371157e-03  -7.5946115e-04   6.7088731e-04
   3.7136206e-02   2.2384906e-01  -1.1197358e-01  -5.4792890e-03  -7.6034861e-04   5.0386563e-04
   3.1570855e-02   3.0243251e-01  -1.1800579e-01  -5.9650836e-03  -7.6843047e-04   5.6193263e-04
   3.5295617e-02   2.5203047e-01  -1.3018402e-01  -5.8134553e-03  -8.2936028e-04   5.3688867e-04
   3.5061513e-02   2.3673834e-01  -1.2284175e-01  -5.0244534e-03  -9.1640215e-04   5.0443953e-04
   2.4505556e-02   3.1695749e-01  -1.0966773e-01  -5.6533461e-03  -8.4717754e-04   4.7795752e-04
   1.0490001e-02   3.2653427e-01  -1.1097186e-01  -6.1071719e-03  -6.6143872e-04   2.6504029e-04
   3.0526398e-02   2.5369946e-01  -1.1107176e-01  -6.2250028e-03  -9.0315700e-04   4.7516209e-04
   2.4428997e-02   3.7521520e-01  -1.1013521e-01  -6.4968489e-03  -7.2126030e-04   5.3728197e-04
   2.4969490e-02   3.0443326e-01  -1.2328073e-01  -5.8911008e-03  -8.3206286e-04   5.2847230e-04
   2.4328456e-02   2.6547737e-01  -1.3270039e-01  -5.9705623e-03  -8.7504365e-04   5.3744907e-04
   3.0802922e-02   2.7762898e-01  -1.6814771e-01  -5.7371102e-03  -8.8080799e-04   3.0868291e-04
   3.6423232e-02   3.1578967e-01  -1.2046771e-01  -6.4637090e-03  -8.4528531e-04   5.8860250e-04
   2.9585935e-02   3.1404132e-01  -1.0218536e-01  -6.6189114e-03  -1.0088233e-03   5.1671807e-04
   1.6463949e-02   2.7881683e-01  -1.0372428e-01  -6.5690860e-03  -8.5718196e-04   3.9212484e-04
   1.4946682e-02   2.2095427e-01  -1.1673596e-01  -6.6941267e-03  -5.6123197e-04   7.5607060e-04
   4.3898089e-02   2.3138635e-01  -1.1818112e-01  -5.7782361e-03  -8.3944819e-04   8.7062781e-04
   2.4563945e-02   2.9618371e-01  -1.3338840e-01  -6.3211667e-03  -6.2947394e-04   6.9525150e-04
   3.2579255e-02   3.0129738e-01  -1.6968363e-01  -6.1359407e-03  -6.9122928e-04   9.4814106e-04
   1.3296300e-02   3.3225918e-01  -1.4834020e-01  -6.1065982e-03  -4.6193789e-04   6.8082355e-04
   2.0753289e-02   3.0821282e-01  -1.6913528e-01  -6.3943189e-03  -5.2679979e-04   8.6317214e-04
   2.8975727e-02   2.9073476e-01  -1.7114083e-01  -6.4693495e-03  -5.9184604e-04   9.9817833e-04
   1.6935196e-02   2.6874926e-01  -1.6018779e-01  -6.4106373e-03  -6.3004574e-04   7.9711897e-04
   1.9118977e-02   3.6599046e-01  -1.5008695e-01  -6.6449978e-03  -7.5883710e-04   7.1852728e-04
   2.0014261e-02   2.8192274e-01  -1.6571971e-01  -6.5286341e-03  -6.1980267e-04   8.1051982e-04
   1.8922123e-02   2.7675631e-01  -1.5696109e-01  -6.0793833e-03  -5.9997677e-04   7.5925961e-04
   3.0806271e-02   2.5736243e-01  -1.3449740e-01  -5.9642112e-03  -8.7837648e-04   8.6477907e-04
   2.0786313e-02   3.5578286e-01  -9.8182549e-02  -6.7381637e-03  -6.1913204e-04   8.6372285e-04
   2.3273069e-02   3.3906951e-01  -1.3176030e-01  -7.1063138e-03  -6.0386987e-04   8.6720749e-04
   2.3538925e-02   3.8268216e-01  -1.3949616e-01  -6.8319422e-03  -6.7612142e-04   8.8658301e-04
   3.2232943e-02   3.2788641e-01  -1.4000366e-01  -5.9748113e-03  -8.2980474e-04   9.4001790e-04
   2.7319859e-02   3.4658356e-01  -1.2564500e-01  -6.3322090e-03  -6.9681994e-04   8.1732857e-04
   3.3495157e-02   3.3849798e-01  -1.0610423e-01  -6.5580425e-03  -9.0181633e-04   6.4336244e-04
   3.6531700e-02   3.2729962e-01  -1.2899128e-01  -6.9246345e-03  -9.4652227e-04   7.5920602e-04
   5.6319707e-02   3.5114189e-01  -1.3547695e-01  -6.4537499e-03  -1.1113032e-03   8.1095288e-04
   5.1027967e-02   4.0090996e-01  -1.1879708e-01  -7.1677019e-03  -9.2876203e-04   8.0930932e-04
   5.5371487e-02   3.8083302e-01  -1.3475618e-01  -7.1955517e-03  -1.1442466e-03   8.2161256e-04
   4.9613908e-02   3.8130481e-01  -1.3364226e-01  -7.3990782e-03  -1.4309788e-03   6.1883849e-04
   6.2492539e-02   2.8349847e-01  -1.2186649e-01  -7.3320607e-03  -1.6748375e-03   4.5639077e-04
   4.6547575e-02   4.1538424e-01  -1.1452023e-01  -7.7509989e-03  -1.2316392e-03   5.8638447e-04
   4.4271836e-02   3.6873988e-01  -1.0135143e-01  -7.5624671e-03  -1.1997578e-03   6.3244717e-04
   4.7837927e-02   3.5224774e-01  -1.1976521e-01  -7.2821661e-03  -1.1879336e-03   8.6777004e-04
   5.1532292e-02   3.4264349e-01  -9.8343182e-02  -8.0311484e-03  -1.2725354e-03   7.8355377e-04
   5.4248104e-02   3.1860485e-01  -1.7077338e-01  -7.5586741e-03  -1.4815755e-03   5.7210418e-04
   4.0489789e-02   4.4802069e-01  -1.6493897e-01  -7.6433008e-03  -1.2505812e-03   5.0480706e-04
   5.3064371e-02   3.1494051e-01  -1.2286535e-01  -7.3737469e-03  -1.3368409e-03   9.5020818e-04
   6.6891267e-02   3.4315271e-01  -9.9320989e-02  -7.3141618e-03  -1.4818755e-03   1.1380571e-03
   4.9978103e-02   3.6434387e-01  -1.3619923e-01  -7.4404837e-03  -1.1950891e-03   9.0851061e-04
   5.5482098e-02   3.8712974e-01  -1.5084575e-01  -7.3571145e-03  -1.3285426e-03   9.0689511e-04
   5.9945198e-02   4.3945062e-01  -1.1701590e-01  -7.3042168e-03  -1.4760659e-03   8.1218293e-04
   6.8748184e-02   3.4441960e-01  -1.6743052e-01  -6.7391104e-03  -1.6584951e-03   9.1233394e-04
   6.8864238e-02   4.0749151e-01  -1.4697727e-01  -7.1345044e-03  -1.7049191e-03   8.8661241e-04
   7.1270208e-02   4.0299405e-01  -1.3749239e-01  -7.2787407e-03  -1.8385260e-03   9.0634667e-04
   6.2073310e-02   4.1214200e-01  -1.5723434e-01  -7.9405684e-03  -1.6472495e-03   8.1303680e-04
   7.6860369e-02   3.1785371e-01  -1.8265749e-01  -6.8182107e-03  -1.7862049e-03   7.1502526e-04
   6.5287832e-02   3.8528506e-01  -2.0711593e-01  -7.1105688e-03  -1.4958068e-03   7.2150560e-04
   7.0472946e-02   3.5628433e-01  -1.6403836e-01  -6.6277894e-03  -1.4943766e-03   7.9563790e-04
   5.7544122e-02   3.5498306e-01  -1.7529054e-01  -7.0434176e-03  -1.3342028e-03   7.2482971e-04
   6.9430807e-02   3.1590513e-01  -1.6250331e-01  -6.7001747e-03  -1.5036480e-03   8.0819592e-04
   6.3743571e-02   3.5259523e-01  -1.4708467e-01  -6.8810481e-03  -1.5912851e-03   6.0334541e-04
   5.3816563e-02   3.7147550e-01  -1.7345531e-01  -6.9710922e-03  -1.4386167e-03   7.4327890e-04
   6.1006893e-02   3.3714601e-01  -1.9327617e-01  -6.3862052e-03  -1.4377625e-03   9.1201872e-04
   5.4684069e-02   3.6285859e-01  -1.4170297e-01  -7.0159283e-03  -1.2924895e-03   9.1778282e-04
   5.0043302e-02   3.6998138e-01  -1.5220105e-01  -7.1948790e-03  -1.2273327e-03   9.3342823e-04
   4.6370593e-02   4.2241203e-01  -1.5688898e-01  -7.3773057e-03  -1.2197045e-03   8.6435230e-04
   5.3699998e-02   3.6321741e-01  -1.6518111e-01  -6.6377967e-03  -1.3934502e-03   6.4522987e-04
   4.8963202e-02   3.9980423e-01  -1.5244410e-01  -7.1768358e-03  -1.3235951e-03   7.6298451e-04
   5.4320130e-02   4.5012551e-01  -1.7141735e-01  -7.6169951e-03  -1.3071593e-03   7.0379859e-04
   5.3375550e-02   4.1060532e-01  -1.7657752e-01  -7.5791582e-03  -1.1627267e-03   8.7113532e-04
   7.1258850e-02   2.8073579e-01  -1.6589202e-01  -7.1654618e-03  -1.2813060e-03   9.8290642e-04
   6.2757915e-02   3.6076978e-01  -1.5164285e-01  -7.6210415e-03  -1.1190155e-03   9.5355852e-04
   5.3879289e-02   3.5232431e-01  -1.5481617e-01  -7.5756757e-03  -1.1606459e-03   9.5325061e-04
   4.4439138e-02   3.5599038e-01  -1.6012227e-01  -7.5477840e-03  -1.0390537e-03   7.6366253e-04
   5.2052666e-02   2.8645451e-01  -1.6363211e-01  -7.5361500e-03  -9.9768069e-04   9.5757841e-04
   4.9279563e-02   4.0201320e-01  -1.6163126e-01  -7.7358918e-03  -1.0279431e-03   1.0779423e-03
   3.9397705e-02   3.9816738e-01  -1.5647614e-01  -7.6276088e-03  -9.1303321e-04   9.5891453e-04
   3.8049237e-02   3.3512134e-01  -1.5960778e-01  -6.8213375e-03  -7.6086734e-04   9.8074614e-04
   3.3413821e-02   3.4721809e-01  -1.6889881e-01  -6.9767314e-03  -6.9845713e-04   9.7567362e-04
   3.6076353e-02   4.0992756e-01  -1.6400766e-01  -7.7372217e-03  -6.5939357e-04   1.2289296e-03
   4.6659164e-02   4.3109591e-01  -1.6404018e-01  -7.5450856e-03  -8.3561390e-04   1.1339727e-03
   3.5250168e-02   3.4780054e-01  -2.1076990e-01  -7.4329426e-03  -8.0878903e-04   8.8574141e-04
   1.7628373e-02   3.5078394e-01  -1.7327036e-01  -7.1656199e-03  -6.2033997e-04   8.7363034e-04
   2.0022385e-02   2.8311021e-01  -1.5281958e-01  -6.8732094e-03  -6.0701555e-04   1.1536746e-03
   3.1269782e-02   3.0193801e-01  -1.5779123e-01  -7.4038238e-03  -4.9337418e-04   1.2622501e-03
   2.9735903e-02   3.6277259e-01  -1.6028104e-01  -7.7097839e-03  -4.1121777e-04   1.4143243e-03
   4.2879967e-02   3.5943562e-01  -1.8221533e-01  -7.1235775e-03  -7.4159457e-04   1.3299483e-03
   2.8658654e-02   3.7385374e-01  -1.6182728e-01  -7.5688974e-03  -6.0990906e-04   1.2518101e-03
   3.3092626e-02   3.1102993e-01  -1.6163614e-01  -7.3680810e-03  -6.9530080e-04   1.2773443e-03
   2.3707189e-02   4.0991935e-01  -1.4304444e-01  -7.6474813e-03  -6.0483184e-04   1.3711359e-03
   2.5538295e-02   3.9577897e-01  -1.5428715e-01  -7.7847341e-03  -5.7452455e-04   1.3709990e-03
   4.2374967e-02   3.3112438e-01  -1.7168912e-01  -6.5765773e-03  -7.9400205e-04   1.4377772e-03
   3.6352499e-02   3.6971490e-01  -1.5923905e-01  -7.0708651e-03  -6.6458801e-04   1.5048504e-03
   3.8694550e-02   4.0215855e-01  -1.7261256e-01  -7.4023688e-03  -7.0415807e-04   1.4162156e-03
   3.8557770e-02   4.1930359e-01  -1.7501997e-01  -7.9756772e-03  -7.5640171e-04   1.4610004e-03
   3.0479179e-02   4.8501518e-01  -1.6982740e-01  -8.5951790e-03  -7.1504313e-04   1.3486529e-03
   5.0074542e-02   3.7890690e-01  -1.9715204e-01  -7.7183422e-03  -1.0625174e-03   1.2886511e-03
   4.0932083e-02   4.5414715e-01  -1.6499463e-01  -7.9800280e-03  -9.2607669e-04   1.3220111e-03
   4.4333706e-02   3.5139846e-01  -1.5630746e-01  -7.3730936e-03  -9.7767092e-04   1.2993026e-03
   3.5238300e-02   3.8589653e-01  -1.5767001e-01  -7.8315779e-03  -8.9659539e-04   1.4175658e-03
   4.4152530e-02   3.8174283e-01  -1.4845473e-01  -7.8324534e-03  -1.0335551e-03   1.2912975e-03
   4.4101716e-02   3.2360203e-01  -1.9488138e-01  -7.8841431e-03  -8.9574230e-04   1.4669449e-03
   3.5687276e-02   3.2511528e-01  -1.8959764e-01  -7.8087007e-03  -9.3115765e-04   1.3303470e-03
   2.5055788e-02   3.9615453e-01  -1.8592310e-01  -7.8122817e-03  -5.7138003e-04   1.3601627e-03
   2.8935310e-02   3.1175391e-01  -2.0182032e-01  -7.3913657e-03  -6.6679619e-04   1.4360607e-03
   2.3255379e-02   3.3369468e-01  -2.0536613e-01  -7.8478246e-03  -5.9698543e-04   1.5964422e-03
   4.4024801e-02   3.7642476e-01  -2.0200941e-01  -7.9688268e-03  -8.8410454e-04   1.6380129e-03
   2.9316841e-02   3.5655432e-01  -1.7768756e-01  -8.1731473e-03  -6.2866789e-04   1.5311381e-03
   3.5943240e-02   3.3142132e-01  -1.8976227e-01  -7.8203223e-03  -7.5123526e-04   1.4536808e-03
   3.5145828e-02   3.6362019e-01  -2.0179140e-01  -8.1629504e-03  -8.5879681e-04   1.5528078e-03
   2.4852560e-02   4.1776500e-01  -2.0982141e-01  -8.2284326e-03  -7.6594190e-04   1.2599241e-03
   3.5971378e-02   3.7225651e-01  -1.9887298e-01  -7.4968784e-03  -8.5474101e-04   1.1871482e-03
   3.8226488e-02   3.5548259e-01  -1.9187228e-01  -7.6683140e-03  -7.2538873e-04   1.5251911e-03
   4.0232657e-02   3.8759805e-01  -1.9032148e-01  -7.8967821e-03  -8.7069959e-04   1.3708610e-03
   1.9410749e-02   3.8121489e-01  -1.6709960e-01  -7.8906401e-03  -5.9854667e-04   1.4860789e-03
   2.3662144e-02   4.2941906e-01  -1.9428332e-01  -7.9741888e-03  -5.9023938e-04   1.4652284e-03
   2.5546322e-02   3.8153519e-01  -2.0330343e-01  -8.1390547e-03  -6.2688596e-04   1.3233941e-03
   2.4820270e-02   3.8770419e-01  -2.1063246e-01  -7.8370995e-03  -5.9818565e-04   1.3918146e-03
   3.0283076e-02   2.5204450e-01  -1.9094312e-01  -6.9533325e-03  -7.4862418e-04   1.5663753e-03
   2.6428227e-02   3.7910987e-01  -1.5956565e-01  -8.8944709e-03  -6.8183275e-04   1.4492289e-03
   2.6608119e-02   4.5611900e-01  -2.0284254e-01  -8.7340759e-03  -7.5753701e-04   1.3100935e-03
   3.1205978e-02   3.7795720e-01  -2.3752670e-01  -7.4959069e-03  -8.4640329e-04   1.2981297e-03
   2.7205475e-02   4.0378893e-01  -1.9837446e-01  -8.1795084e-03  -7.7742185e-04   1.2623256e-03
   1.6622609e-02   3.6267743e-01  -2.1065189e-01  -7.7693075e-03  -6.7096815e-04   1.3920683e-03
   8.1758403e-03   2.6790645e-01  -1.9733801e-01  -7.4408865e-03  -4.5386004e-04   1.2475054e-03
   1.4965380e-02   2.9404997e-01  -1.7758383e-01  -7.7123136e-03  -4.4026236e-04   1.4538442e-03
   1.6176503e-02   2.5465417e-01  -2.0810787e-01  -7.3480157e-03  -4.7121669e-04   1.2982417e-03
   2.2277643e-02   2.8882928e-01  -2.0182099e-01  -7.2015281e-03  -5.0429067e-04   1.5554652e-03
   1.4716545e-02   3.5491340e-01  -2.3920664e-01  -7.4140113e-03  -4.2324364e-04   1.3657257e-03
   2.1100484e-02   3.1083402e-01  -2.3847579e-01  -7.8233844e-03  -5.2415011e-04   1.3791346e-03
   1.0137073e-02   3.4892873e-01  -2.5161428e-01  -8.0564827e-03  -3.1012989e-04   1.3587408e-03
   4.1113611e-03   3.7471087e-01  -2.0584179e-01  -7.7643937e-03  -1.2201202e-04   1.5712829e-03
   1.4282570e-02   2.3888922e-01  -2.1952822e-01  -7.6353983e-03  -2.5593390e-04   1.8164466e-03
   1.0842028e-02   3.7935441e-01  -2.3635817e-01  -8.1954625e-03  -3.5897073e-04   1.5007978e-03
