   0.0000000e+00   0.0000000e+00   0.0000000e+00   0.0000000e+00   0.0000000e+00   0.0000000e+00
   2.3168351e-03   9.9566211e-02  -2.0798442e-01  -8.3182077e-04   6.8910612e-05   3.3376626e-04
   9.3366870e-03   4.1668623e-02  -2.3069582e-01   1.4400316e-05  -4.6906872e-04  -2.9344686e-04
   4.2895686e-03   1.5223739e-02  -2.2722652e-02  -3.2984685e-04   3.1407397e-05   2.1531117e-04
   1.3022979e-02   1.1111162e-01  -2.8660017e-01  -2.4280401e-04  -7.9625446e-04   2.3254763e-04
   9.3619316e-03  -3.4085676e-02  -1.4261619e-01  -1.0460606e-04  -7.0017527e-04  -1.5303095e-04
   1.4118167e-02   6.0047879e-02  -8.7402493e-03  -3.4858902e-04  -3.0488579e-04   1.8897916e-04
   2.1674850e-02  -3.8273314e-03  -2.6632980e-01  -7.2768256e-04  -8.7487042e-04   2.4214397e-04
   2.0380094e-02   1.2758582e-02  -1.6615210e-01  -1.5166586e-04  -1.1468732e-03  -4.2767225e-04
   6.4790269e-03   8.4707916e-02  -5.4493461e-02  -1.2239410e-03   1.5494336e-04  -2.7258602e-04
  -5.9272392e-02  -1.9234455e-01  -4.9321159e-01   5.9862507e-03  -4.7696325e-04  -1.6673161e-03
  -3.3660314e-02  -3.8198972e-03  -1.8010761e-01   6.2537306e-04   9.6946143e-04  -1.4790282e-03
  -4.4369333e-02   4.5688337e-02  -1.9261870e-01   9.9646351e-04   6.9714415e-04  -1.7753081e-03
  -3.5688807e-02   7.9205183e-02  -3.9104048e-02   6.7012842e-04   5.1927131e-04  -1.8579010e-03
  -4.0963608e-02  -7.5655332e-02   4.8647360e-03   5.7971504e-04   1.3133098e-03  -1.6970982e-03
  -3.4012187e-02   1.3985452e-02  -1.5510816e-01  -5.7351049e-04   9.0349829e-04  -1.3693941e-03
  -3.9984204e-02   3.8159877e-02  -1.4611349e-01   1.0600538e-03   6.4157922e-04  -2.0475938e-03
  -5.3252243e-02   5.1511658e-02   1.2741431e-01  -5.8837813e-04   1.2626999e-03  -1.8987431e-03
  -4.5573285e-02  -3.5465216e-02  -8.4658768e-02  -5.5070579e-04   1.1076767e-03  -1.5404283e-03
  -4.9991586e-02   4.5618313e-02  -1.8559365e-01   8.5966153e-05   7.0509575e-04  -1.7329466e-03
  -5.2981979e-02   5.3347215e-02   2.5429850e-02  -5.4157142e-04   9.7435542e-04  -2.0524690e-03
  -6.0997231e-02   1.0383919e-01  -9.3273522e-02  -5.6185857e-04   1.4783747e-03  -1.6060867e-03
  -5.2112417e-02   4.7849164e-02  -6.0252401e-02  -5.3204262e-04   1.4047067e-03  -1.5232308e-03
  -4.3152751e-02   6.3170753e-02  -1.5125888e-01  -2.3924147e-04   1.0894495e-03  -1.5201477e-03
  -5.0886118e-02   1.1202874e-01  -1.6142484e-01   5.9913818e-05   9.6612516e-04  -1.9127135e-03
  -6.1414454e-02   6.1639626e-02   8.0348631e-03  -3.6572866e-04   1.1638129e-03  -2.0831217e-03
  -5.8882618e-02   6.8241394e-02  -1.3925589e-02  -7.0002820e-04   1.4104468e-03  -1.9866988e-03
  -6.4423880e-02   1.3390652e-02  -1.7541385e-01  -3.2925092e-04   1.2201593e-03  -1.8978080e-03
  -6.3019304e-02   3.9086966e-02  -1.4833800e-01   2.5980172e-04   9.3233897e-04  -2.1455171e-03
  -6.9481322e-02   5.8024479e-02  -1.1337779e-01   3.6105140e-06   1.0165209e-03  -2.2198412e-03
  -7.5668162e-02   9.6922959e-02  -1.4823549e-01   2.2535567e-05   9.3520195e-04  -2.3059087e-03
  -7.7948331e-02   5.1654346e-02  -4.8799685e-03  -1.0827653e-03   1.2630924e-03  -2.6498263e-03
  -8.2594626e-02  -2.5050450e-02   1.7745364e-02  -1.4656815e-03   1.6830873e-03  -2.3189834e-03
  -7.8059137e-02  -1.4924072e-02  -2.5756766e-02  -7.4221746e-04   1.7982967e-03  -2.1623785e-03
  -5.5014308e-02   1.4968456e-01  -9.2066920e-02  -1.5326313e-03   1.3888101e-03  -1.5373879e-03
  -5.4262838e-02   1.1855017e-01  -9.5014792e-02  -6.9124157e-04   1.0115216e-03  -2.0822951e-03
  -6.6313335e-02   8.4867812e-02   1.1353071e-01  -9.1174452e-04   1.3616187e-03  -2.2383937e-03
  -7.7654018e-02  -4.8777817e-03   3.5707264e-02  -1.2181387e-03   1.9153474e-03  -1.8449157e-03
  -6.8458368e-02   6.5472152e-02  -1.5567591e-02  -1.4665108e-03   2.0424998e-03  -1.5816256e-03
  -8.7950864e-02  -6.8247574e-02  -2.3664586e-01   5.1535233e-03   1.5507923e-03  -2.3231601e-03
  -7.8194346e-02   2.5157004e-02  -9.7679697e-02  -8.6535663e-04   1.6963767e-03  -2.4139545e-03
  -6.8412942e-02   9.6394768e-02   1.2388032e-01  -1.8821674e-03   2.0058593e-03  -1.8845751e-03
  -6.4922631e-02   8.4073141e-02  -1.1772152e-01  -2.6059429e-03   2.0877568e-03  -1.5948572e-03
  -6.9563897e-02   9.2003382e-02  -2.0878046e-01  -5.3441021e-04   1.5062996e-03  -2.2128122e-03
  -7.8819153e-02   1.0659345e-01   1.6906097e-01  -1.6764128e-03   2.2684920e-03  -2.4076354e-03
  -7.7293860e-02   1.2092189e-01  -1.2859419e-02  -2.6367077e-03   2.6659987e-03  -1.8328915e-03
  -1.0120909e-01  -8.2560061e-02  -6.9104210e-02   2.6090232e-03   2.5901878e-03  -2.4239896e-03
  -8.5379005e-02   7.6164032e-02  -1.4744431e-01  -5.6271012e-04   2.5414768e-03  -2.1446944e-03
  -9.9812644e-02   1.4711402e-01  -6.1682458e-02  -1.1008921e-03   2.8329772e-03  -2.3048897e-03
  -9.4525379e-02   1.1914006e-01   5.0477718e-02  -1.4909756e-03   3.3899065e-03  -1.8800817e-03
  -9.3605528e-02   5.6091254e-02  -2.3278089e-01  -1.8146316e-03   3.1854014e-03  -1.5133509e-03
  -8.6195592e-02   6.5440632e-02  -2.3901398e-01   2.2518295e-04   2.5773019e-03  -2.2780149e-03
  -9.8666722e-02   1.2448141e-01   5.4624301e-02  -9.1159884e-04   3.2460786e-03  -2.1709752e-03
  -8.6842931e-02   1.7146771e-02   7.4181412e-02  -1.9834972e-03   3.9037175e-03  -1.4328972e-03
  -8.6103568e-02   3.9135642e-02  -1.5995910e-01  -2.1645550e-03   3.1615961e-03  -1.3884676e-03
  -7.4636348e-02   4.8735475e-02  -2.6450647e-01  -7.2779818e-04   2.6179344e-03  -1.7779962e-03
  -9.6412131e-02   8.8613881e-02   1.0930551e-01  -1.3079063e-03   3.0616422e-03  -2.1569655e-03
  -9.3175144e-02  -2.2937591e-02   2.0981693e-05  -2.1195173e-03   3.3672977e-03  -1.7108793e-03
  -8.9454838e-02   7.6615087e-02  -2.3758786e-01  -1.4469069e-03   2.8408560e-03  -1.6105825e-03
  -8.8033176e-02   1.2673470e-01  -1.8590791e-01  -1.1488399e-03   2.8585988e-03  -2.0741592e-03
  -9.4428992e-02   4.8810666e-02   1.4839806e-01  -1.4814902e-03   3.0036741e-03  -2.0259706e-03
  -8.2718703e-02   6.6177303e-02  -2.2622148e-02  -3.3019948e-03   3.6983354e-03  -1.3800429e-03
  -9.2310846e-02   2.0237409e-02  -2.3283099e-01  -1.3597571e-03   2.8139899e-03  -1.4392492e-03
  -9.0625864e-02   1.7182595e-01  -1.5421415e-01  -1.5986022e-03   2.8127972e-03  -1.8175431e-03
  -9.5021169e-02   2.5712685e-02   1.3938967e-01  -1.9334260e-03   3.1026375e-03  -2.0918475e-03
  -8.5283971e-02   7.8994621e-02   2.5624342e-02  -3.1980910e-03   3.4907071e-03  -1.3613753e-03
  -7.3470657e-02   1.3791963e-02  -1.9030905e-01  -1.7839893e-03   2.4503273e-03  -1.2835032e-03
  -6.7900450e-02   1.3515735e-01  -2.4966286e-01  -1.8070653e-03   2.2396014e-03  -1.6626914e-03
  -8.6682615e-02   1.5424457e-01   1.3953175e-01  -3.3221743e-03   2.9354022e-03  -1.8003409e-03
  -7.5328824e-02   1.6629739e-02   9.0279487e-02  -3.2802126e-03   3.2564438e-03  -1.3126823e-03
  -6.9990957e-02   9.1256399e-02  -2.3370381e-01  -2.3537415e-03   2.8142247e-03  -1.1007824e-03
  -7.6554181e-02   5.9937868e-02  -2.2016112e-01  -1.5909069e-03   2.6333568e-03  -1.5213669e-03
  -7.2846398e-02   5.7108600e-02   1.4526160e-01  -2.7470676e-03   3.0692937e-03  -1.5218009e-03
  -7.8609658e-02   3.5074025e-02  -1.2362156e-02  -3.3180962e-03   3.5388778e-03  -9.6870044e-04
  -7.7076943e-02   1.4924897e-01  -3.2992165e-01  -2.1714743e-03   2.3003875e-03  -1.4228113e-03
  -8.0697337e-02   8.4347773e-02   7.5701924e-02  -2.0335766e-03   2.9586330e-03  -1.8744403e-03
  -7.6303212e-02   8.5682827e-02  -3.1817212e-02  -3.0512326e-03   3.1786881e-03  -9.1541134e-04
  -7.6734052e-02   7.3825774e-02  -1.3632982e-01  -4.0700783e-03   3.3629280e-03  -6.0683415e-04
  -6.5227708e-02   5.4115923e-02  -1.4349331e-01  -2.9074681e-03   2.6069673e-03  -1.0681368e-03
  -7.0993821e-02   1.6036578e-01  -1.2541181e-01  -2.4501034e-03   2.5627854e-03  -1.5054675e-03
  -8.4727215e-02   2.7398886e-02   6.2330265e-02  -1.9275359e-03   2.9747288e-03  -1.7194250e-03
  -7.0357441e-02   5.1169082e-02   1.0839997e-01  -3.9042332e-03   3.3140082e-03  -1.1301413e-03
  -6.9051522e-02   6.7327172e-02  -2.6132804e-01  -3.5730107e-03   2.6625024e-03  -1.0034580e-03
  -7.1915380e-02   7.0034356e-02  -2.1661272e-01  -1.9935935e-03   2.3892771e-03  -1.7691020e-03
  -6.1493765e-02   4.9823137e-02   1.0323790e-01  -2.1069199e-03   2.4410464e-03  -1.6384096e-03
  -6.5002748e-02   5.5911248e-02  -4.3506961e-03  -3.2445560e-03   2.8324066e-03  -1.2740125e-03
  -7.3829013e-02  -1.0201681e-01  -2.6205505e-01   1.4303380e-03   2.0296306e-03  -1.5897389e-03
  -6.6203514e-02   2.3551844e-03  -3.2384446e-01   1.8175838e-03   1.7452101e-03  -1.5475023e-03
  -7.3452318e-02  -4.0902184e-02   4.7844317e-02  -4.0265601e-04   2.3358473e-03  -2.0954762e-03
  -6.8070138e-02   1.1328136e-01   7.7026658e-02  -2.1668739e-03   2.8944206e-03  -1.5020404e-03
  -6.2679271e-02  -4.5872591e-02  -2.6725216e-01  -9.9182692e-04   1.8250002e-03  -1.5405372e-03
  -6.5517288e-02   1.1894367e-01  -2.7070186e-01  -1.0366572e-03   1.5228090e-03  -1.9017909e-03
  -8.0953391e-02   4.8937594e-02  -5.6854175e-02  -2.2497935e-03   1.7560020e-03  -2.0517779e-03
  -7.9384833e-02  -1.4448402e-02   2.9706772e-02  -2.5159876e-03   2.0348237e-03  -1.9862185e-03
  -6.4699485e-02   2.7430931e-02  -2.0014849e-01  -2.7630663e-03   1.9117313e-03  -1.4559657e-03
  -5.1236216e-02   3.8066364e-02  -2.4872442e-01  -1.5381862e-03   7.0898026e-04  -2.0657403e-03
  -7.5353914e-02   5.3257208e-02   8.3874550e-02  -1.8862484e-03   1.3103790e-03  -2.3964659e-03
  -6.9389302e-02   1.3641583e-02   1.6053672e-02  -3.0163925e-03   1.8885388e-03  -1.5770430e-03
  -7.1556706e-02  -7.9760258e-03  -2.1789810e-01  -2.9661598e-03   1.8172688e-03  -1.4614006e-03
  -6.9464117e-02   5.1912019e-02  -3.0882251e-01  -1.5228254e-03   9.1237698e-04  -2.0997286e-03
  -8.2722784e-02   1.1130341e-01  -1.6123387e-01  -1.9675030e-03   1.0779224e-03  -2.5002646e-03
  -7.7985147e-02   1.9561355e-02   8.5913403e-03  -1.7279068e-03   1.3900736e-03  -2.2404541e-03
  -7.0893725e-02   4.1412776e-02  -6.4052838e-02  -3.1627854e-03   1.9110130e-03  -1.8439153e-03
  -6.4607443e-02   7.8807342e-02  -2.8233547e-01  -1.9828129e-03   6.7737639e-04  -1.9351621e-03
  -6.9703288e-02   8.5173124e-02  -2.2327320e-01  -2.0408348e-03   1.1317821e-03  -2.2269635e-03
  -6.3640220e-02   3.1944128e-02   2.7971198e-03  -2.1264629e-03   1.1324373e-03  -2.1655422e-03
  -6.3773882e-02  -5.2878649e-02  -5.2418556e-02  -2.9981225e-03   1.6573950e-03  -1.8084537e-03
  -6.4912872e-02   1.7419540e-02  -2.7274282e-01  -2.3203225e-03   1.0626096e-03  -1.5468985e-03
  -6.3328984e-02   7.7090061e-02  -1.4707536e-01  -2.6599875e-03   9.8447900e-04  -2.1131487e-03
  -7.1985219e-02   1.1158962e-01   2.4514390e-02  -2.3628405e-03   1.1950130e-03  -2.1402081e-03
  -6.7849409e-02   4.8529650e-02  -1.0279077e-01  -2.6858671e-03   1.3989551e-03  -2.0157849e-03
  -6.8459286e-02  -2.8205345e-02  -2.7900742e-01  -2.1743085e-03   5.7316712e-04  -2.2481563e-03
  -6.7635437e-02   5.5145029e-02  -2.2472271e-01  -1.9884314e-03   5.2621312e-04  -2.6519253e-03
  -7.5097092e-02   6.1782047e-02  -3.9344408e-02  -2.0543651e-03   6.5431603e-04  -2.7710005e-03
  -7.6266522e-02  -3.0399644e-03  -5.6023908e-02  -2.2341909e-03   4.7722355e-04  -2.5907936e-03
  -6.6265843e-02   2.9156999e-02  -1.2224055e-01  -2.4635594e-03   6.8541851e-04  -2.4739424e-03
  -6.2674391e-02  -4.4382203e-02  -1.3974924e-01  -2.0900253e-03   7.3353137e-04  -2.4434336e-03
  -5.8886765e-02   9.7301978e-02  -2.5213749e-01  -2.3041016e-03   2.4575857e-04  -2.2731968e-03
  -7.1781017e-02   1.0003121e-01  -1.6456846e-01  -1.6764999e-03   5.2583680e-04  -2.9224454e-03
  -8.2567786e-02   7.9417519e-02  -1.2190566e-01  -1.8880939e-03   6.5016739e-04  -2.7270273e-03
  -7.3811722e-02   1.8481171e-03   2.3309857e-02  -1.8027306e-03   6.8211933e-04  -2.6086196e-03
  -6.3243162e-02  -3.3561253e-02  -5.8149492e-02  -2.6753328e-03   9.6249275e-04  -2.2757365e-03
  -6.2853115e-02   1.5304100e-02  -2.7270661e-01  -2.1485299e-03   5.0644805e-04  -2.3778563e-03
  -6.1098376e-02   7.0548867e-02  -2.1856375e-01  -1.3325107e-03   2.6952989e-04  -2.5596604e-03
  -6.9865246e-02   8.6367013e-02  -3.4882969e-02  -1.9428825e-03   5.6090509e-04  -2.6421048e-03
  -6.0564481e-02   7.4219857e-02   2.3101936e-02  -2.4153409e-03   8.8474661e-04  -2.4244784e-03
  -5.9437607e-02   2.5999764e-03  -1.8760873e-01  -2.4870080e-03   8.9462605e-04  -2.0798145e-03
  -5.4482166e-02   8.5200812e-02  -2.0804651e-01  -2.4598522e-03   3.3516254e-04  -2.2965917e-03
  -6.1514121e-02   6.1941152e-02  -1.6096947e-01  -2.2598409e-03   3.0853230e-04  -2.7287163e-03
  -6.3717936e-02   2.2807616e-02   1.2796286e-02  -1.9682219e-03   3.1638422e-04  -2.9588816e-03
  -5.9854232e-02   4.4903709e-02  -3.3500181e-02  -2.8899361e-03   9.9577095e-04  -2.4220232e-03
  -5.8024225e-02   1.7439452e-02  -1.9964945e-01  -2.7119829e-03   4.8493247e-04  -2.2160389e-03
  -5.6340349e-02   5.9735463e-02  -2.0099693e-01  -1.8175024e-03   3.2786875e-04  -2.2779968e-03
  -5.9658635e-02   1.2386780e-01  -1.7770289e-01  -1.6564948e-03   9.2249367e-05  -2.5379213e-03
  -6.5597004e-02   9.0876782e-02  -1.5584294e-01  -2.1989433e-03   1.5142675e-04  -2.5853910e-03
  -6.8906648e-02   4.5455936e-02  -1.2153048e-01  -2.4141331e-03   6.2891651e-05  -2.6050081e-03
  -6.4680607e-02   1.0078144e-02  -6.8477559e-02  -2.4031820e-03  -4.0186405e-05  -2.5749702e-03
  -6.3348111e-02  -3.3169133e-02  -4.1219792e-02  -2.6982975e-03   1.5158993e-04  -2.5834032e-03
  -5.7387769e-02  -6.7423556e-03  -9.6403937e-02  -2.6737042e-03   2.1458459e-04  -2.3068456e-03
  -6.3380219e-02  -4.0095439e-03  -1.5496918e-01  -2.6497610e-03   5.6833748e-04  -2.2766068e-03
  -6.7745684e-02  -1.1760223e-02  -1.5324419e-01  -3.1137840e-03   7.5931571e-04  -2.0830848e-03
  -5.6703498e-02   3.5159732e-02  -1.8191499e-01  -2.9054379e-03   4.6613966e-04  -2.0437902e-03
  -5.4069316e-02   1.1531228e-01  -1.3443694e-01  -1.8941907e-03   3.2804321e-04  -2.2987044e-03
  -5.0146916e-02   1.1808035e-01  -1.7285162e-01  -2.4266471e-03   2.2491777e-04  -2.3488460e-03
  -5.5750181e-02   1.0680150e-01  -1.6950148e-01  -2.5162336e-03   5.0096274e-04  -2.2095015e-03
  -6.6691035e-02   8.2757711e-02  -6.7199336e-02  -2.8402437e-03   6.3880130e-04  -2.2258618e-03
  -5.3539317e-02  -8.1029637e-02  -6.5709730e-02  -2.4906731e-03   5.7096332e-04  -2.2467193e-03
  -5.9675868e-02  -8.9004093e-02  -1.1161213e-01  -2.9290330e-03   1.1386096e-03  -2.0014865e-03
  -5.5076454e-02   1.0432819e-02  -2.0393530e-01  -2.9109257e-03   9.2487768e-04  -1.7659518e-03
  -4.5077296e-02   2.5967773e-02  -2.0562657e-01  -3.1456351e-03   5.2502354e-04  -1.8699291e-03
  -4.0886494e-02   3.3995067e-02  -1.6854283e-01  -2.2496455e-03   3.7346058e-04  -2.2109035e-03
  -5.0450244e-02   1.5783215e-01  -1.5221166e-01  -2.8626727e-03   4.0744614e-04  -2.1632349e-03
  -4.9010640e-02   7.2022066e-02  -1.9456423e-01  -2.8466127e-03   1.9104706e-04  -2.1552264e-03
  -5.8808121e-02  -2.1944114e-02  -1.7209239e-01  -2.3552787e-03   2.9360600e-04  -2.2812536e-03
  -6.0153221e-02  -6.8289304e-02  -6.4749679e-02  -2.6431330e-03   4.8749632e-04  -2.2805311e-03
  -5.8634848e-02  -7.1630573e-02  -4.6238453e-02  -3.6278144e-03   6.8078914e-04  -2.1321214e-03
  -4.9173343e-02  -1.2990607e-02  -8.5050759e-02  -3.8207486e-03   7.4425756e-04  -1.7918421e-03
  -5.1605238e-02   4.9982892e-02  -2.3009051e-01  -3.7974976e-03   1.7590068e-04  -2.0084739e-03
  -5.0218291e-02   1.0194610e-01  -2.3721663e-01  -2.8926195e-03  -1.8162004e-04  -2.1680183e-03
  -4.5518892e-02   1.4946885e-01  -1.9111444e-01  -3.0649479e-03  -2.2733930e-04  -2.2848886e-03
  -5.0099792e-02   1.2992897e-01  -1.7259736e-01  -2.8676561e-03  -3.2101900e-04  -2.4404412e-03
  -6.0816098e-02   1.0685945e-02  -5.1609058e-02  -3.1114238e-03  -4.0573341e-05  -2.5240843e-03
  -4.6956039e-02  -2.6173713e-02   1.2585636e-02  -3.3208030e-03   3.3491798e-06  -2.3128905e-03
  -5.1057483e-02  -7.8123950e-02  -9.2497764e-02  -3.6485508e-03   2.2581929e-04  -2.4181966e-03
  -5.3355561e-02  -1.9743089e-02  -2.1847100e-01  -3.2991926e-03  -1.7385652e-04  -2.1774719e-03
  -4.6598531e-02   1.1549143e-01  -2.1076245e-01  -2.7589993e-03  -4.4697011e-04  -2.3767699e-03
  -4.9020437e-02   9.8106782e-02  -1.7591261e-01  -2.6048599e-03  -5.0081848e-04  -2.7351341e-03
  -5.2543145e-02   5.5319908e-02  -2.1771818e-01  -3.0396155e-03  -5.0910921e-04  -2.6003400e-03
  -5.6199011e-02   1.8267720e-02  -9.6476703e-02  -3.0459651e-03  -3.9843350e-04  -2.6735871e-03
  -3.5179836e-02  -5.1057396e-02  -8.5025434e-02  -3.1758880e-03  -3.1086907e-04  -2.2921535e-03
  -4.3766136e-02  -3.6603395e-02  -1.4102169e-01  -3.0374469e-03  -3.0445522e-04  -2.2463874e-03
  -4.3095352e-02   5.3724025e-03  -1.9196410e-01  -3.0920821e-03  -6.6671848e-04  -2.2277985e-03
  -3.6086233e-02   9.0639134e-02  -1.9653165e-01  -3.4640329e-03  -1.2722148e-03  -2.4345208e-03
  -3.0126571e-02   5.4134151e-02  -1.7438752e-01  -2.5567518e-03  -1.5497256e-03  -2.8065353e-03
  -3.8012734e-02   8.2596866e-02  -1.3865075e-01  -3.2144165e-03  -1.4267056e-03  -2.7550796e-03
  -4.5967017e-02   2.5612656e-02  -1.5013147e-01  -3.0989905e-03  -1.3229016e-03  -3.0270786e-03
  -3.5062172e-02   2.8769824e-02  -3.4509501e-02  -3.3503725e-03  -8.3754611e-04  -2.6519017e-03
  -3.5691769e-02  -7.2221571e-04  -1.8195383e-01  -3.6274887e-03  -7.8816745e-04  -2.2797018e-03
  -3.2040358e-02   1.4706502e-02  -1.8222294e-01  -2.6029299e-03  -1.3100834e-03  -2.7252324e-03
  -4.2911266e-02   9.6818325e-02  -1.5016193e-01  -2.6367698e-03  -1.2599472e-03  -2.7025665e-03
  -2.9172846e-02   8.2066037e-02  -1.7598297e-01  -2.5885612e-03  -1.6010191e-03  -2.9656754e-03
  -3.8939944e-02   7.2560360e-02  -6.2266078e-02  -2.9454600e-03  -1.4457790e-03  -3.1225383e-03
  -4.0665533e-02  -2.6319209e-02  -3.5945029e-02  -3.0041219e-03  -1.4067843e-03  -2.9336446e-03
  -3.0293282e-02  -1.1585244e-01  -5.2921362e-02  -3.5161366e-03  -1.1033316e-03  -2.6136029e-03
  -3.2960710e-02  -9.0123106e-02  -1.4513240e-01  -2.9742683e-03  -1.0137213e-03  -2.4319048e-03
  -3.4325336e-02  -2.4736034e-02  -2.1784441e-01  -2.5632695e-03  -1.2256808e-03  -2.6562481e-03
  -3.7957150e-02   6.1628016e-02  -2.0499753e-01  -2.2342398e-03  -1.5599563e-03  -3.3014877e-03
  -4.0964730e-02   5.3386385e-02  -1.3863806e-01  -2.7743571e-03  -1.5433588e-03  -3.0920080e-03
  -3.1026384e-02   1.2835524e-02  -8.3884307e-02  -2.8473687e-03  -1.6008042e-03  -2.9916460e-03
  -2.9246036e-02  -9.0824568e-03  -8.2700019e-02  -2.7979284e-03  -1.4895768e-03  -2.7865658e-03
  -3.7241449e-02  -1.1815137e-01  -1.0742491e-01  -3.0571927e-03  -1.1407508e-03  -2.8026772e-03
  -3.4409263e-02   3.6432001e-02  -2.1042330e-01  -3.3559761e-03  -1.4027662e-03  -2.5909853e-03
  -3.3968441e-02   3.4867038e-02  -2.6004009e-01  -2.1083223e-03  -1.9795775e-03  -3.0621165e-03
  -4.3094524e-02   4.5174151e-02  -9.4696543e-02  -2.7220625e-03  -1.5958822e-03  -3.2452604e-03
  -4.7265361e-02  -1.0400487e-02   6.6051963e-03  -2.8753751e-03  -1.5228652e-03  -3.1573543e-03
  -3.0647441e-02  -8.2312711e-02  -6.4754062e-02  -2.9016333e-03  -1.3957832e-03  -2.6511488e-03
  -3.5345628e-02  -2.7849144e-02  -9.2243015e-02  -3.4569525e-03  -1.0116114e-03  -2.7043428e-03
  -3.5409738e-02  -1.4612293e-01  -3.7033442e-01   8.6075171e-04  -1.4503855e-03  -2.6428051e-03
  -4.0016988e-02  -5.2824929e-02  -2.7043680e-01  -1.8667714e-03  -1.4123589e-03  -2.9440587e-03
  -4.1963280e-02   4.8906776e-02  -5.4579546e-02  -2.6256405e-03  -1.5859959e-03  -3.0834520e-03
  -3.4791642e-02  -4.5163029e-03  -9.4850446e-02  -2.2901096e-03  -1.3200530e-03  -3.0475891e-03
  -4.4702094e-02   5.4351834e-02  -2.5177260e-01  -2.8218507e-03  -1.3771165e-03  -2.8627205e-03
  -3.6711565e-02   3.1655642e-02  -2.5700918e-01  -1.9910541e-03  -1.6675268e-03  -3.2670285e-03
  -5.1078296e-02   4.1412233e-02  -7.2843559e-02  -2.4843984e-03  -1.0627913e-03  -3.3921409e-03
  -4.5094331e-02  -1.6663636e-02   8.5261951e-03  -2.6326356e-03  -6.1407595e-04  -3.0640673e-03
  -4.2827169e-02  -3.1618699e-02  -1.3118433e-01  -2.6928075e-03  -6.8985620e-04  -2.8399838e-03
  -3.4610964e-02  -5.6110730e-03  -2.4397564e-01  -2.1629310e-03  -1.0489495e-03  -2.8582491e-03
  -5.2098738e-02   5.0956749e-02  -2.2081398e-01  -1.9527951e-03  -9.6627010e-04  -3.3281795e-03
  -5.2866286e-02   1.1373162e-01  -4.5418978e-02  -2.5404809e-03  -7.9372081e-04  -3.1079221e-03
  -4.4259503e-02  -7.5995788e-03  -1.1604768e-01  -2.4878713e-03  -1.6955729e-04  -2.8135526e-03
  -4.6670666e-02  -3.8795582e-03  -2.4967793e-01  -2.4930594e-03  -3.7357197e-04  -2.4460307e-03
  -2.9805849e-02   3.3926920e-02  -1.8139503e-01  -2.5422098e-03  -6.5957004e-04  -2.5457831e-03
  -3.0673912e-02   9.5643740e-02  -2.3543681e-01  -9.4313046e-04  -9.5870855e-04  -2.7261601e-03
  -5.8047517e-02   6.0919168e-02  -7.0354052e-02  -2.5357888e-03  -4.4779833e-04  -3.0397282e-03
  -3.7163228e-02   6.1109243e-02  -1.0168425e-02  -2.6022371e-03  -4.9846799e-04  -2.5792241e-03
  -3.8980804e-02  -1.6518058e-02  -6.4004860e-02  -2.8366087e-03  -1.9653819e-05  -2.4351320e-03
  -3.0245872e-02   1.5957023e-02  -2.7438587e-01  -2.7569292e-03  -8.4224550e-04  -2.2421329e-03
  -2.4717498e-02   4.9792743e-02  -2.4493306e-01  -2.2580896e-03  -1.1750756e-03  -2.7286165e-03
  -3.3178460e-02   1.3276299e-01  -1.9522650e-01  -2.5943625e-03  -1.0490207e-03  -2.5460438e-03
  -3.2428615e-02   3.5308888e-02  -1.5420741e-01  -2.7151983e-03  -2.1686092e-04  -2.2143528e-03
  -2.4128663e-02  -6.2737299e-03  -2.7093673e-01  -3.0184493e-03  -8.0238371e-04  -1.8928043e-03
  -2.0385584e-02   5.6234365e-02  -3.2958706e-01  -1.9829284e-03  -1.5956547e-03  -2.4583678e-03
  -2.6680350e-02   6.4123050e-02  -2.0214123e-01  -2.6230478e-03  -1.4536954e-03  -2.6335339e-03
  -2.0742284e-02   2.4484687e-03  -1.0737681e-01  -2.3005462e-03  -1.5756696e-03  -2.7417695e-03
  -2.8430426e-02  -5.1883136e-02  -1.0532254e-01  -2.8415983e-03  -1.0205674e-03  -2.6686692e-03
  -2.5483172e-02  -3.9551303e-02  -2.6624109e-01  -2.8130090e-03  -1.0996515e-03  -2.3825037e-03
  -1.3204299e-02   1.9616621e-02  -2.6388279e-01  -1.8511463e-03  -1.6732154e-03  -2.8901838e-03
  -2.8689539e-02   4.7297173e-02  -2.8437569e-02  -2.1942488e-03  -1.1897064e-03  -3.1435585e-03
  -3.0062489e-02   4.0932796e-02  -4.0205676e-03  -3.1310964e-03  -4.7096272e-04  -2.6221208e-03
  -2.7194597e-02   4.3976238e-02  -2.6385928e-01  -3.1293373e-03  -9.9562807e-04  -2.3485706e-03
  -2.1893034e-02   5.1269799e-02  -3.6126896e-01  -1.4033029e-03  -1.5301654e-03  -2.6707105e-03
  -3.7789445e-02   7.3718381e-02  -7.2222284e-02  -2.1836464e-03  -1.1757791e-03  -2.9220059e-03
  -2.9072133e-02  -3.8993451e-02  -2.5587453e-02  -2.3533214e-03  -8.9450712e-04  -2.5995649e-03
  -2.8808543e-02  -7.5250638e-03  -3.0100052e-01  -2.0421177e-03  -1.2474283e-03  -2.4307472e-03
  -2.7656127e-02   4.9664379e-02  -2.5489643e-01  -1.2482548e-03  -1.5009835e-03  -2.8254718e-03
  -3.6823227e-02   4.2377817e-02  -1.5518874e-01  -1.9745260e-03  -1.3242167e-03  -2.7854655e-03
  -3.0843385e-02   6.2604959e-03   8.4461615e-03  -1.7383799e-03  -1.1605920e-03  -2.8851097e-03
  -2.8622081e-02  -7.6654332e-02  -1.7943577e-01  -2.4060235e-03  -9.6836891e-04  -2.5916958e-03
  -3.4880575e-02  -2.6366932e-02  -2.3097444e-01  -2.3779756e-03  -1.2341736e-03  -2.5704887e-03
  -3.8544314e-02   7.3774169e-02  -2.3025482e-01  -1.5419538e-03  -1.4583906e-03  -3.0826471e-03
  -3.9324004e-02   1.3959421e-01  -2.4680376e-01  -1.7540713e-03  -1.2403232e-03  -3.1115089e-03
  -3.9387520e-02   3.7381984e-02  -7.4812985e-02  -1.4109673e-03  -9.5333096e-04  -3.2047599e-03
  -3.1869110e-02   2.8245458e-02  -8.3105380e-02  -1.7995873e-03  -7.9237237e-04  -2.7882495e-03
  -3.5293501e-02  -1.0180953e-03  -1.9582762e-01  -2.1964615e-03  -7.5536993e-04  -2.5995592e-03
  -2.3537583e-02   6.5520167e-02  -2.4856474e-01  -2.2455112e-03  -1.2364282e-03  -2.3157669e-03
  -3.3243892e-02   1.3596363e-02  -2.2029644e-01  -1.9997034e-03  -1.1098479e-03  -2.5276052e-03
  -3.4939715e-02   5.1360467e-02  -2.1680283e-01  -2.1677675e-03  -1.1059122e-03  -2.4221319e-03
  -2.8019786e-02  -2.4363110e-02  -1.9228448e-01  -2.3673441e-03  -1.2701413e-03  -2.5275039e-03
  -2.4998101e-02   3.6408027e-02  -1.9359728e-01  -1.7124589e-03  -1.4935528e-03  -2.6503556e-03
  -2.1570236e-02   4.8710994e-02  -1.5091572e-01  -1.7719933e-03  -1.4320304e-03  -2.9419006e-03
  -2.5392916e-02   6.7737983e-02  -2.1091722e-01  -2.0358333e-03  -1.3987549e-03  -2.7211134e-03
  -2.4334480e-02   2.2358536e-02  -1.4445793e-01  -1.9610683e-03  -1.3420246e-03  -2.7824973e-03
  -2.0412853e-02  -7.5711398e-03  -1.2033439e-01  -2.0416683e-03  -1.1301451e-03  -2.5160484e-03
  -1.4545188e-02   5.4106783e-02  -1.1650287e-01  -2.7440166e-03  -9.2816565e-04  -2.3187669e-03
  -2.4578918e-02   3.0225887e-02  -2.6915682e-01  -1.9605745e-03  -1.2427302e-03  -2.2591523e-03
  -1.9385675e-02   2.9432637e-02  -3.1111076e-01  -1.6640276e-03  -1.6666970e-03  -2.3315409e-03
  -1.3422450e-02   3.3674324e-02  -2.5057243e-01  -2.2126411e-03  -1.8888136e-03  -2.6625103e-03
  -3.2423923e-02   6.1333644e-02   9.1195846e-04  -2.2952423e-03  -9.9213522e-04  -2.4547336e-03
  -1.0047782e-02  -8.1013082e-03  -2.1139488e-01  -2.9491039e-03  -1.2119360e-03  -2.0053943e-03
  -1.3352910e-02   8.0750718e-03  -3.8341488e-01  -1.2233884e-03  -2.0679144e-03  -2.5525455e-03
  -1.1088789e-02   1.4477923e-02  -3.5704110e-03  -2.2561190e-03  -1.5352275e-03  -2.4853511e-03
  -9.7628128e-03  -7.5981466e-02  -9.6719400e-02  -2.8379670e-03  -1.3150480e-03  -2.1734875e-03
  -1.5425250e-02  -4.5697997e-02  -2.1553838e-01  -2.2474423e-03  -1.3309687e-03  -2.1366563e-03
  -1.1567273e-02   5.9505481e-02  -2.7966998e-01  -1.7719849e-03  -1.9167050e-03  -2.1932420e-03
  -3.0352600e-03   1.0549368e-01  -2.3952238e-01  -2.2216733e-03  -2.0061954e-03  -2.5942032e-03
  -1.1823571e-02   1.8321388e-02  -2.4881081e-02  -1.5285229e-03  -1.7931386e-03  -2.6411438e-03
  -6.5050075e-03   6.0539993e-02  -2.4958512e-01  -2.9849473e-03  -1.3759440e-03  -2.2606122e-03
  -1.2039721e-02   1.2464466e-02  -4.2911919e-01  -1.6326749e-03  -2.4350995e-03  -2.6501121e-03
  -2.6114900e-02   9.6438741e-02  -3.0860325e-02  -2.2695872e-03  -1.5211304e-03  -2.4222414e-03
  -1.6005876e-02   1.4483740e-02  -4.6141365e-01  -2.0855589e-03  -2.3671893e-03  -2.1783051e-03
  -1.8288053e-02  -1.2342112e-01  -2.4761575e-01  -1.1889756e-03  -1.8254680e-03  -2.6009616e-03
  -2.1269550e-02   4.3301155e-02  -5.8821370e-02  -1.4777610e-03  -1.8556950e-03  -2.7581548e-03
  -5.3237925e-03  -2.2002033e-02  -5.0367106e-02  -2.7678510e-03  -1.3484767e-03  -2.3533434e-03
  -1.2405442e-02   4.6022398e-02  -4.0130822e-01  -2.1542786e-03  -1.8616006e-03  -2.2842885e-03
  -1.9488905e-02  -1.9596178e-02  -2.5059446e-01  -1.8304203e-03  -1.8728773e-03  -2.7899275e-03
  -1.2380423e-02   1.1015516e-02   3.3264543e-03  -2.4833673e-03  -1.3598573e-03  -2.5521096e-03
  -1.8514371e-02  -6.2536777e-02  -2.8657281e-01  -2.3693378e-03  -1.4664959e-03  -2.3920825e-03
  -1.0635298e-02   4.4020708e-02  -2.5901097e-01  -1.3325872e-03  -2.0396445e-03  -2.7131555e-03
  -1.6780221e-02   1.2411126e-01  -2.0797924e-01  -1.7837555e-03  -1.9224917e-03  -2.7232514e-03
  -2.1201817e-02   4.7169785e-02  -8.6006081e-02  -1.8610108e-03  -1.8294285e-03  -2.8520778e-03
  -7.8308350e-03   1.9413500e-02  -4.1940056e-02  -2.6681653e-03  -1.1774531e-03  -2.4220421e-03
  -8.2338961e-03   3.9163519e-03  -1.8940853e-01  -2.6067837e-03  -1.2946084e-03  -2.1372967e-03
  -9.8754582e-03   5.5525046e-02  -2.6392247e-01  -2.4608060e-03  -1.9109046e-03  -2.2860048e-03
  -2.0492197e-03   7.9702854e-02  -2.1361547e-01  -1.7062150e-03  -2.1335305e-03  -2.7464677e-03
  -2.3331926e-02   5.1036687e-02  -1.4868766e-01  -2.3629848e-03  -1.6858533e-03  -2.5491206e-03
  -1.0670159e-02  -2.6733439e-02  -4.4980274e-02  -2.3796618e-03  -1.3614650e-03  -2.2974618e-03
  -4.1804160e-03  -1.4363031e-02  -1.7568774e-01  -2.7384180e-03  -1.4310257e-03  -2.0589332e-03
  -1.2752454e-02   1.0640071e-02  -2.9273485e-01  -1.8529756e-03  -1.9515201e-03  -2.2459099e-03
  -1.7512626e-02   9.5522139e-02  -2.1157884e-01  -2.2845938e-03  -1.7546082e-03  -2.5406179e-03
  -9.1353085e-03   2.1396029e-03   4.9716217e-02  -2.8401228e-03  -1.2728437e-03  -2.2862332e-03
  -1.6094705e-02   4.9371439e-03  -2.8010323e-01  -2.8436070e-03  -1.3427796e-03  -2.0326611e-03
  -6.7619814e-03   3.6791313e-02  -2.5341414e-01  -1.1752826e-03  -1.8607933e-03  -2.3877944e-03
  -1.7299840e-02   1.5647130e-01  -2.1563405e-01  -2.5431097e-03  -1.6791401e-03  -2.3019159e-03
  -9.5927879e-04   4.1264648e-02  -1.8733368e-02  -1.7914783e-03  -1.6855089e-03  -2.4400772e-03
  -8.3247836e-03  -8.6081452e-03  -1.0413812e-01  -2.5469555e-03  -1.0762184e-03  -2.0700963e-03
  -1.1810846e-02   4.0707365e-03  -1.9967437e-01  -2.6133962e-03  -1.3199807e-03  -1.9151473e-03
  -6.9924494e-03   4.0039266e-02  -3.0501656e-01  -2.1620220e-03  -1.8162146e-03  -2.2120421e-03
  -1.3936132e-02   6.3988016e-02  -2.2191523e-01  -2.1260674e-03  -1.5904739e-03  -2.7698197e-03
  -1.8210018e-02   1.6390871e-02  -3.6912121e-02  -1.9447599e-03  -1.4984649e-03  -2.6782149e-03
  -2.0147118e-02  -1.4318771e-02  -9.2937139e-02  -2.9255122e-03  -1.1415037e-03  -2.2281883e-03
  -1.8157255e-02   5.2058882e-03  -2.2456610e-01  -2.3767476e-03  -1.2591961e-03  -2.2889579e-03
  -2.1347234e-02   1.8376514e-02  -1.7662414e-01  -1.9290539e-03  -1.4633581e-03  -2.2587628e-03
  -1.5757585e-02  -1.4974544e-02  -2.0190225e-01  -2.4871043e-03  -1.3626171e-03  -2.1615030e-03
  -1.4374704e-02   2.4521568e-02  -2.3167638e-01  -2.5734662e-03  -1.6456146e-03  -2.1804385e-03
  -8.5477217e-03   9.4873955e-02  -2.3299603e-01  -1.4528894e-03  -1.8182304e-03  -2.4548073e-03
  -8.7204216e-03   8.1201649e-02  -1.6938342e-01  -2.3040333e-03  -1.6633099e-03  -2.4653392e-03
  -9.5527562e-03   3.8777153e-03  -2.2100259e-01  -2.2436507e-03  -1.9198315e-03  -2.5731346e-03
  -7.9300932e-03  -2.0200828e-02  -5.8494167e-02  -1.7302882e-03  -1.6183513e-03  -2.6041035e-03
  -8.2983587e-04   9.3501914e-03  -7.2023749e-02  -2.8417905e-03  -1.2331845e-03  -2.0442372e-03
   8.5167274e-05   6.9732355e-02  -1.9610346e-01  -2.9515313e-03  -1.0252264e-03  -1.9984203e-03
  -8.0192165e-03   1.0044445e-01  -4.8664537e-01  -1.6544138e-03  -1.9676012e-03  -2.0392485e-03
  -7.6965568e-03   4.7271669e-02  -2.8751590e-02  -2.3302699e-03  -1.5021050e-03  -2.3673461e-03
  -1.2210182e-02   2.2922884e-02  -2.4612024e-01  -2.7635523e-03  -1.1646300e-03  -2.1972785e-03
  -1.8633447e-02   1.0367648e-02  -4.6022870e-01  -1.4087851e-03  -2.0051194e-03  -2.2198776e-03
  -2.3493151e-03   7.1100503e-02   4.9972287e-02  -2.7146453e-03  -1.2995704e-03  -2.2183779e-03
  -5.2497214e-05  -3.5371310e-02  -3.0593151e-01  -3.3966804e-03  -1.3231044e-03  -1.7502898e-03
   2.0352080e-03   1.5792429e-02  -3.5468583e-01  -1.9926137e-03  -2.0514271e-03  -2.3442374e-03
  -7.7353747e-04   9.8357601e-02  -8.1124419e-03  -2.8504425e-03  -1.4947327e-03  -2.0172780e-03
  -4.5990969e-03  -9.4885357e-02  -2.0434401e-01  -2.6958433e-03  -1.3667678e-03  -1.9844535e-03
  -2.1312897e-03   3.4332708e-02  -3.7722150e-01  -1.9481084e-03  -2.1633984e-03  -1.9465648e-03
   4.6789573e-03   7.0353757e-02  -2.3972038e-01  -2.6613909e-03  -2.1802921e-03  -2.2949789e-03
   1.1062219e-02   6.0443866e-02  -2.3510725e-02  -2.3335746e-03  -1.9357066e-03  -2.2481083e-03
   6.8075817e-03  -2.3328985e-03  -1.2518675e-01  -2.9065155e-03  -1.4639737e-03  -1.9040911e-03
   6.1228212e-03   5.5355385e-02  -3.0722758e-01  -2.8424480e-03  -2.3498414e-03  -1.8540626e-03
   1.1575157e-02   9.9628287e-02  -2.9821882e-01  -2.4284791e-03  -2.6053677e-03  -2.4361918e-03
   3.8158315e-04   4.9958433e-02  -4.4689388e-02  -2.3430659e-03  -2.1837145e-03  -2.4117461e-03
   1.8308323e-03  -4.8620534e-02  -3.9751036e-02  -3.2589681e-03  -1.6651471e-03  -1.8264264e-03
  -3.6697499e-03   6.4430398e-02  -3.2438482e-01  -3.5022025e-03  -1.9893899e-03  -1.8650774e-03
   3.0781328e-03   7.7161735e-02  -3.9283229e-01  -1.7862893e-03  -2.8823215e-03  -2.6424517e-03
  -3.0805484e-03   1.4190002e-01  -9.3962295e-02  -2.4839931e-03  -2.3577725e-03  -2.4435557e-03
   1.2122560e-02   1.5264322e-02  -8.9047698e-02  -2.7524137e-03  -1.9133415e-03  -2.1646111e-03
  -8.6721639e-03   1.5570640e-02  -3.7554711e-01  -2.5423281e-03  -2.3400598e-03  -2.1199232e-03
   6.1727385e-03   2.0819007e-02  -3.8275967e-01  -1.9226077e-03  -2.6387904e-03  -2.5180824e-03
  -6.5845490e-03   1.1114279e-01  -9.9251138e-02  -2.5935131e-03  -2.2850902e-03  -2.4340833e-03
  -4.7318704e-03   1.0946159e-02  -2.5832734e-01  -2.6027575e-03  -1.8416638e-03  -2.1414304e-03
  -1.4320507e-02  -2.3775013e-03  -3.6988829e-01  -1.8412138e-03  -2.3939013e-03  -2.1981856e-03
  -7.5206057e-03   9.5083484e-02  -3.5615831e-01  -2.1501590e-03  -2.7471422e-03  -2.5628008e-03
   2.3826819e-03   1.1838522e-01  -7.5936051e-02  -1.8608628e-03  -2.4356292e-03  -2.3821392e-03
  -5.6317537e-03   1.9985190e-02  -3.6059360e-01  -2.8192007e-03  -2.3136845e-03  -2.0104207e-03
   1.4372393e-02  -1.5454568e-02  -4.3562717e-01  -1.5317357e-03  -3.0924064e-03  -2.4945110e-03
   9.8511238e-03   4.2740212e-02  -2.0589042e-02  -2.0699708e-03  -2.3357997e-03  -2.2903126e-03
