   0.0000000e+00   0.0000000e+00   0.0000000e+00   0.0000000e+00   0.0000000e+00   0.0000000e+00
   6.3625997e-03  -2.4511729e-02  -4.9236720e-02   5.4580869e-04  -3.1034388e-04   2.3352514e-04
   1.6484267e-02  -8.2270853e-03  -8.0647561e-02   1.9433182e-04  -5.4735333e-04   3.2153606e-04
   4.5577979e-03  -4.0053690e-02   2.6156034e-02   2.4026316e-04   1.1464084e-04  -1.2926444e-05
   5.1918201e-03  -5.2574776e-02  -6.4513444e-02   6.0965662e-04  -2.9177353e-04  -3.6352101e-04
   1.6143144e-02  -1.6882766e-02  -2.0646202e-02  -4.7192468e-04  -3.7039752e-04  -3.0131009e-04
   3.1349257e-02   7.1655054e-03  -3.7791273e-02  -4.2767661e-05  -6.3794686e-04  -3.1003843e-05
   2.4221427e-02  -3.4954624e-02  -2.3029740e-02  -2.6868673e-04  -2.6100501e-04   4.2759053e-05
   4.5061616e-02   2.7114816e-02  -3.9067230e-02  -7.0226602e-04  -8.9114270e-04   1.7246562e-04
   3.3280684e-02  -5.8015004e-02  -4.2666842e-02  -2.9402447e-04  -5.6694347e-04   5.7580459e-05
   2.3655825e-02   2.5488225e-02  -7.5441493e-03  -2.6145355e-04  -4.6600751e-04   7.3247396e-05
   1.2265749e-02   2.7191678e-02  -3.3609683e-02   3.8601965e-05  -2.5485469e-04  -2.4950210e-04
   4.1901069e-02   4.2689271e-03  -1.3896283e-02  -1.0335305e-03  -6.5157463e-04   3.6762016e-04
   3.6698841e-02   3.5751120e-02  -4.2662878e-02  -1.6719141e-04  -4.7770275e-04   2.2081961e-04
   3.6386474e-02   3.5360505e-02  -4.9540698e-03  -4.2016937e-04  -4.8461196e-04   4.4173567e-05
   4.2350504e-02  -2.9665245e-02  -1.8380159e-02  -5.8298350e-04  -6.6375616e-04  -3.0235501e-04
   3.1496916e-02   3.1368821e-02   2.2357518e-02  -6.8658469e-04  -6.0398573e-04  -7.8878691e-04
   2.6664243e-02  -5.3620653e-02   5.0037668e-03  -1.2398743e-04  -3.0143488e-04  -6.3102629e-04
   4.0901218e-02   2.0062539e-02   1.6716795e-02  -5.4397810e-04  -7.1402999e-04  -3.7201626e-04
   3.4546444e-02   7.7962337e-03  -6.7036691e-02  -1.1645663e-04  -8.0312593e-04  -1.5930505e-04
   4.4114399e-02   3.6533777e-02  -1.3420970e-02  -6.9648159e-04  -8.6029276e-04  -4.4357922e-05
   3.5432587e-02  -6.3921388e-02  -8.3957772e-02   1.1827255e-04  -7.5668298e-04  -8.3031472e-05
   1.5204834e-02   3.9280991e-02  -2.4481223e-02  -5.8336520e-04  -4.2554868e-04  -2.5115547e-04
   4.2990126e-03   3.0538183e-04  -9.9284207e-02   2.6723871e-04  -5.1827009e-04  -3.3935731e-04
   9.9805116e-03  -5.8668618e-02  -7.9629208e-02  -3.2159588e-04  -5.3967946e-04  -2.1090078e-04
   1.2608371e-02  -3.0838474e-02  -1.1777000e-01   2.0834754e-05  -7.4589667e-04  -4.7933096e-04
   1.1970460e-02   6.1073448e-02  -6.5380958e-02  -9.0029591e-04  -7.9371972e-04  -4.1819895e-04
   2.6735094e-03  -2.4059150e-02  -7.8043421e-02   1.1724741e-04  -8.4252824e-04  -7.6596170e-04
  -7.5480474e-03  -7.7860650e-04  -8.0945510e-02   3.2731554e-05  -7.0310364e-04  -8.0857422e-04
   1.9527556e-02  -3.7626659e-02  -2.7696201e-02  -9.4988397e-04  -1.0481210e-03  -4.9654470e-04
   9.4081083e-03  -1.1244548e-02  -5.3454787e-02  -6.4268664e-04  -9.4312978e-04  -8.0622720e-04
   4.0663286e-02   1.1882329e-02   1.1548122e-02  -3.1373799e-04  -1.4725027e-03  -5.4408154e-04
   4.3768261e-02  -6.2049755e-02  -4.2768421e-02  -2.0312881e-04  -1.6532228e-03  -5.9183609e-04
   5.9870670e-02   1.6643792e-02   1.0613192e-02  -3.0510806e-04  -1.6508688e-03  -5.0756665e-04
   3.7190420e-02   2.2595616e-02  -7.5059008e-02  -5.8683653e-04  -1.4618115e-03  -1.2053564e-03
   3.0115761e-02  -5.6077007e-02  -7.2334885e-02  -6.2529783e-04  -1.2038813e-03  -1.2880632e-03
   2.2711716e-02  -1.5142576e-02  -9.6858559e-02  -2.4516533e-04  -1.2952366e-03  -1.2681782e-03
   2.5168485e-02  -1.4240935e-02  -9.0275564e-02  -1.0148207e-03  -1.3475498e-03  -8.6463255e-04
   2.3387531e-02   3.7500306e-02  -5.6163740e-02  -6.6489923e-04  -1.4126193e-03  -1.0298756e-03
  -2.4472605e-03   2.4264578e-02  -8.8554469e-02  -3.4500056e-04  -1.0790884e-03  -1.2816786e-03
   1.2397580e-02   6.6743446e-02  -2.2580802e-02  -9.3845368e-04  -1.2265851e-03  -1.1883417e-03
   1.7235507e-02  -2.5156520e-02  -5.6425228e-02  -5.2429161e-04  -1.4197425e-03  -1.0785931e-03
   2.8123487e-02   6.8584640e-02   8.6268743e-03  -1.4547392e-03  -1.4088876e-03  -1.0103862e-03
   2.3902442e-02  -1.3842025e-02  -7.8477299e-02  -7.2181032e-04  -1.9804456e-03  -1.2798042e-03
   2.9178195e-02   3.2717382e-02  -7.9691786e-03  -1.2646150e-03  -1.8515224e-03  -9.6341644e-04
  -7.4342977e-03   5.6693204e-02  -1.4787341e-01  -4.7854276e-04  -1.9978099e-03  -1.8150616e-03
  -7.0401746e-04   2.3508845e-02  -9.2815622e-02  -6.8944936e-04  -1.5304801e-03  -1.4866956e-03
  -2.8698669e-03   3.8901456e-02  -1.8871741e-01  -6.4788872e-04  -1.7025705e-03  -1.8429623e-03
  -8.7829898e-03   6.3083335e-02  -1.1679565e-01  -3.0032422e-04  -1.5072354e-03  -1.8441790e-03
  -2.1878340e-02   6.5024867e-02  -1.2206221e-01  -1.3174654e-03  -1.4644711e-03  -2.3659489e-03
  -1.5757042e-02   1.3848882e-01  -9.4192873e-02  -2.0710322e-03  -1.2669219e-03  -1.5936643e-03
  -1.5959205e-02   1.4270123e-01  -8.9339399e-02  -1.1230728e-03  -1.4267907e-03  -1.6385192e-03
  -2.1956619e-02   5.8925763e-02  -3.1986676e-02  -1.5934648e-03  -1.1361253e-03  -1.5259424e-03
  -1.2708823e-02   5.0894772e-02  -8.9417390e-03  -1.4393263e-03  -1.2648307e-03  -9.7921917e-04
  -1.2474980e-02   3.1565527e-02  -3.5590278e-02  -1.4396834e-03  -1.2041419e-03  -1.1563698e-03
  -2.0749634e-02   6.4376413e-02  -1.6517491e-02  -3.0781457e-04  -1.3732166e-03  -1.5748653e-03
  -2.3530223e-02   4.2044301e-02  -7.1504605e-02  -1.4874931e-04  -1.2069549e-03  -1.4139895e-03
  -2.7700642e-03   5.8006509e-02   8.1688620e-03  -1.1012900e-03  -1.5475138e-03  -1.3096791e-03
  -1.9356989e-03  -2.0181926e-02  -5.3220635e-02  -4.9924476e-04  -1.5620957e-03  -1.3272498e-03
  -1.3761873e-02   2.7060328e-02  -2.8209871e-03  -1.1672489e-03  -1.2377464e-03  -1.5120235e-03
  -6.8502082e-03  -6.8761167e-02  -5.3658505e-02   1.4395226e-04  -1.4315371e-03  -1.6807974e-03
  -7.5345759e-03   2.1844299e-02  -4.4613049e-03  -1.4048346e-03  -1.2345253e-03  -1.5300762e-03
  -2.2549828e-04  -1.5983597e-02  -3.5100169e-02  -2.8846572e-04  -1.6260364e-03  -1.7957647e-03
   1.0422927e-03  -4.1450165e-02  -5.0812035e-02   1.7047077e-04  -1.4709309e-03  -1.6248649e-03
  -2.1866212e-02  -4.3440048e-01  -1.5137420e-01   7.4772123e-03  -4.2431016e-04  -2.9130559e-03
  -2.6138505e-02  -4.1088699e-01  -3.7886681e-01   6.8856591e-03  -7.3894456e-04  -2.1467866e-03
  -1.9631609e-02  -6.7831527e-01  -6.9418607e-01   1.3779671e-02  -3.4746251e-03  -2.0600475e-03
  -1.0024170e-02  -3.2292427e-01  -4.1895612e-01   9.2669640e-03  -3.9075072e-03  -4.2181385e-03
  -4.2489561e-02  -1.5093152e-01  -1.5523489e-01   3.1603609e-03  -3.2204636e-03  -5.2838365e-03
   3.7191931e-03  -1.2354953e-01   6.7408383e-02   3.0927694e-03  -3.6433183e-03  -4.8375636e-03
   9.8924949e-03  -1.7599308e-01   2.3673163e-01   5.0146681e-03  -3.4933644e-03  -5.3309063e-03
   1.9607707e-02  -9.5838863e-02   1.0708689e-01   3.4009662e-03  -4.4387261e-03  -5.3258675e-03
  -7.8176400e-03  -1.2565579e-01   8.1548352e-02   3.9034047e-03  -3.7291352e-03  -5.2908610e-03
   1.7787398e-02  -9.2838834e-02   9.4704151e-02   3.8423397e-03  -4.4585178e-03  -5.9023690e-03
   2.2815958e-03  -4.0269141e-02   1.5167088e-01   3.3007341e-03  -3.9628957e-03  -5.7408893e-03
   3.4500734e-02  -1.1097666e-01   3.3269503e-01   2.9822592e-03  -4.1035084e-03  -5.2557367e-03
   6.5059532e-02  -8.8649568e-02   1.2104851e-01   3.0574968e-03  -5.1843270e-03  -5.1494908e-03
   4.6625907e-02  -7.0748813e-02   5.6814922e-02   2.8734171e-03  -5.2784234e-03  -5.9596445e-03
   7.7860114e-02  -1.2510744e-01   1.0605033e-01   2.5854510e-03  -5.4632114e-03  -5.3983682e-03
   6.2364746e-02  -1.0538206e-01   8.0929632e-02   2.0869805e-03  -5.5261485e-03  -5.8686959e-03
   8.0057102e-02  -6.1085691e-02   2.4367418e-01   2.3693528e-03  -5.1444334e-03  -4.9228471e-03
   1.0401062e-01  -4.4687726e-02   1.4165818e-01   2.9631361e-03  -5.7815982e-03  -4.7045445e-03
   1.1719184e-01  -8.9476892e-02   1.6640798e-01   2.9854437e-03  -5.9050671e-03  -4.7406306e-03
   1.1829411e-01  -5.5128321e-03   1.7724253e-01   2.1864481e-03  -6.0030413e-03  -5.1754409e-03
   1.2828642e-01  -4.1385269e-02   2.0027660e-01   2.4012821e-03  -5.9694962e-03  -4.7904729e-03
   1.2342784e-01  -6.1632037e-02   1.6067457e-01   3.1787754e-03  -6.1574228e-03  -4.7942376e-03
   1.4300117e-01  -7.5571588e-02   1.4897205e-01   3.1313120e-03  -6.4510975e-03  -4.7495763e-03
   1.6285410e-01  -8.1453508e-02   1.5102924e-01   3.4414477e-03  -6.5068318e-03  -4.8037794e-03
   1.7328771e-01  -5.9746457e-02   1.5672138e-01   2.9433390e-03  -6.5857376e-03  -4.9277161e-03
   1.8242745e-01  -5.2022171e-02   1.8432726e-01   2.8383473e-03  -6.4767862e-03  -4.8220549e-03
   1.3926965e-01   3.2811782e-02   8.5906726e-02   3.2555650e-03  -6.2359488e-03  -5.0847818e-03
   1.3740738e-01   2.6932457e-02   1.3616507e-01   3.1330018e-03  -6.1920629e-03  -5.1232069e-03
   1.3055570e-01   1.7489800e-02   1.5746968e-01   3.2524648e-03  -6.2817727e-03  -5.1984697e-03
   1.1205081e-01  -1.4175665e-02   1.9078463e-01   3.1336102e-03  -5.8129536e-03  -5.1357576e-03
   1.1283810e-01   2.3520948e-02   1.4037210e-01   3.4060510e-03  -5.8769022e-03  -5.5953996e-03
   1.2109609e-01  -7.7736084e-02   1.8629719e-01   2.3465189e-03  -5.8991761e-03  -5.2235355e-03
   1.0405117e-01   6.9375208e-04   1.0806837e-01   2.8666728e-03  -5.8170583e-03  -5.5623300e-03
   8.8775917e-02   6.7302017e-02   9.7501214e-02   2.8695456e-03  -5.8357873e-03  -6.1659617e-03
   7.0907259e-02  -5.6831516e-02   9.9011312e-02   3.4942728e-03  -5.5819105e-03  -6.4863177e-03
   7.8450274e-02  -3.0962722e-02   1.8406515e-01   2.5226508e-03  -5.5205966e-03  -5.8415447e-03
   1.0753526e-01  -1.3589321e-02   1.7191195e-01   2.0191807e-03  -6.0928842e-03  -5.1942616e-03
   1.0119762e-01  -7.4128821e-02   1.5880226e-01   1.3332397e-03  -5.8554841e-03  -5.2594759e-03
   1.0294238e-01  -1.1729060e-02   1.6005391e-01   2.5221051e-03  -6.0275927e-03  -5.2672849e-03
   9.1340523e-02  -9.1255548e-03   1.8781011e-01   1.8596615e-03  -5.6783184e-03  -5.3830896e-03
   7.7862886e-02   7.1075853e-02   1.6214212e-01   2.5810904e-03  -5.6891355e-03  -5.7985875e-03
   6.5155387e-02   2.9328411e-03   1.4293152e-01   2.8223455e-03  -5.2923963e-03  -5.5049158e-03
   7.8625508e-02  -2.5089948e-02   1.7060607e-01   2.3968165e-03  -5.6196177e-03  -5.5172685e-03
   9.8450016e-02  -6.5986485e-02   1.5650479e-01   2.6112885e-03  -5.9278400e-03  -5.4222371e-03
   8.9170372e-02  -2.5202528e-02   2.3238222e-01   3.0276264e-03  -5.6451602e-03  -5.3567175e-03
   6.8097079e-02  -3.5552262e-02   1.6679749e-01   3.6367747e-03  -5.4086741e-03  -6.1413601e-03
   7.3717767e-02   2.6991714e-02   2.3843350e-01   2.5444774e-03  -5.3114495e-03  -5.6689852e-03
   6.2663011e-02   5.8705578e-02   2.0697718e-01   2.5967112e-03  -5.2108412e-03  -6.1082589e-03
   6.2799076e-02   4.3168073e-02   2.5892443e-01   1.9013523e-03  -5.0345336e-03  -6.0123264e-03
   6.0806604e-02   6.1094999e-02   2.2321208e-01   2.6148639e-03  -5.1492230e-03  -6.3898646e-03
   7.4363435e-02   7.4153457e-02   2.8211988e-01   1.9857186e-03  -5.1832544e-03  -6.0486861e-03
   8.3959110e-02   4.0019562e-02   2.2301240e-01   2.3816829e-03  -5.3149923e-03  -6.2930960e-03
   9.1389215e-02   1.4391631e-02   2.5385453e-01   1.9799011e-03  -5.3792405e-03  -5.9903389e-03
   1.0338415e-01   3.1084914e-04   1.8025034e-01   2.1106948e-03  -5.7352136e-03  -5.9279630e-03
   1.0676567e-01   4.9427456e-02   2.1856654e-01   1.9934793e-03  -5.8031044e-03  -5.6697338e-03
   1.0007930e-01   9.6199295e-02   1.7641233e-01   1.4377862e-03  -5.9778095e-03  -5.4500184e-03
   2.8229750e-02   5.1554266e-02   1.3017538e-01   1.7349545e-03  -5.2056643e-03  -6.1387125e-03
  -4.8193055e-03   1.1018586e-01   9.6405190e-02   9.2593806e-04  -4.8462681e-03  -5.9634422e-03
   1.7585948e-02   8.6723228e-02   1.5935710e-01   1.5468408e-03  -4.7087274e-03  -5.4872151e-03
   7.4874999e-03   1.3342066e-01   1.0467194e-01   1.3308129e-03  -4.7383153e-03  -5.5287999e-03
  -3.8426182e-04   9.8293816e-02   1.3927175e-01   1.4422063e-03  -4.2286757e-03  -5.3422543e-03
  -5.7226312e-02   1.3477620e-01  -6.9843519e-02   2.1906935e-03  -3.7178686e-03  -5.7542997e-03
  -4.3597272e-02   9.5598470e-02   1.6617868e-01   7.9959785e-04  -3.2984253e-03  -6.0775697e-03
  -2.7578799e-02   6.6716745e-02   3.5490628e-02   2.2939020e-03  -3.9601305e-03  -6.6079764e-03
   2.0546676e-02   1.1171757e-01   1.5651340e-01   1.8604720e-03  -4.1551969e-03  -5.9978574e-03
   1.8050600e-02   1.1373015e-01   3.2757295e-02   2.5258196e-03  -4.5030323e-03  -6.2665886e-03
   2.4306101e-02   1.0915302e-01   1.1070687e-01   9.7979531e-04  -4.3351878e-03  -5.2976630e-03
   1.7437507e-02   4.2739088e-02   5.5846188e-02   1.2994411e-03  -4.5514141e-03  -5.8663477e-03
  -1.3349648e-02   1.5030103e-01   1.3669092e-01   2.1102363e-04  -3.9464744e-03  -6.0856203e-03
  -2.1607234e-03   7.7305186e-02   3.6829498e-02   1.6179663e-03  -4.4706802e-03  -6.1613529e-03
   8.6378567e-03   6.3235260e-02   1.7273068e-01   8.7330520e-04  -4.1819487e-03  -5.7741113e-03
   1.7171549e-02  -2.7329462e-03   1.5491460e-01   1.7071425e-03  -4.4616112e-03  -6.1321336e-03
   9.9726318e-03   5.2438042e-02   2.1336555e-01   4.1278430e-04  -3.9721630e-03  -6.0976895e-03
   2.4939100e-02   4.6986929e-02   2.2917196e-01   4.1389131e-04  -4.1930529e-03  -6.0206009e-03
   1.6014430e-02  -3.9863108e-02   1.4549815e-01   1.3679235e-03  -3.9499484e-03  -6.1741843e-03
   1.2054671e-02   6.6815960e-02   2.0508017e-01   1.5085745e-03  -3.8268578e-03  -5.9798700e-03
   5.5885530e-02   3.4252309e-02   1.2752944e-01   5.1189373e-04  -4.9204552e-03  -5.4399652e-03
   2.8141617e-03   3.8573047e-02   1.9074228e-01   2.0260161e-03  -3.8889399e-03  -6.3270906e-03
   2.3297888e-02  -7.6486681e-02   2.1110766e-01   2.0694328e-03  -4.3552539e-03  -5.7718607e-03
   2.9988584e-02   4.3886442e-02   2.4310464e-01   1.1864051e-03  -4.3219513e-03  -5.4165387e-03
   1.5892594e-02  -2.9477670e-02   2.2449172e-01   1.7423531e-03  -4.3232571e-03  -5.7312122e-03
   1.9601827e-02   1.1807495e-02   2.7604917e-01   1.1110582e-03  -4.0879016e-03  -5.4739625e-03
   2.5006255e-02  -5.8337723e-02   2.2806494e-01   1.7594951e-03  -4.2496940e-03  -6.2206932e-03
   3.6581893e-02   1.8266935e-02   2.5399567e-01   1.8179679e-03  -4.3731783e-03  -5.9451439e-03
   4.7676806e-02  -7.1394353e-02   1.5371187e-01   3.7127588e-03  -4.5499426e-03  -5.6745149e-03
   6.5582935e-02  -5.2729728e-01   2.2178393e-01   1.0084083e-02  -4.2510760e-03  -6.3390502e-03
   1.5994765e-02  -3.3503659e-01   5.6467799e-02   8.0290439e-03  -3.8468846e-03  -6.0725726e-03
  -2.0686139e-02  -3.1456036e-01  -5.0295111e-01   1.2106702e-02  -3.8866488e-03  -5.9110866e-03
  -8.3599297e-02  -1.5963888e-01  -1.1062149e-01   5.6515790e-03  -2.5348825e-03  -5.9081261e-03
  -1.1094695e-02  -2.0565798e-01   7.6963801e-02   6.3155883e-03  -3.3611546e-03  -5.5286644e-03
  -5.3224265e-03  -1.8648288e-01   4.5812516e-03   7.8225332e-03  -3.6193660e-03  -5.5822267e-03
   2.0658023e-02  -1.5363844e-01   1.0094702e-01   6.9824385e-03  -3.8162508e-03  -5.0370698e-03
   1.3837886e-02  -2.2756974e-01   2.0209698e-01   7.3778552e-03  -3.5387195e-03  -5.1887926e-03
   2.3754130e-02  -3.0378349e-01   1.9284412e-01   7.8340132e-03  -3.6555318e-03  -5.1535547e-03
   4.5766918e-02  -2.8047112e-01   1.4972442e-01   7.4032494e-03  -4.0492179e-03  -5.1493535e-03
   3.9720635e-02  -2.8777601e-01   9.0629448e-02   7.4878791e-03  -4.0402574e-03  -5.2728629e-03
   4.8958208e-02  -3.1619198e-01  -3.1710257e-01   9.9649224e-03  -4.4764139e-03  -5.3582001e-03
   9.7151534e-02  -2.7251837e-01   1.4032597e-03   7.7197220e-03  -4.9064838e-03  -5.1638917e-03
   1.2848668e-01  -1.7034633e-01   2.9490763e-01   5.2031825e-03  -5.3253963e-03  -5.0163322e-03
   1.1539634e-01  -1.1658617e-01   2.3916838e-01   4.6868608e-03  -5.0711904e-03  -4.7678429e-03
   9.2018392e-02  -1.4387324e-01   1.1382033e-01   5.8336065e-03  -4.9487148e-03  -4.7918075e-03
   1.2003829e-01  -1.9059075e-01   2.7738056e-01   5.2316631e-03  -5.3177566e-03  -4.6308109e-03
   1.0857908e-01  -1.1236522e-01   2.0645575e-01   5.8029062e-03  -5.3071796e-03  -4.6247982e-03
   1.3330199e-01  -1.4887251e-01   2.7102322e-01   4.7743928e-03  -5.5952456e-03  -4.7293515e-03
   8.6189218e-02  -7.2524176e-02   2.2097558e-01   5.1759953e-03  -5.0263188e-03  -5.0054463e-03
   1.0747398e-01  -5.7376791e-02   2.4317726e-01   5.0469608e-03  -5.3584692e-03  -5.0010089e-03
   1.1123300e-01  -1.1440218e-01   2.5355180e-01   5.2391893e-03  -5.3489423e-03  -4.8176988e-03
   1.3837633e-01  -1.4619251e-01   2.3288989e-01   5.3274761e-03  -5.7652183e-03  -4.4925221e-03
   1.4439678e-01  -1.4391078e-01   2.7400810e-01   4.7734429e-03  -5.7248688e-03  -4.2806258e-03
   1.4589343e-01  -1.2298658e-01   2.2723970e-01   4.8917323e-03  -5.8412288e-03  -4.5151006e-03
   1.1618937e-01  -1.2339268e-01   2.1462089e-01   4.2291683e-03  -5.4745462e-03  -5.4261021e-03
   1.3007633e-01  -9.5078298e-02   1.9087664e-01   4.4951268e-03  -5.7476533e-03  -5.3015089e-03
   1.2703406e-01  -3.7685905e-02   2.4159575e-01   3.6248804e-03  -5.7617889e-03  -4.9940618e-03
   1.2868396e-01  -8.8965506e-02   2.2517881e-01   3.6064674e-03  -5.7473017e-03  -4.8911624e-03
   1.0052651e-01  -5.5822783e-02   2.6102486e-01   3.8396951e-03  -5.2662517e-03  -5.1408350e-03
   1.2513247e-01  -8.2983489e-02   1.8457610e-01   4.4186967e-03  -5.5441939e-03  -4.7813385e-03
   1.1717114e-01   3.0628526e-02   2.1634637e-01   4.0791702e-03  -5.6089155e-03  -4.6011922e-03
   1.0866083e-01  -4.1936414e-02   1.8577821e-01   4.4521812e-03  -5.3508872e-03  -4.6845353e-03
   9.8103698e-02  -4.3624135e-02   2.0487318e-01   4.5053886e-03  -5.3204396e-03  -4.8549877e-03
   8.9573135e-02  -7.0646346e-02   2.0325542e-01   4.0217626e-03  -5.2674345e-03  -5.1482421e-03
   1.1751388e-01  -7.5281419e-02   2.5518043e-01   4.3616804e-03  -5.4387188e-03  -4.5829786e-03
   1.4762381e-01  -5.9365362e-02   2.2669172e-01   4.5770153e-03  -5.8627938e-03  -4.5518985e-03
   1.6362817e-01  -2.2860321e-02   2.8502884e-01   3.7879767e-03  -6.0982125e-03  -4.2797776e-03
   1.4181320e-01  -8.1151107e-02   1.7066436e-01   4.2664308e-03  -6.0900190e-03  -5.0293107e-03
   1.3586527e-01   8.4199313e-03   2.3567261e-01   2.9846525e-03  -5.8894473e-03  -4.8946954e-03
   1.1484131e-01  -5.3857864e-02   1.5203640e-01   4.2030327e-03  -5.8181738e-03  -5.1917948e-03
   1.0434404e-01   1.3677506e-02   2.7189708e-01   4.1113240e-03  -5.3186045e-03  -5.1452667e-03
   1.0658080e-01  -6.9593804e-02   1.7680158e-01   5.2350632e-03  -5.2942220e-03  -4.8758185e-03
   1.2797236e-01  -6.1231232e-02   2.8615118e-01   4.5177010e-03  -5.4119418e-03  -4.9890104e-03
   1.1862374e-01   6.9352824e-02   2.1272061e-01   4.0008061e-03  -5.5810575e-03  -5.2487094e-03
   1.6387585e-01  -3.7045781e-02   2.4164853e-01   3.1431011e-03  -5.9929061e-03  -5.2483446e-03
   1.1203023e-01  -5.1266748e-02   2.0674969e-01   3.7734757e-03  -5.1956592e-03  -4.9647899e-03
   1.2477551e-01   2.8898286e-02   1.6650946e-01   3.8885026e-03  -5.5062999e-03  -4.8809873e-03
   1.1760892e-01   4.5476513e-02   2.9137602e-01   3.2515824e-03  -5.4346524e-03  -5.0225549e-03
   1.2467649e-01  -1.0784495e-01   2.2473303e-01   3.9304924e-03  -5.6060490e-03  -4.9673963e-03
   9.9296455e-02  -7.5807939e-02   3.1609630e-01   4.1002054e-03  -5.0680731e-03  -5.1940236e-03
   1.2049756e-01  -1.6352333e-01   2.6267835e-01   5.2573067e-03  -5.5205538e-03  -4.4964720e-03
   1.1665311e-01  -1.9534836e-01   9.7314885e-02   6.9828901e-03  -5.4549172e-03  -5.0220150e-03
   1.7765463e-01  -2.2255035e-01   2.6491171e-01   7.7687053e-03  -6.0402811e-03  -4.5666164e-03
   1.0451145e-01  -2.7103222e-01   2.2799887e-01   7.4742530e-03  -5.0111201e-03  -4.6783239e-03
   8.2711006e-02  -5.1564348e-01  -2.0286201e-01   1.3330016e-02  -5.3004917e-03  -4.6708048e-03
   1.0600119e-01  -3.2251352e-01   4.1898497e-01   7.1699599e-03  -4.9767117e-03  -4.4766860e-03
   1.1373355e-01  -3.0289174e-01   3.7915080e-01   7.5247315e-03  -5.7796574e-03  -4.6518070e-03
   1.1965557e-01  -1.9213602e-01   5.7906565e-01   6.4766257e-03  -5.5392624e-03  -4.2440916e-03
   1.0326431e-01  -2.3871468e-01   4.3522746e-01   6.6113418e-03  -5.6790983e-03  -4.9444592e-03
   1.2637569e-01  -2.3562338e-01   5.7805895e-01   6.6342058e-03  -5.6992995e-03  -4.9706786e-03
   1.1083719e-01  -2.0043924e-01   4.8199208e-01   6.7967834e-03  -5.7097439e-03  -5.2204700e-03
   1.1799547e-01  -2.0991030e-01   5.1638199e-01   6.6189506e-03  -5.6191489e-03  -5.0923616e-03
   1.1808051e-01  -1.9529437e-01   5.2344931e-01   6.2100299e-03  -5.7320889e-03  -4.7994860e-03
   1.2589724e-01  -2.5894033e-01   5.0214822e-01   6.8670643e-03  -5.7774687e-03  -4.3883951e-03
   1.4001166e-01  -1.9115463e-01   5.5874991e-01   6.3358064e-03  -5.9637690e-03  -4.3142907e-03
   1.3038625e-01  -2.3606315e-01   5.1372303e-01   6.0775469e-03  -5.7550178e-03  -4.8094796e-03
   1.4343567e-01  -1.3973975e-01   5.8932549e-01   5.5311460e-03  -5.7908323e-03  -4.5702961e-03
   1.1726630e-01  -1.5043310e-01   5.0741943e-01   5.6015187e-03  -5.4903501e-03  -4.5617475e-03
   1.4332954e-01  -1.1288172e-01   5.8012903e-01   5.4839034e-03  -5.7787615e-03  -4.6461369e-03
   9.6396474e-02   2.1949673e-02   4.8433660e-01   4.7775532e-03  -5.5415171e-03  -4.7376378e-03
   8.2934159e-02   1.3081407e-02   4.9298587e-01   4.5240767e-03  -5.3937806e-03  -4.8655139e-03
   5.3326165e-02  -1.2776903e-02   5.2179732e-01   4.1799656e-03  -4.9590660e-03  -5.5265155e-03
   3.0368363e-02  -3.4636439e-02   4.3779653e-01   4.6863465e-03  -4.6898463e-03  -5.8172745e-03
   1.8655064e-02   5.1712819e-02   4.7863792e-01   4.2160419e-03  -4.4190055e-03  -5.9769820e-03
  -1.9919269e-02  -8.5585597e-03   4.5701352e-01   4.4449044e-03  -4.1186050e-03  -6.2876330e-03
   8.6794730e-03  -2.2331067e-03   5.2469750e-01   4.1200914e-03  -4.2715933e-03  -5.7598204e-03
   7.3255547e-02   1.7779959e-02   4.2944409e-01   4.4088122e-03  -5.2099309e-03  -5.4896123e-03
  -2.4065936e-02   4.8583764e-02   3.9620110e-01   3.7852049e-03  -3.8944224e-03  -5.9664392e-03
   8.3156475e-03  -1.3797660e-02   4.1536167e-01   3.8614766e-03  -4.2499974e-03  -6.0140873e-03
   7.2379389e-03   1.1345560e-01   4.3393008e-01   3.3584400e-03  -4.3412709e-03  -5.8437245e-03
  -1.2053296e-01   1.2318802e-01   2.5043744e-01   2.8619100e-03  -2.7620851e-03  -6.7238147e-03
  -5.7211887e-02   8.5551326e-02   3.8873194e-01   2.4866959e-03  -3.4553311e-03  -6.8394622e-03
  -6.7785181e-02   7.4235033e-02   3.0476247e-01   3.4151716e-03  -3.6035158e-03  -7.1682614e-03
  -4.6839606e-02   1.0972853e-01   3.7394653e-01   2.4083290e-03  -3.3660586e-03  -6.8454535e-03
  -7.7106596e-02   1.5596194e-01   2.5951512e-01   2.3305769e-03  -3.4615111e-03  -7.0515875e-03
  -6.9130166e-02   1.5505415e-01   2.9409781e-01   1.6289811e-03  -3.6521990e-03  -6.8308368e-03
  -8.5830172e-02   1.9319940e-01   2.4665814e-01   4.1020368e-04  -3.4056426e-03  -6.6349906e-03
  -5.0432729e-02   7.4309595e-02   3.6741361e-01   6.6228072e-04  -3.2059181e-03  -6.1435885e-03
  -8.1928180e-02   1.1340832e-01   2.5587342e-01   2.2892700e-03  -3.0758447e-03  -7.0481099e-03
  -7.3024024e-02   1.5251523e-01   3.4226700e-01   2.3578584e-03  -2.8960826e-03  -7.0659599e-03
  -8.4564057e-02   1.2416973e-01   3.4203767e-01   2.4970618e-03  -3.0036966e-03  -7.0758531e-03
  -7.7222323e-02   1.6137411e-01   3.0080220e-01   1.4163757e-03  -3.1900245e-03  -7.1577294e-03
  -9.7115062e-02   1.7329117e-01   3.1311588e-01   5.7334900e-04  -3.0362754e-03  -7.1139636e-03
  -1.0751609e-01   1.3195737e-01   2.2239459e-01   1.0295263e-03  -2.7034182e-03  -7.3007835e-03
  -8.5974451e-02   1.5579068e-01   3.2995471e-01   4.2229503e-04  -2.7700637e-03  -7.4811479e-03
  -8.7726422e-02   1.4958335e-01   2.8054876e-01   6.2551543e-04  -2.8719440e-03  -7.2515207e-03
  -8.3639884e-02   1.4905253e-01   4.0191121e-01   3.5909803e-04  -2.6891484e-03  -6.7316033e-03
  -7.7434007e-02   1.0271887e-01   3.6519538e-01   1.5562525e-03  -3.0302433e-03  -6.7837503e-03
  -7.3924584e-02   5.2463360e-02   3.9629918e-01   1.3048214e-03  -2.6240389e-03  -6.8251890e-03
  -5.2451691e-02   7.0665059e-02   4.3810456e-01   6.9806907e-04  -3.1154212e-03  -6.6001591e-03
  -5.7335797e-02   6.2956811e-02   3.4725362e-01   1.6790979e-03  -3.1314390e-03  -6.7217447e-03
  -6.4481590e-02   1.0003082e-01   4.4964900e-01   1.2794977e-03  -2.8322668e-03  -6.8536537e-03
  -7.6410419e-02  -8.1859379e-03   3.8416995e-01   2.1760657e-03  -2.8012422e-03  -7.2310999e-03
  -4.4953350e-02   3.0051103e-02   4.1922197e-01   2.1823910e-03  -3.1241126e-03  -6.4900955e-03
  -4.0469560e-02   6.0437912e-02   4.3095085e-01   2.5139892e-03  -3.3441192e-03  -6.4592050e-03
  -3.0124188e-02   3.9494216e-02   3.9047409e-01   2.5406965e-03  -3.2441740e-03  -6.4436756e-03
  -3.8978024e-02   9.9698377e-02   4.4301853e-01   2.1412568e-03  -3.1699230e-03  -6.4517180e-03
  -3.6124496e-02   1.0942427e-01   3.4812273e-01   2.2006377e-03  -3.4233886e-03  -6.6482285e-03
  -5.4583740e-02   1.8832679e-01   4.3296436e-01   1.3750243e-03  -3.0981731e-03  -6.4156972e-03
  -4.8192219e-02   8.5610981e-02   3.4363900e-01   1.5667953e-03  -3.2312646e-03  -6.5983328e-03
  -3.3133027e-02   1.5876429e-01   3.8235538e-01   1.7379662e-03  -3.2071101e-03  -6.2460635e-03
   4.7545032e-03   1.7290979e-01   3.2533824e-01   2.1154856e-03  -3.7843907e-03  -6.0527027e-03
  -1.9470192e-02   1.1600662e-01   4.0388734e-01   2.1041192e-03  -3.5795578e-03  -6.3020621e-03
  -5.1206612e-02   1.2757571e-01   3.3910104e-01   1.6905918e-03  -3.2607659e-03  -6.5618932e-03
  -2.5913752e-02   1.1309237e-01   3.6576924e-01   1.0313543e-03  -3.4787805e-03  -6.2430372e-03
  -3.5065175e-02   1.0297764e-01   4.0635947e-01   1.6537899e-03  -3.4670900e-03  -6.2445991e-03
  -3.1056551e-02   1.7880275e-01   3.7457187e-01   1.5840077e-03  -3.5734130e-03  -6.3668858e-03
  -7.5936884e-02   2.0630030e-01   3.0111900e-01   1.2964213e-03  -3.2437008e-03  -6.4378043e-03
  -9.2710882e-02   1.6030608e-01   3.4508541e-01   8.1586789e-04  -2.8022300e-03  -6.2447617e-03
  -1.1713119e-01   1.9588175e-01   3.0012672e-01   1.0109026e-03  -2.8097105e-03  -6.5981377e-03
  -8.0944757e-02   1.5992237e-01   3.8939537e-01   1.1081394e-03  -2.8994662e-03  -6.6340198e-03
  -9.5612655e-02   2.6765238e-01   2.8355081e-01   2.4149958e-04  -2.8649584e-03  -7.0996047e-03
  -7.6416422e-02   2.5741969e-01   3.2624025e-01  -3.1838965e-04  -3.0269052e-03  -6.7872607e-03
  -9.7206286e-02   2.2264658e-01   2.6571931e-01  -1.4946612e-04  -2.9458012e-03  -6.6889254e-03
  -6.5653787e-02   1.8433787e-01   3.3219080e-01  -9.2447135e-04  -2.9500160e-03  -6.3150348e-03
  -8.9491405e-02   1.6661586e-01   1.8806727e-01   3.0845996e-04  -3.0103538e-03  -6.9796511e-03
  -6.9043221e-02   2.3735501e-01   2.8764888e-01  -1.1229869e-03  -2.9987809e-03  -6.5135129e-03
  -8.6963136e-02   1.9145038e-01   1.9910346e-01   6.9708427e-04  -2.8946185e-03  -7.0365389e-03
  -8.4731001e-02   2.2441263e-01   3.5178916e-01   4.0757639e-04  -2.7523707e-03  -7.1083946e-03
  -6.3646966e-02   8.9502568e-02   2.9081299e-01   1.3987397e-03  -3.1387631e-03  -7.1166788e-03
  -2.8001125e-02   1.3816692e-01   3.8769921e-01   2.9444798e-04  -3.4276721e-03  -6.7757223e-03
  -6.5936647e-02   1.7514738e-01   2.9984767e-01   7.0611657e-04  -3.1514036e-03  -6.8312260e-03
  -1.2032708e-02   1.8497919e-01   3.8950499e-01  -3.6431641e-04  -3.4629010e-03  -6.2537601e-03
  -2.9595894e-02   1.5507909e-01   3.2837490e-01   4.7573680e-08  -3.4790935e-03  -6.4199408e-03
   3.8423925e-02   1.4307213e-01   3.0519334e-01  -5.8489593e-04  -4.0252362e-03  -5.9759927e-03
   5.8005401e-03   2.7891919e-01   3.4738887e-01  -7.2912750e-04  -3.7501563e-03  -5.8159180e-03
  -2.1858815e-02   2.3606275e-01   3.3976779e-01  -1.4126170e-03  -3.2047970e-03  -6.0394789e-03
  -6.3572203e-02   2.4514831e-01   2.9619741e-01  -4.3009197e-04  -3.0789462e-03  -6.6008806e-03
   6.8241213e-03   1.4906186e-01   2.8870799e-01   5.5524258e-04  -3.8260637e-03  -5.9859607e-03
  -2.0763497e-02   7.6924474e-02   3.2368496e-01   2.3451560e-04  -3.3834041e-03  -6.2336962e-03
   9.8689347e-03   1.5015214e-01   3.5987200e-01   3.1815210e-04  -3.5224670e-03  -5.9195476e-03
  -4.6971120e-02   1.5031327e-01   3.2875178e-01  -8.0673606e-05  -3.2418709e-03  -6.0677304e-03
  -1.3846897e-02   2.3723148e-01   3.4217390e-01  -8.9007390e-04  -3.5575804e-03  -6.2701433e-03
  -8.4715987e-02   2.5688594e-01   2.9962657e-01  -9.7159848e-04  -2.8115354e-03  -6.5830960e-03
  -5.5478302e-02   1.5631266e-01   2.5152073e-01  -9.6162759e-04  -3.0764696e-03  -6.7822978e-03
  -8.6608734e-02   2.3644989e-01   2.7413573e-01  -1.0439263e-03  -2.8180615e-03  -6.8384106e-03
  -7.2126277e-02   2.7431747e-01   2.3404172e-01  -1.5965294e-03  -3.0666440e-03  -6.6731367e-03
  -8.5452355e-02   3.1132868e-01   2.5736319e-01  -1.1823594e-03  -2.9666705e-03  -6.4425454e-03
  -6.4020587e-02   2.5845449e-01   2.2144713e-01  -1.1531699e-03  -3.3040356e-03  -6.6409181e-03
  -9.2499640e-02   2.5381238e-01   2.5516208e-01  -1.5920609e-03  -2.8228033e-03  -6.8493877e-03
  -4.7897353e-02   2.5063951e-01   2.2780778e-01  -1.9379165e-03  -3.3385092e-03  -6.5114134e-03
  -4.6656430e-02   3.0094358e-01   2.9148387e-01  -2.1557511e-03  -3.2741018e-03  -6.1942688e-03
   3.2362495e-02   2.6255278e-01   2.5554114e-01  -1.7461759e-03  -4.3053330e-03  -6.2091800e-03
   9.2528914e-03   3.2060957e-01   3.0983511e-01  -2.2107418e-03  -3.9672182e-03  -6.2976392e-03
  -4.6150183e-02   2.2892735e-01   2.3753024e-01  -1.6363506e-03  -3.6485417e-03  -6.6450914e-03
  -2.9027657e-02   2.9917592e-01   2.8181559e-01  -2.0612923e-03  -3.6499755e-03  -6.6537680e-03
  -5.4818760e-02   2.4279854e-01   2.2111646e-01  -1.4117412e-03  -3.5196798e-03  -6.6210141e-03
  -4.6301587e-02   2.6255642e-01   2.9786636e-01  -2.1784394e-03  -3.3485302e-03  -6.5369280e-03
  -1.7987380e-02   2.1896471e-01   2.0082392e-01  -1.5586687e-03  -3.9801564e-03  -6.6514246e-03
  -3.2059365e-02   2.5782250e-01   2.3909522e-01  -2.1267438e-03  -3.5831849e-03  -6.3307236e-03
  -2.0901551e-02   2.7726171e-01   1.5397166e-01  -1.4412208e-03  -3.8480459e-03  -6.3382611e-03
  -7.0734186e-02   2.9298438e-01   2.2948582e-01  -1.6035352e-03  -3.1505932e-03  -6.2773654e-03
  -4.0210398e-02   2.6833787e-01   1.6807111e-01  -1.3934688e-03  -3.6761303e-03  -6.4003944e-03
  -7.0519412e-02   2.8874749e-01   2.4086520e-01  -1.4613160e-03  -3.2604756e-03  -6.2461552e-03
  -4.6485783e-02   2.8315329e-01   1.7852157e-01  -1.8252624e-03  -3.4831367e-03  -6.2521032e-03
  -7.9644801e-02   3.2311638e-01   2.3287942e-01  -1.5441720e-03  -2.9837820e-03  -6.1296782e-03
  -8.9543597e-02   1.7816168e-01   1.4305211e-01  -1.1989186e-03  -2.6886410e-03  -6.7939314e-03
  -1.0909132e-01   2.9716946e-01   1.9844779e-01  -9.2741110e-04  -2.5294070e-03  -7.2292623e-03
  -7.6711297e-02   2.0618036e-01   1.5300032e-01  -1.5542506e-03  -2.9299719e-03  -6.8373396e-03
  -7.5673078e-02   2.8364808e-01   2.7753878e-01  -1.4971397e-03  -2.8956006e-03  -6.6635485e-03
  -6.2524236e-02   1.5853848e-01   2.0510397e-01  -7.3415526e-04  -3.0217218e-03  -6.7535881e-03
  -6.1102682e-02   1.9530435e-01   2.8621029e-01  -1.2254408e-03  -2.8967273e-03  -6.7886241e-03
  -5.9203104e-02   9.8421276e-02   2.2889579e-01  -9.4299433e-04  -2.9606340e-03  -7.1691880e-03
  -6.2309368e-02   1.8655289e-01   3.1449067e-01  -1.7162162e-03  -2.7478722e-03  -7.2408642e-03
  -6.4212735e-02   1.6459827e-01   2.7603263e-01  -6.4679187e-04  -2.9697673e-03  -6.7839407e-03
  -2.4937032e-02   1.9949394e-01   2.8098210e-01  -7.1156929e-04  -3.2485741e-03  -6.3870373e-03
  -4.5174514e-02   1.8482159e-01   3.0420645e-01  -1.7167490e-04  -3.1440459e-03  -6.3090816e-03
   2.5471572e-02   2.2482678e-01   3.0222335e-01  -1.5051720e-04  -4.0115065e-03  -6.2459970e-03
  -1.8852260e-02   2.3725600e-01   3.0349862e-01  -1.2613659e-06  -3.4571862e-03  -6.0900178e-03
  -1.4010449e-02   1.8899814e-01   2.5458243e-01  -3.2660701e-04  -3.5163628e-03  -6.5117706e-03
  -7.3245354e-02   2.7949375e-01   2.5947826e-01  -1.1205623e-03  -2.8907639e-03  -7.2032551e-03
  -4.7133190e-02   2.1723591e-01   1.8694997e-01  -7.6057786e-04  -3.1841321e-03  -6.7118476e-03
  -4.4332484e-02   3.0011902e-01   2.5609031e-01  -6.3273904e-04  -3.2130932e-03  -5.8578277e-03
  -1.0588583e-02   2.3706067e-01   2.6637618e-01  -5.8091500e-04  -3.5725741e-03  -5.7843902e-03
  -4.6070436e-02   2.3427784e-01   2.4243525e-01   2.0352859e-04  -3.4628342e-03  -6.1467063e-03
  -1.3208298e-02   2.3487504e-01   2.7652058e-01  -5.8452317e-04  -3.6049172e-03  -6.1998802e-03
  -5.3086342e-02   2.5017740e-01   2.1078825e-01   3.7074381e-05  -3.3779950e-03  -6.4381559e-03
  -1.6921795e-02   2.4433938e-01   2.6198757e-01  -5.2003856e-04  -3.5297464e-03  -6.4108243e-03
  -3.2132015e-02   2.2346399e-01   2.1432122e-01  -1.9651465e-04  -3.5463334e-03  -6.5436708e-03
  -1.6117553e-02   2.1141503e-01   2.9067736e-01  -7.6376243e-04  -3.4479135e-03  -6.4148123e-03
  -2.0752587e-02   1.9621944e-01   1.9760468e-01  -2.6284317e-04  -3.7446062e-03  -6.6366312e-03
