   0.0000000e+00   0.0000000e+00   0.0000000e+00   0.0000000e+00   0.0000000e+00   0.0000000e+00
  -4.5083433e-03   8.8961509e-02  -1.0629313e-01   3.7730094e-04   2.9068751e-04  -3.7722616e-04
  -9.7425208e-04  -1.0765462e-02  -7.5264136e-02   3.7572837e-04   3.7276695e-04  -3.1163896e-04
   1.4971902e-02   1.1353555e-01  -8.2539017e-02  -3.2825725e-04   1.5913109e-04  -1.7398652e-04
   5.5118416e-03  -4.1913351e-02  -1.1952888e-01   1.4643069e-03   5.4243147e-04  -4.3115899e-04
   5.2329353e-03   1.9705157e-01  -8.9021774e-02   2.1866885e-04   4.9730442e-04  -3.5628114e-04
  -4.3527176e-03  -6.4379322e-02  -1.3267694e-01   5.2319199e-04   3.2501147e-04  -4.2716238e-04
   2.0665974e-03   1.3614707e-01  -5.3185359e-02  -6.0183609e-04   6.2201909e-04  -1.8133242e-04
   2.5233984e-02  -4.8993152e-02  -8.6048272e-02   7.0872263e-04   9.7761220e-04  -2.3169731e-04
   7.8488925e-02   1.2166855e-01  -4.2172389e-02  -3.7552267e-04   3.3415862e-04   1.1417166e-03
   5.1942018e-02  -3.3991084e-02  -1.8956836e-01   8.2122595e-04   2.8140735e-04   9.7342316e-04
   6.7015156e-02   1.3195367e-01  -5.0466889e-02  -2.3250538e-04   7.5125649e-04   1.3384408e-03
   5.6226271e-02   2.8306190e-02  -1.6565372e-01   1.5577893e-04   1.0466233e-03   1.4075232e-03
   5.6502816e-02   7.7702993e-03  -9.5805722e-02   2.2261524e-04   1.0045415e-03   1.3383738e-03
   4.3657650e-02  -1.2277842e-05  -1.6822692e-01   1.0464145e-03   9.9345218e-04   1.0574213e-03
   5.6836711e-02   1.0344886e-01  -6.9607935e-02  -9.3706481e-05   8.4133091e-04   1.4907363e-03
   6.9885040e-02  -1.4687012e-02  -1.3334833e-01   6.4641740e-04   7.9392297e-04   1.2693951e-03
   9.7745990e-02   1.3725458e-01  -1.0290265e-01  -6.8858195e-04   8.2844362e-04   1.9571411e-03
   6.5626175e-02  -1.3464143e-02  -2.7120799e-01   1.1841616e-04   5.1017114e-04   1.2943427e-03
   8.5733604e-02   1.5023328e-01  -1.4194283e-01  -2.1024776e-03   5.2015176e-04   1.5091232e-03
   3.8421615e-02  -4.9658314e-02  -2.7417024e-01  -1.4630877e-03   1.2246222e-03   1.2155474e-03
   2.8432580e-02   1.1162982e-01  -2.3714045e-01  -1.6512481e-03   1.6432024e-03   1.1605902e-03
   5.0828926e-02  -3.5438359e-02  -1.8044221e-01  -4.6204827e-04   1.2966326e-03   1.1680843e-03
   4.4862111e-02  -4.3328473e-02  -1.5422578e-01  -9.1804211e-04   1.0965283e-03   1.4857195e-03
   6.6193845e-02  -6.8726034e-02  -1.6453075e-01   2.5716764e-04   9.6617361e-04   1.0696815e-03
   6.7028552e-02   1.5813381e-01  -5.1194035e-02  -1.0021224e-03   1.0866122e-03   1.1957027e-03
   6.7513938e-02  -1.2268704e-02  -1.5976751e-01  -2.1582260e-04   9.8842249e-04   1.2083945e-03
   7.1565609e-02   1.0186166e-01  -1.3644700e-01   8.3454256e-04   1.1266975e-03   9.0555316e-04
   8.1311155e-02   2.3547639e-01  -1.2150597e-01  -1.2696609e-03   8.3163009e-04   1.1875651e-03
   5.4798727e-02  -8.6648715e-02  -2.1409321e-01   9.3819256e-04   1.2005238e-03   8.3685927e-04
   7.5746161e-02   1.7409292e-01  -1.3081279e-01   3.2986667e-04   1.0788497e-03   1.3521002e-03
   6.2536993e-02  -1.1968237e-02  -1.2908061e-01   6.1088172e-04   1.1052917e-03   7.3527670e-04
   8.3093933e-02   1.5740167e-01  -1.3459751e-01  -1.3545578e-03   7.3141267e-04   1.1526601e-03
   6.5953547e-02  -7.6329196e-02  -1.8686793e-01   2.3221293e-04   1.0743048e-03   7.2342501e-04
   8.8301497e-02   7.4128645e-02  -1.1541863e-01  -4.3792368e-04   6.1041759e-04   8.1278318e-04
   7.2476430e-02   5.2587206e-02  -2.0272921e-01  -1.7612579e-04   1.0183989e-03   9.4804592e-04
   6.7746646e-02   2.3875099e-02  -1.6679297e-01   4.3652448e-04   1.2876705e-03   7.3031037e-04
   7.8410389e-02   1.1024239e-01  -1.4181511e-01  -1.1935020e-03   1.0735020e-03   1.1435494e-03
   7.7709176e-02  -3.4507858e-03  -2.1164812e-01   9.3378305e-04   1.0238094e-03   6.6424819e-04
   9.7963256e-02   1.0424764e-01  -9.6403737e-02  -7.1878418e-04   7.4691702e-04   9.6028323e-04
   7.6344363e-02   2.3103561e-02  -2.3988291e-01  -2.3632930e-04   1.1836448e-03   7.1131268e-04
   7.4160171e-02   6.0232351e-02  -1.8410126e-01   6.6741072e-04   1.2931741e-03   7.2039083e-04
   5.4212543e-02   7.5223229e-02  -2.2086929e-01  -8.2719379e-04   1.3638493e-03   1.0143088e-03
   5.3915094e-02  -3.8814597e-02  -2.5211794e-01   7.7326373e-04   1.4902895e-03   7.4719250e-04
   4.7454879e-02   1.0970773e-01  -1.4189744e-01  -6.9674668e-04   1.5991956e-03   9.7790465e-04
   4.9658400e-02   7.6986102e-03  -2.3452674e-01  -1.6401628e-04   1.3372473e-03   1.0821233e-03
   4.4185250e-02  -4.6786170e-02  -2.1804618e-01   3.4355873e-04   1.5729473e-03   9.7260195e-04
   5.5341219e-02   2.6953587e-02  -2.2766704e-01  -1.0539503e-03   1.3667983e-03   1.0885427e-03
   6.3688821e-02  -6.2365199e-02  -2.6004516e-01  -7.7586838e-04   1.6374497e-03   9.8098525e-04
   8.0439512e-02   2.9394217e-02  -3.2375902e-01  -7.1860774e-04   1.6950789e-03   1.4734108e-03
   6.8997473e-02  -4.6688900e-02  -2.2900852e-01  -1.0189583e-04   1.4781150e-03   1.1633703e-03
   6.6627216e-02   1.0104064e-02  -2.4626970e-01  -1.7478881e-03   1.1403656e-03   1.6437321e-03
   5.4861049e-02  -8.5620250e-02  -3.3171809e-01   2.4893271e-04   1.5141714e-03   1.1930953e-03
   5.5188525e-02   2.2223033e-01  -2.3787082e-01  -1.8747008e-03   1.8441681e-03   1.4965774e-03
   5.2729181e-02  -1.5214205e-01  -3.5192144e-01   6.6098060e-04   1.5538507e-03   1.2243028e-03
   3.9497986e-02   7.9845295e-02  -2.6138562e-01  -5.6415565e-06   2.0903576e-03   1.3341866e-03
   4.9991762e-02   1.3496819e-02  -2.3765304e-01  -7.5490787e-04   1.7095432e-03   1.7047782e-03
   5.8651614e-02  -1.7537188e-02  -3.0560116e-01  -1.7023879e-04   1.3767267e-03   1.2787992e-03
   7.0239607e-02   2.3489394e-01  -2.0931355e-01  -2.1473429e-03   1.5463121e-03   1.7572122e-03
   4.2421679e-02  -2.0618384e-02  -3.7466957e-01  -1.5545974e-04   1.3864112e-03   1.6901096e-03
   4.0069540e-02   9.7944246e-02  -3.2258602e-01  -1.2364779e-03   1.5662436e-03   1.7313658e-03
   2.6595382e-02  -7.9818974e-02  -3.4512447e-01  -9.0990277e-04   1.4895577e-03   1.6796529e-03
   3.4912159e-02   6.5298119e-02  -3.5290495e-01  -1.5118531e-03   1.5768058e-03   1.5802088e-03
   3.2689385e-02   1.3139753e-01  -3.6490194e-01  -2.3481300e-04   1.7627527e-03   1.5071455e-03
   3.5278752e-02   1.9857558e-01  -3.2995990e-01  -1.7341200e-03   1.3314215e-03   2.0341439e-03
   2.5728780e-02   5.0411211e-02  -4.1635307e-01  -1.3389329e-03   1.5816376e-03   1.7791752e-03
   3.7671726e-02   1.0703945e-01  -3.2679461e-01  -1.4849637e-03   1.8002908e-03   1.4945979e-03
   3.4267242e-02  -1.7737214e-02  -4.3265115e-01  -6.4005954e-04   1.5394165e-03   1.6784775e-03
   4.7404243e-02   7.3047861e-02  -3.5068936e-01   8.0913367e-05   1.6612799e-03   1.3348556e-03
   5.2839826e-02   8.8815320e-02  -3.3257251e-01  -1.3297810e-03   1.6646474e-03   1.7528449e-03
   6.3354088e-02  -2.1173139e-02  -4.4026165e-01   8.3259035e-05   2.2087403e-03   1.6587919e-03
   6.8096312e-02   6.1851197e-02  -3.0856287e-01  -5.7902508e-04   1.9291380e-03   1.9393791e-03
   6.6887859e-02   8.9173783e-03  -3.9554881e-01  -1.1400889e-03   2.4368196e-03   1.9759700e-03
   6.3948930e-02  -4.0105527e-02  -3.6317439e-01  -1.6997422e-03   1.8790443e-03   1.9735953e-03
   6.4905503e-02  -9.8452686e-02  -4.4614591e-01  -1.2252750e-03   2.3246848e-03   1.7001229e-03
   6.5231018e-02   4.6837615e-02  -3.6332407e-01  -2.4081977e-03   1.4957063e-03   2.1440856e-03
   4.8254912e-02  -4.5224104e-02  -4.5140537e-01  -1.8675488e-03   1.6142651e-03   2.0275232e-03
   1.8656206e-02   6.4621690e-02  -4.6303298e-01  -1.6491316e-03   2.1784972e-03   1.7972975e-03
   3.8933082e-02   5.0891629e-02  -4.0270932e-01  -1.5850233e-03   1.7604843e-03   1.9014115e-03
   1.9911568e-02   1.0548290e-01  -4.5546021e-01  -1.9301563e-03   2.2063165e-03   1.7530666e-03
   2.0160233e-02   6.2896683e-02  -4.0641708e-01  -1.6657060e-03   2.2663632e-03   1.7642712e-03
   1.1979432e-02   5.9649817e-03  -4.4279561e-01  -2.3737103e-03   2.1201640e-03   1.8454965e-03
   2.0716373e-02  -4.3104440e-02  -4.7419642e-01  -4.5173787e-04   2.0809180e-03   1.5367829e-03
   4.1267487e-02   2.0433256e-01  -3.5223400e-01  -2.4912390e-03   1.9395166e-03   2.1288534e-03
   2.7161378e-02   1.2417607e-02  -4.4971927e-01  -8.8801844e-04   2.0744108e-03   1.6189215e-03
   3.0217373e-02   1.0657317e-01  -4.2286000e-01  -1.2272647e-03   2.1034921e-03   1.6973315e-03
   2.7416671e-02   8.0764162e-02  -4.2071864e-01  -2.0285606e-03   2.1252336e-03   1.9653516e-03
   2.3288801e-02   7.5869618e-02  -4.6254814e-01  -1.8962003e-03   2.1373047e-03   2.1112551e-03
   2.8200173e-04  -1.0966547e-02  -4.6138114e-01  -1.5642335e-03   2.5993086e-03   1.7708930e-03
   2.1764905e-02   5.9803219e-02  -4.0596109e-01  -2.5127121e-03   1.9537645e-03   2.0310771e-03
   1.4588681e-02   3.0205550e-02  -5.2548780e-01  -1.1980020e-03   2.2530139e-03   2.0411318e-03
   2.1341968e-02   1.4845816e-01  -4.2701327e-01  -2.4569974e-03   2.2877560e-03   2.0281503e-03
   1.6441498e-02   6.9787193e-03  -4.9397250e-01  -1.2544776e-03   2.5042667e-03   1.8292188e-03
   2.6636119e-02   8.6456047e-02  -4.3437215e-01  -2.1984029e-03   2.3584621e-03   1.9879495e-03
   1.4904629e-02   5.7689934e-02  -5.2052158e-01  -2.1422499e-03   2.2651357e-03   1.7751645e-03
   2.4053028e-02   1.5317722e-02  -4.3545706e-01  -2.0043382e-03   2.2393045e-03   1.9008004e-03
   1.4713661e-02  -7.3662278e-03  -4.4505110e-01  -2.7475526e-03   2.2064630e-03   2.1609512e-03
   6.4537497e-04  -1.2154353e-02  -5.3202740e-01  -1.3613631e-03   2.5633695e-03   1.9717640e-03
   2.2862268e-02   3.9771548e-02  -4.1091350e-01  -2.0771325e-03   2.2855293e-03   1.9672173e-03
   1.7756430e-02   1.4809680e-02  -4.7358914e-01  -2.0426438e-03   2.1791135e-03   1.8576233e-03
   1.0314487e-02  -7.1110642e-02  -5.0940835e-01  -4.4097549e-04   2.6510407e-03   1.6798586e-03
   2.2951769e-02   1.8566530e-01  -4.1161823e-01  -2.3155484e-03   2.2682756e-03   2.1549460e-03
   8.9055931e-03   3.2843687e-02  -5.2404289e-01  -1.0394722e-03   2.5521045e-03   1.8626326e-03
   2.8009714e-02   1.2888097e-01  -4.2659424e-01  -1.9187017e-03   2.4223951e-03   2.3209482e-03
  -1.3085580e-02   3.1291779e-02  -5.5054141e-01  -1.6409920e-03   2.8166686e-03   2.1210621e-03
   5.1351690e-03  -2.3586492e-02  -5.2475117e-01  -1.8490838e-03   2.7422411e-03   2.0642244e-03
  -1.1233484e-02   8.6064065e-03  -5.3976017e-01  -1.8794700e-03   2.8154432e-03   2.0749866e-03
  -1.1861818e-02  -2.6879396e-02  -5.0925155e-01  -1.7703984e-03   2.8820247e-03   1.9466949e-03
  -1.4616075e-02   1.0400651e-02  -4.7064561e-01  -2.1194721e-03   2.8458316e-03   2.1342025e-03
  -1.6408280e-02   3.8283096e-02  -5.1511916e-01  -1.9571321e-03   2.6678933e-03   2.0207212e-03
  -1.4450560e-02  -1.1749218e-02  -4.8558978e-01  -1.3625537e-03   2.9221565e-03   1.7400860e-03
  -2.1042830e-05   7.9697636e-02  -4.2217120e-01  -2.4503584e-03   2.4846094e-03   2.0406223e-03
  -1.0230380e-02   4.6437248e-02  -5.3395098e-01  -2.0976295e-03   2.6869321e-03   1.7296242e-03
  -9.3274133e-03   7.7049373e-02  -4.2864835e-01  -2.3368187e-03   2.7270827e-03   1.9309159e-03
  -4.3635861e-03  -1.8317129e-02  -4.8060314e-01  -1.9862510e-03   2.4494762e-03   1.9959353e-03
  -2.0467133e-02   3.4139382e-02  -5.2173266e-01  -1.6143192e-03   3.0718887e-03   1.5983882e-03
  -1.4428919e-02   7.4036871e-02  -4.6303104e-01  -1.7502373e-03   2.9288930e-03   1.9391293e-03
  -1.9411512e-02   4.1839484e-02  -5.2098915e-01  -2.1116637e-03   2.6803080e-03   1.8239977e-03
  -3.8259924e-03  -6.1207301e-02  -5.1254990e-01  -1.0670706e-03   3.3783920e-03   1.3688583e-03
   3.5127177e-02   3.0868881e-02  -4.1572365e-01  -2.3294440e-03   2.8304005e-03   1.9101140e-03
  -1.2447465e-02  -2.2739116e-02  -5.6749199e-01  -1.1818929e-03   2.9999334e-03   1.9604611e-03
  -2.0014091e-03  -4.7723385e-02  -4.5029198e-01  -1.4992598e-03   3.0328077e-03   1.8763974e-03
   2.8752384e-03   2.4336555e-03  -5.2876742e-01  -1.3705786e-03   3.0897460e-03   1.9269901e-03
  -3.4408701e-03  -8.9955614e-02  -4.9383604e-01  -5.7286133e-04   3.3259547e-03   1.8941123e-03
  -4.7336060e-03  -4.9363309e-02  -4.8398875e-01  -2.5651092e-03   3.1738766e-03   1.9611201e-03
   2.2591084e-02  -2.5235094e-01  -6.5300781e-01   1.5611083e-04   2.2216398e-03   1.7122946e-03
   4.1672511e-03   1.1558435e-01  -6.0304654e-01   1.2057833e-03   2.7594309e-03   1.9974481e-03
  -1.2903980e-02   1.1346773e-02  -5.4002322e-01   9.8147932e-05   2.7902276e-03   1.9022956e-03
  -2.4988522e-03  -2.7462938e-02  -6.2162143e-01   1.2382065e-03   2.6160162e-03   1.9543073e-03
   3.6255322e-02  -1.1153568e-02  -4.5378000e-01   1.5060681e-04   2.7585436e-03   1.9752821e-03
   1.7236811e-02  -7.9783292e-02  -5.1127132e-01  -6.0124069e-04   1.9349761e-03   2.3247004e-03
   1.0360384e-02  -1.3771030e-01  -5.4765063e-01   5.7857616e-04   2.2297336e-03   1.8538526e-03
  -2.6346836e-03   7.1501029e-02  -5.9772540e-01   6.4293651e-04   2.7423298e-03   1.6674302e-03
  -1.0551487e-03   1.5800820e-01  -4.7354486e-01  -4.7977363e-04   2.9051497e-03   1.7791603e-03
  -2.3802511e-02  -1.0735809e-02  -6.1690682e-01   1.9742343e-04   2.9677856e-03   1.7408788e-03
  -1.6315806e-02   2.0992729e-02  -5.3858311e-01  -6.7560864e-05   2.7150282e-03   1.5717749e-03
  -4.1295344e-02  -1.8284573e-02  -5.7912952e-01   5.5540799e-04   2.7378166e-03   1.5593377e-03
  -4.1184335e-02  -9.9412310e-05  -5.0530328e-01   1.1348945e-04   3.3606044e-03   1.6494381e-03
  -3.5615498e-02  -7.5437572e-02  -5.8399926e-01   1.8482206e-03   2.9220385e-03   1.6184487e-03
  -1.8104568e-02   6.3981613e-02  -4.5397670e-01  -8.3270710e-04   2.8289026e-03   1.8763573e-03
  -1.7752231e-02  -5.2354139e-02  -5.8652317e-01   4.4855676e-04   2.7872805e-03   1.6804655e-03
  -2.2491425e-02  -8.7304640e-03  -4.5557506e-01   2.0487547e-05   2.8799519e-03   1.8697991e-03
  -4.8322646e-02   1.3223431e-02  -5.3533501e-01  -7.5812942e-04   3.0097923e-03   1.7288659e-03
  -3.0172983e-02  -9.5671892e-02  -5.1019170e-01   1.5413849e-03   3.4424882e-03   1.3693792e-03
  -3.3231547e-02   9.7391589e-02  -4.8883566e-01  -4.3680533e-04   3.0360752e-03   1.8765909e-03
  -4.4834807e-02  -7.4902237e-03  -5.3237063e-01  -4.7753429e-04   2.8362230e-03   1.6739208e-03
  -5.2480414e-02  -3.1519783e-03  -6.0719893e-01   1.1209198e-03   2.9958804e-03   1.3426767e-03
  -4.1724044e-02   1.5997561e-01  -4.9285734e-01  -8.2489247e-04   2.8696743e-03   1.5486234e-03
  -6.1914097e-02  -6.8718592e-02  -6.3188999e-01   1.0861285e-03   3.0327289e-03   1.4374771e-03
  -4.7683821e-02   9.1019780e-02  -5.0662252e-01  -2.2198992e-04   3.0044826e-03   1.4514097e-03
  -6.1556938e-02  -2.8311019e-02  -6.2938609e-01   3.7306350e-04   2.9679184e-03   1.4663652e-03
  -4.7235512e-02  -6.5704932e-02  -5.4954913e-01   7.9936521e-05   2.7914974e-03   1.4090082e-03
  -6.3760339e-02  -5.9524423e-02  -5.6342473e-01  -7.6362582e-04   2.8761140e-03   1.5983996e-03
  -7.4766454e-02  -9.4783861e-02  -6.0524892e-01   9.2065043e-04   3.2400464e-03   1.3524595e-03
  -5.8782140e-02   1.3853710e-01  -5.0637846e-01  -1.2967710e-03   3.2254065e-03   1.6529427e-03
  -7.2042721e-02  -6.2985838e-02  -5.9002411e-01  -2.9470673e-04   3.1543034e-03   1.2645609e-03
  -7.3275487e-02   4.1124991e-02  -6.3430020e-01   8.1034631e-04   3.4314531e-03   1.3813821e-03
  -7.0079150e-02   1.3816248e-01  -5.3372182e-01  -8.0720360e-04   3.3670770e-03   1.3806970e-03
  -7.7159374e-02  -6.5794439e-02  -6.0412270e-01   1.1601803e-04   2.9724841e-03   1.4896586e-03
  -9.6987308e-02  -8.0820961e-02  -6.5799849e-01   1.5664803e-03   3.7467573e-03   1.0557389e-03
  -5.7095080e-02   1.2909173e-01  -5.7869465e-01  -1.0635407e-03   3.5235850e-03   1.6914274e-03
  -7.3675200e-02  -1.0126015e-02  -6.4125921e-01  -5.1614101e-04   3.5194880e-03   1.6114599e-03
  -7.2791676e-02  -1.1619558e-01  -6.1216932e-01   8.8308719e-04   3.4912084e-03   1.4278082e-03
  -6.2092194e-02   1.5945304e-02  -5.4968840e-01  -9.2601052e-04   3.1836468e-03   1.8794990e-03
  -6.7957493e-02  -6.4200654e-02  -6.4848052e-01   1.8804954e-04   3.1605890e-03   1.8176558e-03
  -7.3344343e-02   2.1366782e-02  -5.6060698e-01   3.2697691e-04   3.8679676e-03   1.4612261e-03
  -4.2691233e-02  -6.6457425e-02  -5.1975844e-01   3.6033827e-04   3.3352453e-03   1.6167828e-03
  -6.2970061e-02  -1.0724947e-01  -5.6400967e-01  -4.4651898e-05   3.3069865e-03   1.6411624e-03
  -6.3219755e-02  -2.9777990e-02  -6.5554775e-01   2.2636154e-04   3.4535381e-03   1.6065634e-03
  -6.5529700e-02  -3.6874879e-02  -5.7697933e-01   4.5769819e-04   3.7108731e-03   1.4013528e-03
  -5.8984426e-02   2.9533120e-02  -5.8959911e-01  -1.0330347e-03   3.2655383e-03   1.9474573e-03
  -8.1223607e-02  -4.5009663e-02  -6.9991559e-01   1.6682356e-04   3.5710859e-03   1.6636899e-03
  -6.0808062e-02   8.7384266e-02  -5.4424039e-01  -4.3577415e-04   3.5795922e-03   1.7995005e-03
  -5.9398448e-02  -3.8772393e-02  -6.1452222e-01  -7.6199746e-04   3.2354349e-03   1.9659565e-03
  -5.4217740e-02  -7.6987824e-02  -6.0344393e-01   6.3243267e-04   3.7895692e-03   1.2892021e-03
  -7.8712993e-03  -1.0053521e-02  -5.2291346e-01  -2.2554100e-05   3.5710572e-03   1.1625138e-03
  -2.5973328e-02  -6.2622789e-02  -5.6122091e-01  -4.2334236e-04   3.0150364e-03   1.6728337e-03
  -4.6421267e-02  -5.6400449e-02  -6.8748962e-01  -1.3432863e-04   3.5701204e-03   1.6567068e-03
  -3.9573881e-02  -2.0242345e-02  -6.0180037e-01  -3.4934510e-04   3.5430399e-03   1.6560233e-03
  -5.4982312e-02  -4.9004343e-02  -6.4896459e-01  -9.9700860e-04   3.3568662e-03   1.9206089e-03
  -5.8558142e-02  -7.4167732e-02  -6.8525074e-01   1.1838944e-03   3.6675963e-03   1.3522179e-03
  -4.8148176e-02   5.1861914e-02  -5.8753338e-01  -6.6796718e-04   3.4642795e-03   1.7466986e-03
  -6.8698785e-02  -9.6288016e-02  -6.8082554e-01  -5.8334115e-04   3.2424260e-03   1.7500322e-03
  -7.7548589e-02  -4.4497832e-02  -6.5081300e-01   2.2839638e-04   3.7992719e-03   1.4697318e-03
  -7.5952875e-02   7.4041330e-02  -5.7906923e-01  -1.1394673e-04   3.6082496e-03   1.1764571e-03
  -1.0561754e-01  -5.2771192e-02  -5.8531845e-01  -5.5122776e-04   3.1876174e-03   1.0631668e-03
  -1.0691471e-01   3.8493746e-02  -6.6704989e-01  -9.5572412e-04   3.1452607e-03   1.2769562e-03
  -1.1018514e-01   3.5188017e-02  -6.4265883e-01  -1.0435971e-04   3.7806163e-03   1.0513401e-03
  -8.5942275e-02   1.3782395e-01  -6.3543399e-01  -6.5051504e-04   3.4043019e-03   1.3530042e-03
  -9.8849872e-02  -6.2449663e-02  -6.5271784e-01  -8.7422296e-04   3.7274733e-03   1.4508125e-03
  -7.0712993e-02  -7.7266400e-02  -6.6317386e-01   3.8107298e-04   4.2433935e-03   1.1521880e-03
  -6.6602269e-02   6.7392870e-04  -6.4037507e-01  -6.6032970e-04   3.9252676e-03   1.5208161e-03
  -7.8964514e-02  -7.1951155e-02  -7.0763020e-01  -1.7326505e-04   3.6637671e-03   1.5020890e-03
  -5.7974112e-02  -1.1784549e-01  -6.5218360e-01   8.1541434e-04   3.7852820e-03   1.2350744e-03
  -6.8333177e-02   6.9942645e-02  -6.4224474e-01  -1.4580410e-03   3.5805686e-03   1.6828293e-03
  -7.6438898e-02  -1.0421647e-01  -7.2965251e-01   3.9554827e-04   3.7729770e-03   1.3758241e-03
  -4.2369658e-02   3.9107529e-02  -5.8446118e-01   3.3156775e-04   3.5571170e-03   1.3696872e-03
  -6.6726961e-02  -7.1147578e-02  -6.5242690e-01   1.6782955e-04   3.5639368e-03   1.4913428e-03
  -6.7847896e-02  -1.4269238e-01  -6.6750776e-01   1.4298871e-03   3.7524548e-03   1.3452717e-03
  -5.4533664e-02   5.5808486e-02  -5.4458307e-01   4.7853873e-04   3.7546582e-03   1.5510479e-03
  -7.3113205e-02  -8.4798140e-02  -6.2846783e-01   1.8602745e-05   3.4757925e-03   1.4959478e-03
  -5.7302549e-02  -5.8886428e-02  -6.4837027e-01   1.7386237e-03   3.5255177e-03   1.3685683e-03
  -5.9162670e-02  -1.3840765e-02  -5.5763917e-01   1.0001595e-03   3.6636947e-03   1.3436577e-03
  -6.4362086e-02  -4.9686854e-02  -6.8758033e-01   7.2688318e-04   3.6124512e-03   1.4105435e-03
  -6.3696103e-02  -7.3807716e-02  -5.9881342e-01   1.2248912e-03   3.6596842e-03   1.3245548e-03
  -5.3420573e-02  -1.3461384e-01  -6.4063961e-01   5.5390148e-05   3.1408528e-03   1.3100849e-03
  -6.9514590e-02  -7.0310696e-02  -6.8185448e-01   9.9473340e-04   3.5179314e-03   1.3501848e-03
  -6.2846826e-02   4.2547607e-02  -5.6933080e-01   6.5379853e-04   3.7027047e-03   1.4039373e-03
  -7.7738340e-02  -7.8168673e-02  -6.2826484e-01  -5.2669697e-04   3.4732207e-03   1.2503936e-03
  -7.6518978e-02  -1.3381095e-01  -7.2150450e-01   7.8727160e-04   3.7361729e-03   1.0935170e-03
  -4.0733354e-02  -2.2848285e-02  -5.5189775e-01   1.0425389e-03   3.6263976e-03   1.2496854e-03
  -9.5359278e-02  -1.2020070e-01  -6.7905111e-01   1.9664749e-03   3.8262783e-03   1.0531978e-03
  -4.2938948e-02  -1.6880568e-01  -5.4675457e-01   4.5567489e-04   3.7659029e-03   1.0834502e-03
  -6.3041268e-02  -3.5312098e-02  -6.6913600e-01   1.5851826e-03   3.5142856e-03   1.1308545e-03
  -5.3119886e-02  -4.4748356e-02  -5.4687512e-01   1.2808080e-03   3.4780244e-03   1.4295822e-03
  -8.4145333e-02  -1.6688628e-01  -6.2410543e-01   2.5006920e-03   3.8769269e-03   1.4740742e-03
  -5.1513809e-02  -3.3617508e-02  -5.3453598e-01   1.0581275e-03   3.4770109e-03   1.5801921e-03
  -6.1635383e-02  -2.9064768e-02  -6.1039964e-01   1.5752665e-03   3.5915618e-03   1.0167955e-03
  -4.5448955e-02  -3.3556995e-02  -5.1478399e-01   1.0726087e-03   3.4953285e-03   1.0950084e-03
  -5.4001681e-02  -1.3882836e-01  -5.3364130e-01   2.2642248e-04   3.5308812e-03   1.3299322e-03
  -7.8800571e-02  -8.6271406e-02  -6.6541396e-01   1.2308479e-03   3.7294975e-03   9.9629283e-04
  -7.2967712e-02   4.2893900e-03  -5.7242494e-01   8.5336516e-04   3.8610116e-03   1.2980921e-03
  -7.5088052e-02  -1.4898399e-01  -6.2628125e-01   5.8070513e-04   3.4244894e-03   1.2475389e-03
  -8.1615866e-02   1.9283215e-03  -6.6978696e-01   4.6974265e-04   3.8507153e-03   1.2733235e-03
  -4.6017541e-02  -6.1381776e-02  -5.3020433e-01   6.9401637e-04   3.8091647e-03   1.1941015e-03
  -7.2427106e-02  -7.9307050e-02  -6.9531476e-01   6.0316545e-04   3.5076270e-03   1.4733354e-03
  -7.2650335e-02  -4.3646390e-02  -5.8965097e-01   5.1737023e-04   3.7506944e-03   1.3108272e-03
  -6.1607639e-02  -7.8172381e-02  -5.5914527e-01  -5.3837138e-04   3.3017656e-03   1.3138067e-03
  -4.0182460e-02  -7.2879823e-02  -6.1135593e-01   4.3863177e-05   3.7424039e-03   8.6192088e-04
  -4.0275020e-02  -4.2776079e-02  -4.8222601e-01  -2.3982265e-04   3.8515810e-03   1.3038521e-03
  -4.7400353e-02  -1.1872163e-01  -5.4532192e-01  -8.7309509e-04   2.9507098e-03   1.6310321e-03
  -4.5662997e-02  -1.2071237e-01  -5.7015604e-01   7.9311921e-04   3.5529955e-03   1.2381390e-03
  -4.0727532e-02   2.7160723e-02  -5.0952510e-01   5.7078595e-04   3.3953490e-03   1.4001210e-03
  -3.7893403e-02  -4.9169063e-03  -4.5250118e-01  -1.0514330e-03   3.1733659e-03   1.1416315e-03
  -5.4973368e-02  -3.6358106e-02  -6.4216735e-01  -8.7502414e-04   3.2340965e-03   1.4061967e-03
   3.0834922e-02   1.2420786e-02  -5.0969422e-01  -2.8150833e-03   1.3813659e-03   4.2010990e-03
   3.2483632e-02   8.6079955e-02  -6.4051809e-01  -2.6939598e-03   1.1682136e-03   4.2225466e-03
  -1.2485298e-02   1.0458133e-02  -5.3755664e-01  -2.4071986e-03   1.7115047e-03   3.4833361e-03
  -2.2259915e-02   5.5701084e-02  -6.2961086e-01  -1.9437245e-03   1.6679872e-03   3.1224741e-03
  -2.1994165e-02  -3.3970881e-02  -5.3144602e-01  -3.4706291e-03   1.5857664e-03   3.1919344e-03
  -3.1668675e-02  -4.7769337e-02  -5.9143551e-01  -2.5507662e-03   1.4892025e-03   3.0031318e-03
  -4.4723630e-02   7.0303007e-02  -5.7208663e-01  -1.3976398e-03   2.0873118e-03   2.8066181e-03
  -3.6120908e-02   1.3395175e-01  -4.8753619e-01  -1.9149040e-03   1.8294235e-03   2.6127919e-03
  -4.1351941e-02  -2.1648200e-02  -5.7479953e-01  -2.5727427e-03   1.3848840e-03   2.5838766e-03
  -5.8481941e-02   4.3914021e-02  -6.3819007e-01  -1.5179486e-03   1.8985489e-03   2.2250549e-03
  -3.9356138e-02   2.0043672e-01  -4.9360025e-01  -2.3224341e-03   1.6133238e-03   2.1325443e-03
  -6.9881011e-02  -2.4311245e-02  -5.9437782e-01  -3.3376021e-03   2.0286077e-03   2.2935487e-03
  -6.9966476e-02   3.3038967e-02  -6.4322534e-01  -1.7988042e-03   2.1682204e-03   1.8162884e-03
  -6.2691917e-02   1.7397297e-01  -5.4899792e-01  -2.9373009e-03   1.7978470e-03   2.2469680e-03
  -8.8856017e-02   4.5454706e-02  -6.9315645e-01  -1.3122671e-03   2.4201747e-03   1.7330455e-03
  -8.4880835e-02   7.3261535e-02  -6.1509164e-01  -2.1354391e-03   2.3481113e-03   1.7565091e-03
  -9.7999749e-02   4.0212256e-02  -6.8833143e-01  -2.0484287e-03   2.2157782e-03   1.7764900e-03
  -1.0647369e-01  -5.9869014e-02  -6.6644689e-01  -1.2339529e-03   2.5557245e-03   1.7088111e-03
  -9.2997961e-02   1.2279257e-01  -6.2129926e-01  -2.9192899e-03   2.2818292e-03   1.9006410e-03
  -1.0720081e-01  -6.8088093e-02  -7.1297328e-01  -1.0609659e-03   2.5552812e-03   1.6655004e-03
  -9.9608291e-02   2.2243623e-01  -6.0949060e-01  -2.9119164e-03   2.5896955e-03   1.8046502e-03
  -1.0394436e-01  -7.7364333e-02  -6.7592256e-01  -7.0777128e-04   2.5175531e-03   1.2898106e-03
  -8.9885819e-02   1.9737460e-01  -5.7591050e-01  -2.8523531e-03   2.2193091e-03   1.8855186e-03
  -1.0603415e-01  -5.8881933e-02  -6.5803571e-01  -1.7570822e-03   2.2874238e-03   1.5674436e-03
  -9.9386203e-02   1.6609292e-01  -5.7317155e-01  -2.8558659e-03   2.0285152e-03   1.7088317e-03
  -1.2338868e-01  -6.2354225e-03  -6.8370394e-01  -1.5708445e-03   2.4934344e-03   1.2090307e-03
  -1.0919292e-01   1.7212248e-01  -5.4994250e-01  -2.0886967e-03   2.2551891e-03   1.4425757e-03
  -1.3925884e-01  -6.5069417e-03  -6.2768008e-01  -2.1791954e-03   2.4917815e-03   1.2408363e-03
  -1.3054161e-01  -3.4281792e-03  -6.4688549e-01  -9.7800474e-04   2.6565111e-03   9.7278500e-04
  -1.1842433e-01   1.7771744e-01  -6.0090974e-01  -2.0817343e-03   2.3042081e-03   1.2762322e-03
  -1.4361411e-01   4.1600051e-02  -6.8202981e-01  -2.2169747e-03   2.7251520e-03   1.1773201e-03
  -1.4788052e-01  -2.6410357e-02  -6.8095187e-01  -6.6905555e-04   2.6609837e-03   8.2330889e-04
  -1.4410829e-01   1.0198060e-01  -5.9897475e-01  -1.2273065e-03   2.5806233e-03   9.0594013e-04
  -1.5877327e-01   4.1038014e-02  -6.7206666e-01  -1.4781145e-03   2.6547586e-03   8.8609355e-04
  -1.5788408e-01   1.6916206e-02  -6.6600189e-01  -6.4781897e-04   2.7626987e-03   6.5951129e-04
  -1.5047364e-01   1.4628848e-01  -6.0479359e-01  -1.2169194e-03   2.5347143e-03   8.9571337e-04
  -1.5962006e-01   2.1535862e-02  -6.9389685e-01  -8.5743178e-04   2.6252399e-03   9.0012423e-04
  -1.5141283e-01   1.2970029e-02  -6.4839046e-01  -6.2099691e-04   2.5286287e-03   5.9887223e-04
  -1.4821363e-01   9.6397694e-02  -6.0452999e-01  -1.1174722e-03   2.6584220e-03   9.3587350e-04
  -1.3527369e-01   6.9912959e-02  -6.8356322e-01  -1.5395637e-03   2.3325587e-03   1.6289959e-03
  -1.0853581e-01  -2.3609072e-02  -6.9764101e-01  -1.4190743e-03   1.6922293e-03   2.5833055e-03
  -1.2098551e-01   1.2261806e-01  -6.0755328e-01  -1.7030678e-03   2.0251726e-03   2.1793394e-03
  -1.4469024e-01   4.3363453e-02  -6.5288871e-01  -1.3730840e-03   2.3165972e-03   1.8093955e-03
  -1.5862856e-01   7.4982561e-02  -7.0229017e-01  -7.6746295e-04   2.7239136e-03   1.3036551e-03
  -1.4609847e-01   9.3456510e-02  -6.6531563e-01  -9.9641450e-04   2.6116656e-03   1.6601382e-03
  -1.5544863e-01   6.7513399e-03  -6.8350755e-01  -1.5759607e-03   2.5909376e-03   1.7111661e-03
  -1.5513356e-01   4.0736808e-02  -6.9392081e-01  -1.5454042e-03   2.6345423e-03   1.7452349e-03
  -1.7076450e-01   4.7257684e-02  -7.2911179e-01  -5.6450348e-04   3.1013202e-03   1.2445792e-03
  -1.6769820e-01   1.1167685e-01  -6.3275113e-01  -6.6094028e-04   3.2245605e-03   1.1019121e-03
  -1.6371554e-01  -6.4182956e-02  -6.8284437e-01  -1.0993423e-03   2.8435465e-03   1.1787921e-03
  -1.5955797e-01   7.8979676e-02  -6.6558784e-01  -1.0023989e-03   2.8191297e-03   1.2400196e-03
  -1.7367084e-01  -5.4016872e-02  -6.8593452e-01   8.9080443e-04   3.2173222e-03   8.5739612e-04
  -1.5246454e-01   1.5637488e-01  -5.2922111e-01  -1.1473194e-03   2.8679472e-03   1.2583952e-03
  -1.6574004e-01  -8.4089661e-03  -6.7556894e-01  -1.0302230e-04   2.9631178e-03   1.0684399e-03
  -1.4793832e-01   1.2761377e-01  -5.6509114e-01  -3.0421224e-04   3.0214223e-03   1.1210085e-03
  -1.5877108e-01  -1.2300896e-02  -6.0235605e-01  -3.9357534e-04   3.0155223e-03   1.0804260e-03
  -1.5628910e-01   1.4002318e-02  -6.1548623e-01  -7.7466901e-04   3.0066823e-03   7.9865340e-04
  -1.6253018e-01   1.0457309e-01  -6.2565448e-01   4.7168965e-04   3.3574368e-03   7.7063669e-04
  -1.5252033e-01   8.8441551e-02  -5.6923367e-01   1.0734130e-05   3.0531064e-03   7.9917669e-04
  -1.5956161e-01   2.6595621e-02  -5.8494578e-01  -1.6609492e-03   2.7540963e-03   9.6700961e-04
  -1.6777573e-01   3.9684413e-02  -6.8995676e-01  -6.8812369e-04   2.8298565e-03   8.9119861e-04
  -1.6964857e-01   9.2185910e-02  -6.1322066e-01  -2.9456624e-04   3.0953472e-03   8.0295116e-04
  -1.7280535e-01   4.2906523e-02  -5.7057345e-01  -7.6659787e-04   2.9674303e-03   8.9138024e-04
  -1.7991162e-01   6.8047427e-02  -6.6316090e-01  -1.7145299e-03   3.0579126e-03   9.0915397e-04
  -1.8720706e-01   6.2304313e-02  -7.1745962e-01  -1.5933760e-04   3.3164329e-03   6.9226863e-04
  -1.7605264e-01   1.3789901e-01  -6.1407477e-01  -1.4473143e-03   3.0193390e-03   7.0078587e-04
  -1.8591826e-01   6.4254453e-02  -6.8639473e-01  -8.7446806e-04   3.0105695e-03   8.9521522e-04
  -2.0064445e-01  -3.7653433e-03  -7.1904739e-01  -1.3304882e-04   3.4457184e-03   5.5459769e-04
  -2.0349516e-01   3.1147350e-02  -7.0800367e-01  -1.4987131e-03   3.0320715e-03  -3.7869995e-04
  -2.1088010e-01  -1.9065552e-01  -8.3886330e-01   1.1136046e-03  -8.3308384e-04  -1.5370360e-03
  -2.3872934e-01  -9.1980869e-02  -7.4864854e-01   6.1735085e-04   1.2991692e-03  -1.9300352e-03
  -2.4133904e-01  -1.4876152e-01  -7.1131144e-01  -5.2600030e-04   9.0352683e-04  -1.8687491e-03
  -2.6171225e-01  -1.8324584e-01  -7.0693418e-01  -1.0495225e-03   1.1037690e-03  -1.5616191e-03
  -2.8458376e-01  -5.6411197e-02  -7.3248487e-01  -1.0157844e-03   8.8914071e-04  -2.2208525e-03
  -2.9891214e-01  -3.0360984e-01  -4.4953539e-01  -1.6521731e-03   5.4765979e-04  -2.8182189e-03
  -3.1410704e-01  -1.7708550e-01  -6.9152643e-01  -3.7837896e-04   1.2306271e-03  -3.8443941e-03
  -3.0010644e-01   4.7025963e-01  -6.2028930e-01  -2.6396153e-03   1.3922836e-03  -3.2324551e-03
  -3.2693343e-01   8.9529027e-02  -6.9045284e-01  -1.9443733e-03   1.9363337e-03  -3.2196653e-03
  -3.1733056e-01   2.9160534e-02  -6.8248789e-01  -1.8473810e-03   1.6690667e-03  -3.1525941e-03
  -3.0727568e-01   2.0395075e-02  -6.7492077e-01  -1.4014886e-03   1.5784798e-03  -3.0583780e-03
  -3.1512362e-01  -4.3985997e-03  -6.5012933e-01  -3.5611193e-04   1.8770470e-03  -3.1722834e-03
  -3.0930806e-01   2.0028595e-02  -6.3257137e-01  -8.6809388e-04   2.0981315e-03  -2.9280126e-03
  -2.9851507e-01  -9.2734019e-02  -6.1502146e-01  -2.4991498e-03   9.9147022e-04  -2.0758827e-03
  -2.7106211e-01  -2.1454640e-01  -6.3166101e-01  -6.0130882e-04   9.4802606e-04  -2.1420531e-03
  -3.0890591e-02   1.3275491e-01  -4.1983537e-01  -5.4717778e-03  -1.2817609e-03   4.4901350e-03
  -4.0137210e-02   7.6601939e-02  -6.3962051e-01  -5.9776764e-03  -1.6007823e-03   4.0457891e-03
  -1.2901440e-01   2.1085681e-01  -6.6042384e-01  -3.9567549e-03   6.3739025e-05   1.5342434e-03
  -1.3826746e-01   2.4655411e-01  -6.3805065e-01  -4.4127487e-03   9.2478709e-06   1.5553044e-03
  -1.6184645e-01   1.3041935e-01  -7.8533163e-01  -4.7937632e-03   4.6761535e-04   1.6393946e-03
  -1.3445546e-01   1.2689916e-01  -7.4361105e-01  -4.1916940e-03   1.9409884e-04   2.0921894e-03
  -1.6917969e-01   9.8732725e-03  -7.7672871e-01  -1.9141981e-03   8.0534050e-04   1.3778938e-03
  -1.5944121e-01   8.1146540e-02  -6.6728095e-01  -1.1398414e-03   1.1077973e-03   1.3181108e-03
  -1.6348171e-01   6.3632433e-02  -6.2675396e-01  -4.2070279e-04   1.3777629e-03   1.2013224e-03
  -1.3841787e-01   1.1626472e-01  -6.5521393e-01  -5.7749761e-04   6.9364849e-04   1.8073206e-03
  -1.2300017e-01   8.1308555e-02  -6.3146609e-01  -1.6925944e-03  -2.2403453e-05   1.9419453e-03
  -1.4203557e-01   8.8362661e-02  -7.1831746e-01  -8.4956980e-04   3.4886072e-04   1.4816828e-03
  -1.2940581e-01   3.4001781e-02  -6.6376008e-01  -1.4546409e-03  -8.3406984e-05   1.8535524e-03
  -1.5660418e-01  -1.1557064e-02  -6.8725743e-01  -1.3596111e-03   3.0238704e-04   1.4101142e-03
  -1.4946168e-01   1.5165463e-02  -6.7224953e-01  -7.2011505e-04   5.7979399e-04   9.9699952e-04
  -1.2941829e-01   1.8556534e-01  -5.1477428e-01  -1.3575788e-03  -8.3881231e-05   1.4181455e-03
  -1.4194792e-01   8.7925778e-02  -7.1945991e-01  -1.0516749e-03   4.4067224e-04   1.0433341e-03
  -1.3483098e-01   1.5581649e-01  -6.1996327e-01  -6.0663109e-04   2.7174934e-04   1.1249712e-03
  -1.8407464e-01  -4.4320295e-02  -7.4973027e-01   6.2108028e-04   9.4498059e-04   5.6998318e-04
  -1.6455019e-01   7.5704966e-02  -7.1727364e-01   7.3603396e-04   7.7183098e-04   5.7794932e-04
  -1.5548513e-01  -4.5671534e-02  -6.8628507e-01   9.5756909e-04   5.0637638e-04   9.7884663e-04
  -1.7059917e-01  -2.3922694e-02  -7.3293332e-01   1.9185849e-03   7.4191944e-04   9.2949441e-04
