   0.0000000e+00   0.0000000e+00   0.0000000e+00   0.0000000e+00   0.0000000e+00   0.0000000e+00
   1.8616931e-02   1.2860629e-02  -7.1810895e-01   4.3958591e-03  -1.8375947e-04   4.7731531e-04
   6.0284261e-02   7.1128855e-02  -8.0678063e-01   3.4438612e-03  -1.0044103e-03   1.0638081e-03
   4.3262424e-02   1.4781719e-01  -8.0845347e-01   1.6561603e-03  -3.8177248e-05   6.6222423e-04
   2.9661213e-02   1.8414209e-01  -8.8512899e-01   1.2824714e-03   2.6557278e-04   5.9066717e-04
   4.8185253e-02   5.2027097e-02  -9.3755540e-01   2.3505053e-03  -4.0790989e-05   5.2603271e-04
   3.3408789e-02   7.2285731e-02  -8.9529924e-01   2.2548365e-03   6.5465377e-04   6.7348030e-04
   1.0086942e-01   1.7491978e-01  -8.8005389e-01   1.0678819e-03  -7.5480278e-05   1.3178217e-03
   5.8985588e-02   2.8497795e-01  -8.9845504e-01  -7.0043155e-04   6.6176755e-04   1.4577779e-03
   1.0399043e-01   1.3033461e-01  -4.6428733e-01  -2.2375553e-03  -6.7660209e-05   1.5726024e-03
   9.9272738e-02   4.5713878e-01  -6.4129393e-01  -4.3119884e-03  -3.7640463e-05   1.9843696e-03
   2.7244572e-02   2.1619367e-01  -7.9119573e-01  -1.2731266e-03   9.0018440e-04   1.0233770e-03
  -7.0506283e-02   1.9633298e-01  -7.1989783e-01  -5.1738243e-04   1.6546748e-03   2.5336083e-04
  -5.8340169e-02   3.1947773e-01  -7.5075547e-01  -1.4102276e-03   1.8348837e-03   3.9151960e-04
  -4.2151440e-02   3.5130871e-01  -6.9826723e-01  -2.9209382e-03   1.3228930e-03   4.6811020e-04
  -5.9698527e-02   2.0771408e-01  -8.9374790e-01  -8.0391806e-04   1.5622783e-03   1.4059795e-04
  -2.2329481e-03  -8.7113773e-02  -1.1989078e+00   5.4859256e-03   5.4599482e-04   3.8931028e-04
   4.3719709e-03   1.7585931e-01  -1.0543450e+00   2.2180490e-03  -8.9184747e-05  -3.9606755e-04
  -7.3369340e-02   1.7373650e-01  -1.0478847e+00   1.6730967e-03   8.5265813e-04  -6.8020678e-04
  -5.1965623e-02   2.0578152e-01  -1.0608730e+00   1.6112575e-03   5.8557929e-04  -6.9032664e-04
  -5.8399687e-02   2.2946496e-01  -1.0115490e+00   1.4041328e-03   7.1614748e-04  -9.6398878e-04
  -4.9978524e-02   2.6377413e-01  -1.0774403e+00   3.5690700e-04   6.0045839e-04  -1.3465601e-03
  -8.8304996e-02   3.1539000e-01  -8.4737908e-01  -3.4525002e-03   9.2690660e-04  -1.4690605e-03
  -1.1851984e-01   1.5027430e-01  -6.6146839e-01   2.1353730e-03   1.3196604e-03  -2.0978650e-03
  -1.5652575e-01   3.1535389e-01  -9.3512964e-01   9.5802742e-04   1.7442965e-03  -2.4289924e-03
  -9.0520752e-02   2.9383550e-01  -9.9474552e-01  -5.8786828e-04   1.3310558e-03  -1.4950936e-03
  -1.6960105e-01   1.1476220e-01  -1.1212742e+00   1.4929815e-03   2.3612194e-03  -2.2671879e-03
  -1.2883846e-01  -3.6036096e-02  -1.3085178e+00   4.5827693e-03   1.0967153e-03  -2.5201730e-03
  -1.0902802e-01   1.8331486e-01  -1.2390734e+00   2.6580118e-03   1.3544218e-03  -2.0577807e-03
   1.2753282e-02   9.2875286e-02  -1.3392277e+00   2.1021192e-03   7.3818733e-05  -6.7760243e-04
   2.8542270e-02   1.5400260e-01  -1.3309521e+00   9.7086578e-04  -5.7519875e-04  -6.3839181e-04
  -2.5846034e-02   2.0616778e-01  -1.3424155e+00   1.8077617e-03   5.9379633e-04  -9.6313459e-04
  -3.1836580e-02   1.4628491e-01  -1.3802539e+00   2.1220211e-03   5.1901815e-04  -1.3346195e-03
  -7.9358512e-02   1.1921301e-01  -1.4036958e+00   1.2716337e-03   1.5218985e-03  -1.4673724e-03
  -1.8380140e-01   5.3984694e-02  -1.3496919e+00   2.0216749e-03   2.3885469e-03  -2.5312794e-03
  -1.0173077e-01   6.1771610e-02  -1.4368560e+00   4.4423304e-03   1.6022686e-03  -2.1961338e-03
  -9.5736181e-02   1.1736670e-01  -1.3935801e+00   4.8249114e-03   1.7347084e-03  -1.4752390e-03
  -1.4943588e-01  -5.7532032e-02  -9.9359633e-01   5.9674542e-03   2.6251390e-03  -1.0693248e-03
  -1.7609589e-01   5.5452678e-02  -1.8076802e+00   7.6434828e-03   7.7531687e-04  -3.5579276e-03
  -1.8154220e-01  -8.0531544e-02  -1.2559337e+00   3.0045745e-03   1.9423478e-03  -1.0396552e-03
  -1.2555272e-01   1.5970424e-01  -1.0326510e+00   1.0516537e-03   1.4018454e-03   3.3144625e-04
  -1.3023397e-01   4.8180430e-02  -9.7876235e-01   4.1617339e-03   1.5702733e-03  -7.9244585e-04
  -1.8364671e-01  -5.9094645e-02  -1.1417542e+00   6.2985236e-03   2.4825227e-03  -1.8684176e-03
  -1.0928369e-01   1.8980553e-01  -8.8693244e-01   1.6979348e-03   6.9565555e-04  -6.5722827e-04
  -1.4304404e-02   1.1810944e-01  -7.3676843e-01   2.1538697e-03  -4.3654120e-04   3.3072485e-05
  -1.8012559e-01   1.9785805e-01  -1.2323353e+00   4.0423360e-03   7.5723726e-04  -2.9631415e-03
  -1.4354478e-01  -3.1309343e-02  -1.4362604e+00   6.2039633e-03   8.6757935e-04  -1.9905640e-03
  -2.9412139e-02  -1.6742361e-01  -1.4440841e+00   5.1267638e-03  -1.4175027e-03  -1.6879061e-03
  -5.7812790e-02   1.2166548e-01  -1.1715335e+00   3.2687183e-04  -4.2062796e-04  -1.2647789e-03
   3.1470494e-02   1.5314998e-01  -1.2859392e+00   1.7973006e-03  -1.7340724e-03  -1.0074883e-03
   2.1122089e-02   3.0993185e-01  -1.2301506e+00   1.1222076e-03  -5.6445283e-04  -1.3149248e-04
  -1.7582963e-02   1.6902320e-01  -1.2685950e+00   2.1371402e-03  -5.0339099e-04  -5.2156847e-04
  -3.7658599e-02   1.8075799e-01  -1.2744589e+00   2.1996641e-03  -2.4623810e-04  -9.0179592e-04
  -8.8388966e-02   1.3644298e-01  -1.4343519e+00   3.4579740e-03   5.8907457e-04  -1.4922902e-03
  -9.1056549e-02   1.4808440e-01  -1.4488198e+00   3.7443195e-03   7.4936367e-04  -1.3497445e-03
  -1.6793123e-01   2.6035982e-01  -1.2213019e+00  -1.1769872e-04   1.0981375e-03  -2.2084457e-03
  -1.7956704e-01  -1.2266964e-01  -1.2201390e+00   4.5656855e-03   1.6758002e-03  -1.9281706e-03
  -1.2129803e-01   2.7872102e-01  -1.2621241e+00   2.4756671e-03   1.0376615e-03  -1.2815862e-03
  -1.7637768e-01   2.1411642e-01  -1.2293563e+00   1.4008425e-03   2.1504267e-03  -1.5179781e-03
  -1.9191744e-01   2.4727282e-01  -1.0315753e+00   4.8131427e-04   2.3529477e-03  -1.9923377e-03
  -1.8991522e-01   3.4820256e-01  -9.2295909e-01  -2.1356746e-03   2.1790882e-03  -1.7074048e-03
  -1.6122071e-01   2.6484939e-01  -1.1357714e+00  -1.0346618e-03   1.6200237e-03  -1.6921504e-03
  -1.5921508e-01   3.2779627e-01  -1.2972160e+00   1.2168567e-03   1.7655598e-03  -1.4953204e-03
  -2.4627092e-02   3.6978671e-02  -7.7222782e-01   1.7395124e-03  -2.3045567e-04  -1.4836180e-03
  -6.8411764e-02   6.3316282e-02  -8.9501133e-01   4.5255359e-03   4.4420082e-04  -1.0141384e-03
  -4.6289926e-02  -6.7338978e-02  -8.8500506e-01   4.4737684e-03   5.4899449e-04   2.4650842e-05
  -1.2859857e-01  -6.6978972e-02  -1.1248096e+00   7.8536108e-03   1.7572207e-03  -1.0978648e-03
  -1.3456823e-01  -1.5820831e-01  -1.1222191e+00   9.2385338e-03   1.7914610e-03  -1.3308075e-03
  -2.0058099e-01  -6.1408864e-02  -1.2856810e+00   7.4963780e-03   1.9492145e-03  -2.5079914e-03
  -1.9708834e-01  -5.5548456e-03  -1.2282741e+00   5.1962957e-03   2.6215861e-03  -1.7478911e-03
  -2.4189466e-01   1.9530869e-01  -1.1047020e+00  -7.0284077e-04   2.4420736e-03  -2.3467806e-03
  -1.7684441e-01  -2.0869667e-01  -1.7042130e+00   9.1708978e-03   6.9469041e-04  -3.6872168e-03
  -1.7025852e-01   8.5519812e-02  -1.2931039e+00   6.2590596e-03   5.6419314e-04  -2.9743683e-03
  -9.5104847e-02  -1.0856274e-02  -1.4390862e+00   6.9232976e-03  -3.3562115e-04  -2.0300025e-03
  -1.4978586e-01   1.1753054e-01  -1.2933593e+00   4.1399919e-03   3.8369055e-04  -2.1052570e-03
  -1.8419676e-01   4.9318803e-02  -1.4362607e+00   6.7715755e-03   1.1068990e-03  -3.0981516e-03
  -8.5943478e-02  -5.4172753e-02  -1.5604192e+00   7.3904323e-03  -1.6771105e-04  -2.2970495e-03
  -1.8942562e-01   3.4186555e-02  -1.6378611e+00   6.3234248e-03   1.1642283e-03  -2.8851237e-03
  -1.0270602e-01  -8.3812781e-02  -1.6903423e+00   6.9370646e-03   3.6226547e-04  -1.9781488e-03
  -1.2516482e-01  -1.3358921e-01  -1.7288669e+00   8.1625265e-03   8.2188894e-04  -2.0809145e-03
  -1.5888811e-01  -8.6277789e-02  -1.3512443e+00   8.2965869e-03   1.9455295e-03  -1.9868987e-03
  -1.5916925e-01   5.0960489e-02  -1.5710295e+00   6.2027077e-03   1.7596971e-03  -1.9200531e-03
  -1.5105598e-01  -4.3347922e-03  -1.6453501e+00   6.6635643e-03   1.4856569e-03  -2.0672971e-03
  -2.0180818e-01  -1.2148439e-02  -1.7046827e+00   7.8909527e-03   2.3828904e-03  -2.4018819e-03
  -2.3393215e-01   5.6998196e-02  -1.7616614e+00   7.1982664e-03   3.4628438e-03  -2.1435188e-03
  -1.8987935e-01  -9.4970840e-02  -1.7193565e+00   6.5611086e-03   2.3288297e-03  -2.0201660e-03
  -1.9031877e-01   3.4174359e-02  -1.7462300e+00   7.0576320e-03   2.2527516e-03  -2.1368088e-03
  -1.1609264e-01  -1.2082039e-01  -9.5101267e-01   4.9191581e-03   1.2113974e-03  -1.4173945e-03
  -2.2238435e-01  -6.1801609e-02  -1.3901201e+00   7.1175209e-03   2.4977925e-03  -2.0998564e-03
  -1.7061268e-01  -5.2242875e-02  -1.5786044e+00   7.5221543e-03   1.5233714e-03  -2.3987725e-03
  -2.2656016e-01  -1.8543833e-01  -1.6241285e+00   8.9500692e-03   2.5062776e-03  -2.8822299e-03
  -1.6534107e-01  -5.9679285e-03  -1.5946568e+00   7.2755839e-03   2.1004651e-03  -2.1832485e-03
  -2.2555466e-01  -7.6449099e-02  -1.5976899e+00   8.0885316e-03   3.0267416e-03  -2.4199051e-03
  -2.1380793e-01  -6.0566777e-02  -1.6330568e+00   8.2474216e-03   2.8633380e-03  -2.7148684e-03
  -1.3701726e-01  -4.4829977e-01  -2.4506108e-01   7.8464020e-03   2.9718396e-03  -2.7332314e-03
  -2.4984891e-01  -3.8292466e-01  -8.8216775e-01   1.1705123e-02   3.9950955e-03  -3.3131614e-03
  -2.1212533e-01  -3.0017254e-01  -1.0957978e+00   1.2953759e-02   2.1075521e-03  -3.7401829e-03
  -2.2133518e-01  -1.3916210e-01  -1.1905684e+00   1.1245855e-02   2.1607997e-03  -3.9601514e-03
  -2.7252025e-01  -2.6331357e-01  -1.3067684e+00   1.0509965e-02   2.7259058e-03  -3.6808486e-03
  -2.2919576e-01  -1.9111895e-01  -1.3401484e+00   9.4225638e-03   2.3241853e-03  -2.7592887e-03
  -3.1406319e-01  -4.0254920e-02  -1.2213298e+00   6.9176621e-03   3.2334091e-03  -4.3229816e-03
  -2.4935191e-01  -2.2581630e-01  -1.5673836e+00   1.1349328e-02   2.0946797e-03  -3.6427995e-03
  -2.8275194e-01  -2.7396117e-01  -1.7891190e+00   1.3307440e-02   1.9835744e-03  -5.2649601e-03
  -2.6848364e-01   1.2955066e-01  -1.2032249e+00  -6.8367885e-04   3.9056468e-03  -1.9264383e-03
  -6.6251911e-02   1.2540133e-01  -8.7615828e-01  -1.0264495e-03   2.9152565e-04   5.6236348e-04
  -1.7808738e-01   1.1675372e-01  -1.1671594e+00   5.7055737e-03   1.9582924e-03  -1.5797848e-03
  -2.0656959e-01   6.0741246e-02  -1.4936656e+00   7.6507355e-03   1.8502432e-03  -2.8687700e-03
  -1.3506673e-01  -2.2450626e-02  -1.6075796e+00   8.2921515e-03   9.0907558e-04  -2.3426573e-03
  -1.3005656e-01  -1.0255171e-01  -1.6239482e+00   7.6190730e-03   1.2261502e-03  -1.6181783e-03
  -2.1495178e-01  -1.7000342e-01  -1.6700581e+00   8.6909023e-03   2.1382474e-03  -2.4925619e-03
  -1.9146914e-01   7.1799829e-03  -1.7053498e+00   9.1114020e-03   2.0966758e-03  -2.6265600e-03
  -1.3588886e-01  -9.8616625e-02  -1.4303101e+00   9.5732043e-03   1.3723734e-03  -1.4917495e-03
  -1.9596839e-01  -3.0322808e-01  -1.6523122e+00   1.1058506e-02   1.8593479e-03  -2.4632419e-03
  -2.9496592e-01  -2.8869418e-01  -1.9920417e+00   1.4431589e-02   2.7237732e-03  -4.6965954e-03
  -2.5032200e-01  -2.6388898e-01  -1.9202271e+00   1.2914734e-02   2.1561657e-03  -4.2053384e-03
  -2.4929315e-01  -3.2088477e-01  -1.1398272e+00   9.7126460e-03   3.2459325e-03  -3.4964550e-03
  -3.0649644e-01  -1.3846127e-01  -1.6804685e+00   1.0565338e-02   3.3125407e-03  -3.4517149e-03
  -3.3032435e-01  -3.5480601e-01  -1.7168748e+00   1.2308783e-02   3.7723675e-03  -3.9550933e-03
  -1.7491508e-01  -1.0547432e-01  -1.6092420e+00   8.6705968e-03   1.5329426e-03  -2.8040429e-03
  -1.9047141e-01  -3.5930252e-01  -1.3229974e+00   9.4783474e-03   2.3049562e-03  -2.1624922e-03
  -2.1182727e-01  -3.7618351e-01  -1.4437371e+00   1.2332467e-02   2.6082290e-03  -2.5715692e-03
  -2.7536135e-01  -1.7111712e-01  -1.5156728e+00   1.2397209e-02   3.4155331e-03  -3.7881237e-03
  -2.6315187e-01  -2.3805384e-01  -1.6511512e+00   1.2510189e-02   3.5373408e-03  -3.4674591e-03
  -2.4252263e-01  -8.1168276e-02  -1.4863875e+00   1.0313427e-02   3.5968416e-03  -2.9308380e-03
  -2.7430744e-01  -1.4161301e-01  -1.5054684e+00   1.0286775e-02   4.0757927e-03  -3.2608785e-03
  -2.9710477e-01  -7.4846734e-02  -1.5809343e+00   1.0350443e-02   4.4904199e-03  -3.1431469e-03
  -2.9102089e-01  -1.1921885e-01  -1.5777602e+00   1.0580004e-02   4.3138745e-03  -3.1165866e-03
  -2.9028511e-01  -1.4115670e-01  -1.5566800e+00   1.0756981e-02   4.5017383e-03  -2.9260788e-03
  -2.4326611e-01  -2.0489113e-02  -1.3683955e+00   4.1685888e-03   2.8525685e-03  -2.4451338e-03
  -2.0865561e-01  -5.7158760e-02  -1.0450830e+00   1.7382645e-03   2.0443872e-03  -2.1916434e-03
  -2.8707748e-01  -5.1062594e-02  -1.2879196e+00   4.8998249e-03   2.7590859e-03  -2.1027192e-03
  -2.9415451e-01   7.4742643e-02  -1.5705227e+00   1.0367363e-02   3.9629275e-03  -2.8952239e-03
  -3.1799533e-01  -3.0142104e-02  -1.6557206e+00   8.8532249e-03   3.9910280e-03  -3.2892123e-03
  -3.1567946e-01  -1.3567151e-01  -1.7898692e+00   1.1137951e-02   3.3810889e-03  -4.0669758e-03
  -3.3958420e-01  -1.8863708e-01  -1.8720502e+00   1.1008981e-02   3.4039820e-03  -4.0526244e-03
  -1.3487537e-01   1.6242077e-01  -1.5977605e+00   4.0048770e-03   7.1061182e-04  -1.5976788e-03
  -1.4966483e-01  -1.3146194e-03  -1.6416053e+00   5.7927190e-03   1.0916312e-03  -1.3225377e-03
  -1.6882701e-01  -2.7695248e-01  -8.2928755e-01   1.0564942e-02   2.1238701e-03  -1.8783929e-03
  -1.1983627e-01  -2.5483783e-01  -1.2013157e+00   1.2124291e-02   1.4713825e-03  -2.1722226e-03
  -1.9898724e-01  -2.5266856e-01  -1.3098110e+00   1.1316727e-02   2.5872580e-03  -2.4339895e-03
  -2.0055542e-01  -2.1004355e-01  -1.3663381e+00   1.2446030e-02   2.7413328e-03  -2.8136622e-03
  -1.8747512e-01  -1.7977547e-01  -1.3834616e+00   1.1719409e-02   2.3925644e-03  -2.6631318e-03
  -2.0364792e-01  -2.4285779e-01  -1.4703215e+00   1.1448158e-02   2.6673589e-03  -2.4518738e-03
  -2.1972568e-01  -2.7171028e-01  -1.5930018e+00   1.2277224e-02   2.7977412e-03  -2.7517526e-03
  -1.7332279e-01  -2.2573939e-01  -1.5471394e+00   1.2598958e-02   1.9969581e-03  -2.7964925e-03
  -2.2335403e-01  -1.7111359e-01  -1.5528713e+00   1.1409086e-02   2.8308900e-03  -2.8375138e-03
  -2.2421274e-01  -1.7066039e-01  -1.6006565e+00   1.0828134e-02   2.9248121e-03  -2.8377960e-03
  -2.1611841e-01  -1.8584889e-01  -1.6015338e+00   1.1988285e-02   3.2777178e-03  -2.5999011e-03
  -2.6177395e-01  -2.3819930e-01  -1.6422294e+00   1.2698491e-02   3.7315127e-03  -3.2585726e-03
  -2.9402183e-01  -2.5610952e-01  -1.6393281e+00   1.1774997e-02   4.3747829e-03  -3.5222886e-03
  -2.9102120e-01  -3.1431242e-01  -1.6284340e+00   1.2820591e-02   4.3233201e-03  -3.7407219e-03
  -3.0915443e-01  -1.4504913e-01  -1.4664807e+00   1.0537743e-02   4.6169950e-03  -3.9524301e-03
  -3.1300935e-01  -2.8701838e-01  -1.3737425e+00   1.0426914e-02   4.6876799e-03  -3.7791916e-03
  -3.1332095e-01  -2.8010411e-01  -1.4003866e+00   1.1553766e-02   4.7133525e-03  -3.7308880e-03
  -3.4601237e-01  -2.0780901e-01  -1.5331765e+00   1.3164929e-02   4.9216639e-03  -4.0999481e-03
  -3.6281948e-01  -2.1358829e-01  -1.8995017e+00   1.0641686e-02   2.6154124e-03  -6.0172591e-03
  -2.6943715e-01   3.7754811e-01  -9.3215044e-01  -2.5444680e-03   1.9289930e-03  -3.6528954e-03
  -3.0581231e-01   1.6277722e-01  -1.1510158e+00   2.0833274e-03   2.4320515e-03  -4.1610847e-03
  -3.3751600e-01   7.1896044e-02  -1.2976007e+00   5.6835420e-03   3.7021479e-03  -4.6480219e-03
  -2.5263860e-01   7.8645506e-02  -1.2885712e+00   4.5170626e-03   3.2739048e-03  -2.7454374e-03
  -2.6212602e-01  -5.5239688e-02  -1.4342129e+00   7.7236575e-03   3.2226833e-03  -2.8630019e-03
  -4.8118735e-01   4.5164108e-02  -1.5439325e+00   7.5412532e-03   5.3881606e-03  -5.9302884e-03
  -4.8701208e-01  -3.4797417e-04  -1.6616393e+00   9.0955353e-03   5.5303798e-03  -6.0846291e-03
  -3.1596640e-01  -2.4117128e-02  -1.6548028e+00   7.7885680e-03   3.6537355e-03  -3.9747176e-03
  -3.5819889e-01  -1.3241055e-01  -1.7191270e+00   9.4764845e-03   3.7773261e-03  -4.8887257e-03
  -3.6909139e-01  -1.2291797e-01  -1.6774061e+00   1.0199955e-02   4.7387047e-03  -4.1696685e-03
  -3.3647672e-01   2.3644867e-02  -1.6227466e+00   8.2833448e-03   4.0809842e-03  -4.2225987e-03
  -2.7950458e-01  -6.4462446e-02  -1.6652189e+00   7.4168524e-03   2.9885085e-03  -3.8773543e-03
  -2.8764883e-01  -5.1607499e-02  -1.5888116e+00   8.0971161e-03   3.4010227e-03  -3.4987512e-03
  -3.2695224e-01   9.1659432e-02  -1.1818940e+00   4.8384975e-03   5.2604642e-03  -3.3875466e-03
  -2.7845189e-01  -5.5132384e-02  -1.1607364e+00   5.3529201e-03   3.2701780e-03  -3.1076997e-03
  -2.6933799e-01   1.7966239e-02  -1.3117819e+00   7.6790501e-03   3.1293697e-03  -3.3810245e-03
  -2.8246849e-01   9.0816408e-02  -1.3807797e+00   7.1460450e-03   3.1786228e-03  -3.7979953e-03
  -2.8104990e-01   7.6037467e-03  -1.4105000e+00   7.4259694e-03   3.1129548e-03  -3.9644274e-03
  -2.7733504e-01   1.6731031e-01  -1.3291098e+00   5.1841938e-03   3.2548286e-03  -3.8537191e-03
  -3.0531623e-01   6.1523729e-02  -1.2599594e+00   3.7490112e-03   3.9827171e-03  -3.4361580e-03
  -3.1125719e-01   9.8766933e-02  -1.3413829e+00   5.1799393e-03   4.0813116e-03  -3.5761073e-03
  -2.4051943e-01   9.0386622e-02  -1.3316474e+00   6.7910015e-03   3.0544250e-03  -3.2665646e-03
  -2.8533788e-01   7.5053929e-02  -1.4256076e+00   6.4774616e-03   3.6596572e-03  -3.6339049e-03
  -2.9561395e-01  -4.2540460e-02  -1.4625013e+00   8.5735057e-03   3.8356928e-03  -3.9338179e-03
  -2.7566705e-01  -4.9110166e-03  -1.4091390e+00   7.5998799e-03   3.5876771e-03  -3.6432901e-03
  -2.9579881e-01  -1.1806440e-02  -1.4834154e+00   7.2811615e-03   3.7391722e-03  -3.9671179e-03
  -3.0069523e-01   2.6749805e-02  -1.5310533e+00   7.0423968e-03   3.5571587e-03  -4.0326884e-03
  -2.6690719e-01   1.0699472e-02  -1.4829011e+00   6.0462708e-03   3.0857820e-03  -3.9437481e-03
  -2.7801537e-01   8.7368558e-03  -1.3755618e+00   6.7964277e-03   3.3696498e-03  -4.2612525e-03
  -3.6285108e-01  -1.0185943e-01  -1.5583250e+00   9.2147824e-03   3.9945592e-03  -4.9967736e-03
  -4.0556008e-01  -1.0307682e-01  -1.4773537e+00   9.1973548e-03   5.0093733e-03  -5.0007209e-03
  -3.6742723e-01  -1.5013213e-01  -1.4665508e+00   7.5323234e-03   3.5931521e-03  -4.9131009e-03
  -3.0402359e-01   7.5806950e-03  -1.3978370e+00   8.2287176e-03   3.5690571e-03  -4.3292852e-03
  -2.5346611e-01  -4.0806077e-02  -1.4139504e+00   8.3663625e-03   2.9004784e-03  -3.8137254e-03
  -2.8473052e-01  -4.3135530e-02  -1.5421765e+00   8.0091395e-03   3.0825421e-03  -4.2013325e-03
  -2.9968890e-01  -1.8972410e-01  -1.6486027e+00   1.1279132e-02   3.0943888e-03  -4.7885299e-03
  -2.7946908e-01  -6.5561094e-02  -1.6150462e+00   1.1336775e-02   3.1514719e-03  -4.1321775e-03
  -3.1986097e-01  -2.1422177e-01  -1.7781718e+00   1.0714483e-02   4.0222161e-03  -4.8989659e-03
  -4.0099597e-01  -3.1563349e-01  -1.9035415e+00   1.2970701e-02   4.0576418e-03  -5.4755353e-03
  -3.1349114e-01  -2.5378297e-01  -1.8958217e+00   1.3376284e-02   2.9541741e-03  -4.9083473e-03
  -3.9934303e-01  -3.4946751e-01  -1.8401320e+00   1.2792191e-02   4.2358440e-03  -5.3155780e-03
  -3.9727741e-01  -3.5553650e-01  -1.8955514e+00   1.3840181e-02   4.1035946e-03  -6.0379810e-03
  -3.4381055e-01  -3.7036255e-01  -1.6033658e+00   1.4626626e-02   3.8104145e-03  -5.2552137e-03
  -3.9802289e-01  -3.8131544e-01  -1.9685425e+00   1.6025967e-02   3.5644480e-03  -6.1303305e-03
  -4.5024166e-01  -3.0799907e-01  -2.0437269e+00   1.4554055e-02   2.4969244e-03  -7.4604798e-03
  -4.1115924e-01  -3.9092294e-01  -2.1531621e+00   1.5569394e-02   2.0525330e-03  -7.5906500e-03
  -3.6228404e-01  -4.0523139e-01  -1.6976144e+00   1.5385656e-02   2.3522558e-03  -6.8230154e-03
  -2.9456177e-01  -1.9929356e-01  -1.3869106e+00   8.4297446e-03   2.9348357e-03  -3.7367773e-03
  -2.5227695e-01  -2.2864539e-01  -1.3530465e+00   8.7347806e-03   5.6718851e-04  -5.0714367e-03
  -1.8298036e-01  -1.1496333e-01  -1.3456033e+00   1.0177769e-02   1.0236920e-03  -2.7497344e-03
  -2.3645406e-01  -2.6408946e-01  -1.1983733e+00   1.2087545e-02   2.0365857e-03  -3.7812274e-03
  -2.5423636e-01  -2.5638221e-01  -1.4378676e+00   1.3191283e-02   2.2593257e-03  -4.1570110e-03
  -3.2639317e-01  -3.0710682e-01  -1.4009713e+00   1.3598657e-02   3.6835012e-03  -4.9413318e-03
  -3.0833481e-01  -3.4350363e-01  -1.2359367e+00   1.2741832e-02   3.3622890e-03  -5.3378779e-03
  -3.1622919e-01  -1.5468987e-01  -1.3246800e+00   1.1955158e-02   3.5911760e-03  -5.1802327e-03
  -3.1282361e-01  -2.4753197e-01  -1.4562102e+00   1.2222982e-02   3.4709482e-03  -5.0952444e-03
  -2.8711827e-01  -3.6226979e-01  -1.4726828e+00   1.3640040e-02   3.0051522e-03  -5.1468637e-03
  -3.0961765e-01  -1.1136081e-01  -1.4610586e+00   1.1372028e-02   3.4626813e-03  -5.3658047e-03
  -2.9504485e-01  -2.8721008e-01  -1.5233529e+00   1.2141092e-02   3.5020636e-03  -4.9676337e-03
  -2.7753395e-01  -1.5799658e-01  -1.3932820e+00   1.0372906e-02   2.6539881e-03  -5.1601263e-03
  -3.9028513e-01  -2.6087018e-01  -1.3494280e+00   1.0773018e-02   3.7782021e-03  -5.5820176e-03
  -3.5039987e-01  -4.0337494e-01  -1.2925753e+00   1.4418289e-02   3.5165737e-03  -5.0400151e-03
  -3.3966901e-01  -1.4348877e-01  -1.8778470e+00   1.3790945e-02   2.1837950e-03  -5.1138393e-03
  -3.1274823e-01  -3.5959676e-01  -1.9106120e+00   1.3172171e-02   1.8049566e-03  -4.9253253e-03
  -2.8290873e-01  -2.4315276e-01  -1.8558350e+00   1.2856355e-02   1.3742228e-03  -4.6438581e-03
  -2.6131063e-01  -2.1227745e-01  -1.8448925e+00   1.1258083e-02   9.1265423e-04  -3.9731261e-03
  -2.4191568e-01  -1.7368674e-01  -1.9496127e+00   1.1167670e-02   7.4805868e-04  -3.8950985e-03
  -3.1869625e-01  -2.5564980e-01  -1.9032827e+00   1.2641550e-02   2.3024076e-03  -4.7136301e-03
  -2.5476316e-01  -2.8173295e-01  -1.9631829e+00   1.3968137e-02   1.2314837e-03  -4.4283193e-03
  -2.8399396e-01  -2.6393581e-01  -1.9277381e+00   1.4303730e-02   1.2715318e-03  -5.2063603e-03
  -3.7636553e-01  -4.0227909e-01  -1.9514349e+00   1.4502391e-02   2.6535050e-03  -5.8896082e-03
  -3.4428273e-01  -2.7964788e-01  -1.9860730e+00   1.3535500e-02   2.5460135e-03  -5.2059006e-03
  -3.5963277e-01  -3.5461394e-01  -1.8302947e+00   1.3267975e-02   3.4717935e-03  -4.9158130e-03
  -3.1343069e-01  -3.8548758e-01  -1.4965993e+00   1.2818073e-02   2.8446661e-03  -5.0965116e-03
  -3.7940909e-01  -3.2992451e-01  -1.6492942e+00   1.3378542e-02   4.4106231e-03  -5.1530688e-03
  -3.6650850e-01  -2.9540627e-01  -1.3341700e+00   9.7772408e-03   4.6011145e-03  -4.2082332e-03
  -3.8395970e-01  -3.9454625e-01  -1.3978187e+00   1.3281330e-02   4.8207609e-03  -4.7681346e-03
  -3.7565614e-01  -5.8576205e-02  -1.3747627e+00   9.5426521e-03   4.7654507e-03  -4.6376387e-03
  -3.7651999e-01  -5.0096066e-01  -1.6995549e+00   1.5945744e-02   3.4381993e-03  -5.4319961e-03
  -3.3884945e-01  -1.9026459e-01  -1.6296645e+00   1.3914814e-02   2.7362431e-03  -5.3807968e-03
  -3.3318656e-01  -3.4487654e-01  -1.7351538e+00   1.4458398e-02   2.7726596e-03  -5.4342295e-03
  -3.3792669e-01  -2.4597154e-01  -1.7342176e+00   1.1970593e-02   3.3512161e-03  -4.9745005e-03
  -3.4337778e-01  -2.6009513e-01  -1.7145587e+00   1.1719203e-02   3.3475384e-03  -4.6868020e-03
  -3.0158896e-01  -3.0950467e-01  -1.3295147e+00   1.1364191e-02   3.2926134e-03  -4.1072369e-03
  -3.1211982e-01  -2.2639392e-01  -1.5381733e+00   1.1514373e-02   3.8297612e-03  -4.9023090e-03
  -3.5727769e-01  -4.1202842e-01  -1.5435619e+00   1.2144139e-02   4.5849275e-03  -3.6476988e-03
  -4.0587869e-01   2.3985666e-02  -1.5522848e+00   1.1123995e-02   5.3553505e-03  -4.4804554e-03
  -4.0342343e-01  -2.3578837e-01  -1.5260812e+00   9.5605977e-03   5.0376163e-03  -3.9467164e-03
  -3.5685473e-01   3.2299278e-01  -8.4405595e-01  -5.5823237e-03   2.5374027e-03  -4.3998454e-03
  -2.8051784e-01  -1.0812523e-01  -1.4251639e+00   6.2953428e-03   1.5458245e-03  -2.7370141e-03
  -2.3747569e-01  -3.4885557e-01  -2.0295341e+00   1.3557255e-02  -3.9826586e-04  -5.5645398e-03
  -1.4550005e-01   4.2595236e-01  -1.4080473e+00  -1.1910865e-03  -2.4888482e-03  -3.6381396e-03
  -8.0166710e-02  -2.8988528e-01  -1.0471924e+00   7.3755229e-03  -1.2255335e-03  -2.2733470e-03
  -2.0673683e-01   5.1505720e-02  -1.2525306e+00   8.3840893e-03   5.9686489e-04  -4.1391656e-03
  -1.6292222e-01  -6.0604126e-02  -1.3768171e+00   8.0715820e-03   8.1040483e-04  -3.0250321e-03
  -1.8467825e-01  -1.1421356e-01  -1.4945560e+00   1.0072609e-02   1.3090807e-03  -3.0133203e-03
  -2.2083300e-01  -4.2975449e-02  -1.5190220e+00   9.7582251e-03   1.7258880e-03  -3.2193046e-03
  -1.9694007e-01  -1.0419969e-01  -1.5349421e+00   9.9402611e-03   1.4048570e-03  -3.0730812e-03
  -1.8145110e-01  -9.6077027e-02  -1.5394338e+00   8.8049673e-03   1.4181185e-03  -3.0591617e-03
  -1.9488461e-01  -3.2917016e-02  -1.3361616e+00   5.4855073e-03   1.3116863e-03  -2.7806195e-03
  -2.7085811e-01  -9.2314334e-02  -1.1536877e+00   6.7276274e-03   2.6819840e-03  -2.8888465e-03
  -2.9914454e-01  -1.0468467e-01  -1.3171462e+00   1.0942418e-02   2.1535306e-03  -4.3698112e-03
  -2.4671060e-01  -9.5391989e-02  -1.3342915e+00   1.1093045e-02   2.1337554e-03  -3.8161116e-03
  -1.5695371e-01  -1.9470060e-02  -1.3135276e+00   1.0417166e-02   1.2504643e-03  -3.2222248e-03
  -3.3105514e-01  -1.5446984e-01  -1.3723605e+00   9.5528543e-03   3.2723118e-03  -5.0104927e-03
  -3.4798496e-01  -9.5684128e-02  -1.4124869e+00   1.0216493e-02   3.3081473e-03  -5.1819308e-03
  -1.3528359e-01  -3.9352066e-02  -1.3478603e+00   9.2271673e-03   5.1617575e-04  -2.9077977e-03
  -1.8062783e-01  -1.6031932e-01  -1.3906797e+00   9.2368332e-03   1.4762556e-03  -2.8880542e-03
  -2.5017423e-01  -1.3862106e-01  -1.4569873e+00   1.0480870e-02   2.6075679e-03  -3.4214320e-03
  -2.8510904e-01  -4.0080678e-02  -1.4065422e+00   1.0003864e-02   3.1661630e-03  -3.5936204e-03
  -4.5228179e-01  -1.1731490e-01  -1.3424399e+00   7.9136292e-03   5.5520029e-03  -4.8502495e-03
  -3.9373138e-01  -2.2870052e-01  -1.4373619e+00   1.0409809e-02   4.0518939e-03  -4.9672188e-03
  -3.6100435e-01  -2.1626239e-01  -1.4553844e+00   1.0568825e-02   3.8167685e-03  -4.7898009e-03
  -3.2604122e-01  -4.9126284e-01  -1.5249944e+00   1.5458146e-02   2.5709500e-03  -5.2223383e-03
  -3.3881447e-01  -9.4970037e-02  -1.4027165e+00   1.1626479e-02   2.8288920e-03  -4.9162481e-03
  -3.6638301e-01  -1.2478655e-01  -1.3982862e+00   1.2208857e-02   4.2405757e-03  -5.1421939e-03
  -3.6147470e-01  -1.2275367e-01  -1.4358427e+00   1.1384569e-02   3.8481409e-03  -5.0272717e-03
  -3.5952987e-01  -2.1476614e-01  -1.3958059e+00   1.1729941e-02   3.5785727e-03  -5.1425374e-03
  -3.7140783e-01  -1.6686009e-01  -1.5067130e+00   1.1933938e-02   4.1619355e-03  -4.8741728e-03
  -3.6273074e-01  -1.5140175e-01  -1.3980673e+00   1.0601921e-02   4.1811701e-03  -5.0019452e-03
  -3.5657330e-01  -2.7118329e-01  -1.4066224e+00   1.1984671e-02   3.4020990e-03  -4.9585752e-03
  -3.7117436e-01  -3.0613704e-01  -1.4408314e+00   1.3191838e-02   3.5024779e-03  -5.3727604e-03
  -3.4544290e-01  -3.7977401e-01  -1.1728724e+00   1.5260006e-02   3.5627971e-03  -5.0631807e-03
  -3.3278044e-01  -2.6859244e-01  -1.3292065e+00   1.4565329e-02   3.1491356e-03  -5.0070992e-03
  -3.4054423e-01  -2.7647488e-01  -1.2748465e+00   1.3770392e-02   3.7059289e-03  -4.8479278e-03
  -2.9564574e-01  -2.4494940e-01  -1.4439919e+00   1.3060257e-02   2.7699322e-03  -4.7986926e-03
  -3.0807064e-01  -2.2337106e-01  -1.3855370e+00   1.2368407e-02   3.0186485e-03  -5.1998181e-03
  -2.9418504e-01  -1.5971951e-01  -1.3758872e+00   1.0083315e-02   3.3590523e-03  -4.3346680e-03
  -2.8976471e-01   3.2524969e-02  -1.3002120e+00   4.3640658e-03   2.4303383e-03  -4.2210986e-03
  -2.3997321e-01  -9.6485003e-02  -9.7992089e-01   7.7341534e-03   2.3521737e-03  -3.5668694e-03
  -2.4475482e-01  -8.4272274e-03  -1.3789841e+00   1.0176241e-02   2.2757460e-03  -4.1816583e-03
  -2.3521890e-01  -4.1622804e-01  -1.6453374e+00   1.5201871e-02   1.2426900e-03  -4.4644870e-03
  -2.2417720e-01  -1.4552103e-01  -1.4152846e+00   1.2635579e-02   1.2884938e-03  -4.3847137e-03
  -3.0886262e-01  -3.7194575e-01  -1.4258390e+00   1.2719257e-02   1.9179108e-03  -4.9197586e-03
  -3.0955613e-01  -1.5237748e-01  -1.3919618e+00   1.2531445e-02   2.2801364e-03  -4.9010232e-03
  -2.9205499e-01  -1.7536585e-01  -1.3544522e+00   1.1845715e-02   2.1530116e-03  -4.3513556e-03
  -3.1022429e-01  -1.7776633e-01  -1.4081990e+00   1.0678990e-02   2.7035685e-03  -4.8784957e-03
  -2.5015121e-01   5.8313093e-02  -1.3400441e+00   7.1788720e-03   1.9380571e-03  -3.4623027e-03
  -1.6098580e-01  -8.0030434e-02  -1.1094443e+00   1.0450548e-02   1.0127559e-03  -3.2254644e-03
  -2.9451334e-01  -1.3068221e-01  -1.4306463e+00   1.0348330e-02   1.8473863e-03  -4.9206679e-03
  -2.6467110e-01  -3.0274620e-01  -1.4669301e+00   1.3048831e-02   1.0127753e-03  -5.1927557e-03
  -2.5672823e-01  -5.4124039e-02  -1.2848407e+00   8.0639418e-03   5.6797004e-04  -4.8343018e-03
  -2.5558417e-01  -5.9357680e-02  -1.3610692e+00   7.6921738e-03   8.2072444e-04  -4.5291107e-03
  -2.7248605e-01  -1.9210808e-01  -1.4705698e+00   1.0750295e-02   1.3502922e-03  -5.0980536e-03
  -2.3443662e-01  -8.3427922e-02  -1.4278932e+00   1.1487035e-02   1.0321244e-03  -4.7360858e-03
  -2.5969979e-01  -1.0496931e-01  -1.3529954e+00   1.1305555e-02   1.1036074e-03  -5.3768663e-03
  -2.7529039e-01  -7.6494405e-02  -1.4488788e+00   9.3907599e-03   1.1459334e-03  -5.3634663e-03
  -2.5309281e-01  -4.9062619e-02  -1.3561826e+00   7.9468116e-03   8.7184761e-04  -5.2123704e-03
  -2.0748980e-01  -9.9472075e-02  -1.4213477e+00   9.1710339e-03   4.0302147e-04  -5.2409807e-03
  -2.5109907e-01  -1.3683104e-01  -1.4412195e+00   9.1422104e-03   6.2754573e-04  -5.4734576e-03
  -2.1305877e-01  -1.6721585e-01  -1.4467827e+00   1.0689446e-02   3.9341837e-04  -5.1224902e-03
  -2.1657472e-01  -4.1790364e-02  -1.3792560e+00   8.4215729e-03   3.5370682e-04  -5.3665968e-03
  -1.4494591e-01  -2.1603110e-01  -1.5062756e+00   1.0837892e-02  -1.8705070e-04  -4.5242099e-03
  -1.4408617e-01  -7.4728394e-02  -1.5683977e+00   1.1489705e-02  -5.2229959e-04  -4.8133406e-03
  -1.3748372e-01  -1.9042110e-01  -1.5310531e+00   1.1537471e-02  -8.7295677e-04  -4.6374658e-03
  -1.4681110e-01  -7.0455791e-02  -1.5057050e+00   9.8868834e-03  -6.1200044e-04  -4.3859057e-03
  -2.1921389e-01  -1.4268084e-01  -1.5403557e+00   9.8646092e-03  -5.0731901e-05  -5.4307599e-03
  -3.6948568e-01  -2.1980432e-01  -1.5585886e+00   1.1065832e-02   2.2728031e-03  -7.1321184e-03
  -2.1162735e-01  -1.7653604e-01  -1.5241722e+00   1.2356022e-02   3.2548177e-04  -5.5077599e-03
  -1.6414508e-01  -1.8759864e-01  -1.5302863e+00   1.1261770e-02  -3.1578995e-04  -4.9519116e-03
  -1.4104528e-01  -1.0677836e-01  -1.5190339e+00   9.1047205e-03  -9.1372068e-04  -4.8756535e-03
  -1.2186935e-01  -7.2688993e-02  -1.5273055e+00   1.1174392e-02  -1.2777907e-03  -4.7742353e-03
  -1.1561783e-01  -8.3876073e-02  -1.5484654e+00   1.0912444e-02  -1.3020843e-03  -4.8787076e-03
  -1.1477944e-01  -2.3578447e-01  -1.6122145e+00   1.1511573e-02  -1.6467460e-03  -5.1510054e-03
  -1.6296981e-01  -1.8867150e-01  -1.6189751e+00   1.1941305e-02  -7.3204499e-04  -5.3558070e-03
  -1.2094037e-01  -1.3165718e-01  -1.5664674e+00   1.1425606e-02  -1.1750438e-03  -4.9372170e-03
  -1.4809263e-01  -8.4295686e-02  -1.6392718e+00   1.0968025e-02  -5.8647161e-04  -4.8511184e-03
  -1.9778717e-01  -1.3410058e-01  -1.5480085e+00   1.0217256e-02   1.7140951e-04  -5.0736440e-03
  -2.3203710e-01  -1.6325145e-01  -1.5245394e+00   1.1900827e-02   1.8434885e-04  -6.1251976e-03
  -1.7263732e-01  -2.1818985e-01  -1.5686597e+00   1.1674555e-02  -6.3666668e-04  -5.0470354e-03
  -1.7100727e-01  -4.7994991e-02  -1.6168107e+00   1.1142512e-02  -6.6539309e-04  -5.0503075e-03
  -1.2179513e-01  -1.7830227e-01  -1.5192245e+00   1.2655889e-02  -5.2791062e-04  -4.4350492e-03
  -1.7727781e-01  -1.7167056e-01  -1.6093370e+00   1.2242235e-02  -1.9188538e-04  -5.0369125e-03
  -1.7136471e-01  -2.1236951e-01  -1.8026737e+00   1.2699633e-02  -5.1255492e-04  -4.4960570e-03
  -1.8802446e-01  -1.2441860e-01  -1.7385337e+00   1.2130761e-02  -7.3622750e-04  -4.6503688e-03
  -1.7001286e-01  -1.6115318e-01  -1.7140510e+00   1.1564076e-02  -1.1902534e-03  -4.7469306e-03
  -2.1813685e-01  -2.2083921e-01  -1.7084689e+00   1.2501934e-02  -3.3764588e-04  -5.6389970e-03
  -2.6989360e-01  -5.7522857e-01  -1.9606928e+00   1.8180511e-02  -4.4828503e-04  -6.6534638e-03
  -2.3352745e-01  -3.3155553e-01  -1.7970205e+00   1.4574318e-02  -1.2800507e-03  -6.1381104e-03
  -1.4402845e-01  -3.0734249e-01  -1.8498069e+00   1.4941518e-02  -1.8852226e-03  -5.3454537e-03
  -1.8263187e-01  -1.6836666e-01  -1.7996402e+00   1.3845710e-02  -1.6726784e-03  -6.2314666e-03
  -7.2598117e-02  -2.6087918e-01  -1.8050808e+00   1.2458698e-02  -3.3494680e-03  -5.1152721e-03
  -1.0951586e-01  -2.2344306e-01  -1.8024970e+00   1.2808702e-02  -2.9960364e-03  -5.5981221e-03
  -6.3292928e-02  -2.1108848e-01  -1.7989273e+00   1.2730867e-02  -3.8228586e-03  -5.1880525e-03
  -7.8735859e-02  -1.3774799e-01  -1.7287573e+00   1.1407671e-02  -3.5028406e-03  -5.2744221e-03
