   0.0000000e+00   0.0000000e+00   0.0000000e+00   0.0000000e+00   0.0000000e+00   0.0000000e+00
   7.2742195e-03  -5.3068684e-02   1.3442042e-02   1.9024498e-04  -4.2905709e-04   6.4726811e-04
  -2.2133899e-03  -8.8877725e-02  -1.3864036e-01   6.9579416e-04  -2.5194960e-04   3.6318884e-04
  -1.3431927e-02  -1.4959046e-01  -3.4635908e-01   9.6513664e-04  -1.0476154e-04   1.2950079e-03
  -1.4110398e-02  -1.3292476e-01  -3.8765186e-01   1.5099561e-04   1.7697178e-04   1.2154856e-03
  -1.1461372e-02  -1.4393421e-01  -4.5115832e-01  -3.7074861e-04   3.8282761e-04   1.2271828e-03
  -1.2797461e-02  -1.5440148e-01  -4.5851999e-01  -2.4766569e-04   7.8335598e-04   8.1156589e-04
  -2.3351361e-03  -1.2040664e-01  -4.8055174e-01  -6.5287923e-05   6.7316378e-04   5.5496676e-04
  -3.2231973e-03  -1.1780313e-01  -4.5297648e-01   8.7227156e-05   1.1123417e-03   9.4988055e-04
  -8.8135849e-03  -7.6649700e-02  -4.6274335e-01   5.0222524e-05   1.6115769e-03   1.4473555e-03
   1.2578712e-02  -3.5735667e-02  -5.2238889e-01  -6.9120857e-04   9.3557907e-04   2.1533680e-03
   2.9500945e-04  -7.4875644e-02  -5.0949905e-01  -5.1183529e-04   1.4518805e-03   1.9855396e-03
  -3.7502470e-04  -7.2145731e-02  -4.4843161e-01  -2.2076154e-04   1.3606547e-03   2.2361714e-03
  -5.3101809e-03  -1.0758231e-01  -4.4651114e-01  -2.0697716e-04   1.3450272e-03   2.4663618e-03
   1.0413065e-02  -9.6339350e-02  -4.4869510e-01  -1.8261678e-04   1.3189890e-03   2.7659522e-03
   1.0600844e-02  -7.8356695e-02  -4.3503611e-01  -1.9479853e-04   1.7166424e-03   2.8586984e-03
   1.3348272e-02  -6.1207407e-02  -4.4342977e-01  -5.9625101e-04   1.7938954e-03   2.9865480e-03
   1.2245720e-03  -1.7350319e-01  -4.2367399e-01  -6.2795763e-04   1.1872281e-03   2.6235243e-03
   1.3772852e-02  -1.5665785e-01  -4.3737839e-01  -7.8500190e-04   7.9357786e-04   2.9546362e-03
   1.2714874e-02  -1.3090293e-01  -4.8004669e-01  -8.0751831e-05   1.2199781e-03   2.4981899e-03
   1.2502855e-02  -7.8926894e-02  -4.5799337e-01  -2.1580508e-04   1.2467208e-03   2.1009394e-03
   3.7534990e-03  -1.2573653e-01  -4.4088611e-01   4.9702297e-04   1.3649762e-03   2.3743234e-03
   1.3252688e-02  -6.8578093e-02  -4.4022080e-01  -3.8924597e-05   1.0213488e-03   2.2592026e-03
   1.0662238e-02  -1.0884757e-01  -4.6645702e-01  -1.1186271e-04   8.4815555e-04   1.9551352e-03
   1.4535466e-02  -1.3018438e-01  -4.7472021e-01   9.7957984e-05   4.1446119e-04   1.9665705e-03
   1.7492138e-02  -3.5218753e-02  -4.8224052e-01  -7.2532308e-05   8.1500398e-04   1.5919926e-03
   1.5453772e-02  -1.7484658e-01  -4.5444291e-01   1.7975850e-04   4.1399307e-04   2.0904694e-03
   6.1619161e-03  -1.2744805e-01  -4.5922755e-01   7.1527443e-05   6.8236051e-04   2.0428136e-03
   1.4019393e-02  -6.8543770e-02  -4.6249913e-01  -2.1435227e-04   5.9025254e-04   2.0747278e-03
   1.3000861e-02  -1.0455187e-01  -4.4987916e-01  -1.1433055e-04   6.1400544e-04   1.9207347e-03
   1.8569155e-02  -7.3432469e-02  -4.5342972e-01  -5.7217923e-05   6.5810369e-04   1.8539783e-03
   1.7360103e-02  -7.9898653e-02  -4.5451216e-01  -1.4371273e-04   6.2601961e-04   1.9561588e-03
   1.4492881e-02  -1.1275548e-01  -4.6493541e-01  -6.1601237e-05   6.6271993e-04   1.7284683e-03
   9.6347536e-03  -1.5554286e-01  -5.2066729e-01   2.9596499e-04   7.1608290e-04   1.7168247e-03
   1.7012467e-02  -4.2876348e-02  -5.0587638e-01  -5.4021397e-04   5.7148324e-04   1.5218347e-03
   1.7036972e-02  -1.1697672e-01  -5.3556833e-01  -5.0526952e-04   9.3679100e-04   1.6588497e-03
   2.5032577e-02  -6.6783853e-02  -5.4347643e-01   5.0793600e-06   8.6126161e-04   1.7343660e-03
   2.6133485e-02  -3.1382222e-02  -5.3834782e-01  -4.0853028e-04   6.8225967e-04   1.7992567e-03
   2.4489847e-02  -1.0665873e-01  -5.3182884e-01   9.8443863e-05   5.9220805e-04   1.6397202e-03
   1.3744543e-02  -8.7844981e-02  -5.3367940e-01   1.3684251e-04   5.2279515e-04   1.6363418e-03
   9.4780834e-03  -8.1330594e-02  -5.2152191e-01  -3.6376794e-04   5.5124128e-04   1.5537013e-03
   1.3904045e-02  -7.9085459e-02  -5.5439345e-01  -1.7225466e-04   5.6662989e-04   1.2942895e-03
   1.3711105e-02  -7.7058442e-02  -5.6969191e-01  -6.7339688e-05   4.7568575e-04   1.4263247e-03
   1.6788372e-02  -2.5779398e-02  -5.5262837e-01  -2.3627945e-04   5.9251051e-04   1.5634294e-03
   1.6775533e-02  -5.5869981e-02  -5.5082682e-01  -9.4302701e-06   6.0383906e-04   1.6154420e-03
   1.8147837e-02  -7.4400380e-02  -5.5506480e-01  -1.3758125e-04   5.2287835e-04   1.8962206e-03
   2.0419689e-02  -7.8613805e-02  -5.8046479e-01  -4.0794729e-04   5.5040542e-04   1.8421065e-03
   2.4579258e-02  -3.7486847e-02  -5.7950019e-01  -4.5487304e-04   1.0738057e-04   1.7722606e-03
   2.0789762e-02  -2.8218082e-04  -5.9175703e-01  -3.1020248e-04   2.2744723e-04   1.9139108e-03
   1.9052090e-02  -6.2309937e-02  -5.9166944e-01  -6.2585365e-04   4.8221666e-04   1.6114821e-03
   1.1701557e-02  -1.0205121e-01  -5.9200127e-01  -4.0312670e-04   5.5208736e-04   1.4091823e-03
   1.0914573e-02  -5.1085115e-02  -5.7650525e-01  -6.5071866e-04   2.3585853e-04   1.5588453e-03
   1.3670306e-02  -9.3042306e-02  -5.8135090e-01  -1.0856484e-04   4.7257684e-04   1.4995756e-03
   1.8219289e-02  -1.1490230e-01  -5.6248408e-01   2.1514091e-04   1.7865192e-04   1.6118650e-03
   1.2321247e-02  -5.1675746e-02  -5.3055487e-01  -4.0910697e-04   9.6233754e-05   1.5926329e-03
   6.8591222e-03  -5.1712978e-02  -5.5100098e-01  -4.3319825e-04   1.2451701e-04   1.2880508e-03
   9.0894270e-03  -9.4953490e-02  -5.7800802e-01  -2.1954823e-04  -6.8815207e-05   1.3045018e-03
   6.5619391e-03  -1.1429286e-01  -5.5291940e-01  -1.7637674e-04   1.1712059e-04   1.4896840e-03
   1.7046973e-02  -1.6056714e-01  -5.4345651e-01   3.7444056e-04   1.4654749e-05   1.6265210e-03
   2.0616306e-02  -3.8300669e-02  -5.6094212e-01  -2.3571931e-04  -4.7169863e-05   1.4111182e-03
   1.1396985e-02  -7.8825616e-02  -5.7526523e-01  -6.2751832e-04   5.7849228e-05   1.3848643e-03
   3.4268147e-02  -7.1515771e-02  -5.9500826e-01  -1.8638685e-04   1.7521255e-04   1.4752073e-03
   3.3106101e-02  -1.1426913e-01  -5.4021114e-01  -2.4670763e-04  -4.0113926e-04   1.5757201e-03
   2.1520248e-02  -1.8341871e-01  -5.5911274e-01  -1.7265051e-04  -4.2176483e-04   1.6621972e-03
   6.5912444e-03  -1.5299288e-01  -5.3094331e-01  -6.5815806e-05  -1.5954103e-04   1.2350900e-03
   5.5980262e-02  -2.9354256e-02  -1.2140131e-01   7.2837646e-04  -1.8562443e-03   1.3146355e-03
   9.4735644e-02   5.0967919e-02  -3.8148805e-01  -6.5112437e-04  -2.7426370e-03   1.1661245e-03
   7.2983808e-02   7.8811836e-02  -4.5410392e-01   4.3508685e-04  -2.0921655e-03   1.0168482e-03
   6.5146744e-02   4.1716501e-03  -4.7561780e-01   4.1245477e-04  -2.2835093e-03   1.0535901e-03
   5.5424020e-02  -1.1737640e-01  -5.1034805e-01   2.6317568e-04  -2.1230277e-03   1.1653663e-03
   3.9745427e-02  -1.1631183e-01  -5.1089561e-01   8.0707331e-05  -1.7812562e-03   1.3840228e-03
   5.6608477e-02  -6.5376167e-03  -5.3837195e-01  -3.6544313e-05  -2.1186097e-03   1.4130426e-03
   5.4631897e-02  -6.5913836e-02  -5.5280385e-01   1.5425746e-04  -2.2558480e-03   1.4348107e-03
   5.2396142e-02  -1.1319443e-01  -5.4604046e-01   1.6155505e-04  -2.1439153e-03   1.3379163e-03
   6.9443771e-02  -6.6780968e-02  -5.2527536e-01   1.3502381e-04  -2.3304195e-03   1.4841972e-03
   7.6864001e-02  -1.5384175e-01  -5.3259015e-01  -3.0128754e-04  -2.5452300e-03   1.4258544e-03
   8.6135198e-02  -1.6430133e-01  -5.1492002e-01   5.0931686e-04  -2.4546702e-03   1.7103259e-03
   7.1036030e-02  -3.5111856e-02  -5.2674698e-01   3.3659344e-04  -2.1009887e-03   1.5920495e-03
   6.0961957e-02  -1.2284642e-01  -5.0089333e-01   5.3397430e-04  -2.2216861e-03   1.6397294e-03
   6.1132211e-02  -1.2276444e-01  -5.2790589e-01   2.7690325e-04  -2.3500060e-03   1.7027457e-03
   7.5298489e-02  -9.1041034e-02  -5.1744512e-01   4.1669352e-04  -2.2029849e-03   1.7092426e-03
   8.4725784e-02  -1.1113368e-01  -5.4980789e-01   6.4729891e-04  -2.3033090e-03   1.6058456e-03
   7.9004393e-02  -7.3544310e-02  -5.4746693e-01   5.6843926e-04  -2.5532221e-03   1.5603988e-03
   7.5890700e-02  -8.3598152e-02  -5.3535206e-01   7.0387529e-04  -2.4879465e-03   1.5052391e-03
   8.0948284e-02  -1.6804225e-01  -5.4637066e-01   9.2548061e-04  -2.5871114e-03   1.3680825e-03
   8.6527082e-02  -1.2066956e-01  -5.3073579e-01   4.7820138e-04  -2.8092801e-03   1.4388443e-03
   9.2773100e-02  -8.6778855e-02  -5.4487096e-01   4.8205240e-04  -3.0243959e-03   1.3496049e-03
   9.2143067e-02  -6.6840377e-02  -5.9692529e-01   4.2449848e-04  -3.0713726e-03   1.1030918e-03
   9.4510832e-02  -6.0189803e-02  -5.8934142e-01   3.8832792e-04  -2.9624441e-03   1.3152336e-03
   7.8445079e-02  -8.1353120e-02  -5.4173690e-01   5.3265647e-04  -2.4130365e-03   1.0365550e-03
   7.9994651e-02  -1.1020754e-01  -5.7367076e-01   6.8155458e-05  -2.6878751e-03   9.0524000e-04
   9.7664332e-02  -7.2718618e-02  -5.6670479e-01   5.7224608e-04  -3.1352447e-03   1.3832597e-03
   7.9559656e-02  -1.0642617e-01  -5.8822442e-01   3.9256508e-04  -2.3487884e-03   7.2559564e-04
   8.4990858e-02  -1.3153095e-01  -6.0648159e-01   4.7983660e-04  -2.8008659e-03   1.1511311e-03
   7.0808376e-02  -6.9250422e-02  -5.7431221e-01   5.4678290e-04  -2.2400602e-03   1.0867481e-03
   7.3138502e-02  -1.2482575e-01  -5.9301046e-01   8.0448439e-04  -1.9980526e-03   8.9910909e-04
   8.7556976e-02  -6.2293399e-02  -5.9918210e-01   7.8154946e-04  -2.2254311e-03   1.0369933e-03
   8.2092635e-02  -1.2695788e-01  -5.7275576e-01   1.1865434e-03  -2.1943386e-03   1.1533342e-03
   8.3130304e-02  -1.3111920e-01  -5.8635237e-01   1.4860807e-03  -2.4550328e-03   1.1896674e-03
   7.8852022e-02  -1.6494225e-01  -5.4569634e-01   1.4717390e-03  -2.2947737e-03   1.4031726e-03
   8.5165808e-02  -1.6341172e-01  -5.4328130e-01   1.9380355e-03  -2.5797674e-03   1.2874131e-03
   8.4757578e-02  -1.4995386e-01  -6.2493487e-01   1.9546275e-03  -2.5613112e-03   1.1380515e-03
   7.1117779e-02  -8.4712664e-02  -6.3641249e-01   1.7299414e-03  -1.6501151e-03   2.4746444e-03
   3.8202427e-02  -1.4211368e-01  -5.5108410e-01   2.4335909e-03  -9.8868882e-04   2.0696889e-03
   2.5764647e-02  -1.7287382e-01  -5.7959490e-01   2.2216417e-03  -7.4143974e-04   2.0078054e-03
   3.0214797e-02  -2.1106243e-01  -5.2730362e-01   2.1295523e-03  -5.1457535e-04   2.0772990e-03
   2.8156301e-02  -1.5544477e-01  -4.7880381e-01   2.1950083e-03   8.9177643e-05   1.7835402e-03
   3.0658995e-02  -1.3592753e-01  -5.1964704e-01   1.9499356e-03   4.1403376e-04   1.9354172e-03
   3.0582410e-02  -1.7849866e-01  -4.9772343e-01   2.2916801e-03   4.5471966e-04   1.9320556e-03
   3.8255408e-02  -1.8426974e-01  -5.3266128e-01   2.5274239e-03   2.9702452e-04   1.9170727e-03
   3.9705205e-02  -1.5395472e-01  -5.0701556e-01   2.3975788e-03   2.8776302e-04   1.9903656e-03
   3.7743864e-02  -1.8855362e-01  -5.3498466e-01   2.3183448e-03   1.7766320e-04   1.9239463e-03
   3.5866979e-02  -9.1993529e-02  -5.6465943e-01   2.0594412e-03   1.4988453e-04   1.8574474e-03
   3.5845051e-02  -1.1723633e-01  -5.5247227e-01   2.4774947e-03   1.1051125e-04   1.8432467e-03
   2.0771548e-02  -1.4207695e-01  -5.5007529e-01   2.9075526e-03   2.1335715e-04   1.8405919e-03
   1.7774283e-02  -1.5227681e-01  -5.4216003e-01   2.0797437e-03   1.4558190e-04   2.1192284e-03
   2.3415671e-02  -1.8419383e-01  -5.4688646e-01   2.5183855e-03   3.0912803e-04   2.1302080e-03
   2.1177849e-02  -1.9994702e-01  -5.8102393e-01   2.2110985e-03   5.3578232e-04   2.0947160e-03
   2.6409417e-02  -1.6673911e-01  -5.3880402e-01   1.8644781e-03   2.1533471e-04   2.4371531e-03
   2.6203143e-02  -1.6401223e-01  -5.3154358e-01   2.3258834e-03   4.9715599e-04   2.1852228e-03
   2.0974237e-02  -1.9443261e-01  -5.5658894e-01   2.5628285e-03   3.6668647e-04   2.0045287e-03
   1.4894392e-02  -1.1369475e-01  -5.2835732e-01   1.9739038e-03   6.3484010e-04   1.9624018e-03
   1.3663013e-02  -1.6886667e-01  -5.1840476e-01   2.5022455e-03   6.6388387e-04   1.9440401e-03
   2.5861246e-02  -1.1665032e-01  -5.3548874e-01   2.6732709e-03   5.7995977e-04   1.9049159e-03
   5.2575337e-02  -1.2985285e-01  -5.3370068e-01   1.7671386e-03  -1.4014435e-04   2.7603540e-03
   4.7911735e-02  -1.1288609e-01  -5.3870976e-01   1.8809103e-03   2.1914378e-04   2.4644095e-03
   5.1150064e-02  -1.4345705e-01  -5.7466154e-01   1.7217627e-03   1.6116407e-04   2.2880414e-03
   5.3118713e-02  -1.5220713e-01  -5.8465628e-01   1.9422475e-03  -2.8493601e-04   2.4652769e-03
   4.7194952e-02  -1.6521565e-01  -6.3609855e-01   1.3984629e-03  -4.1893749e-04   2.4720663e-03
   5.4807476e-02  -1.8608722e-01  -5.1596449e-01   2.0087274e-03  -7.7440026e-04   1.8770455e-03
   6.8302661e-02  -6.0707281e-02  -5.7636644e-01   1.6101023e-03  -9.9345815e-04   1.3278297e-03
   7.9955055e-02  -5.7869737e-02  -5.6520709e-01   2.0604558e-03  -1.5779569e-03   1.7858574e-03
   5.8389931e-02  -1.1505025e-01  -6.2615132e-01   2.2937990e-03  -1.0531481e-03   2.1521894e-03
   4.3934014e-02  -1.2509271e-01  -6.1673480e-01   1.9154054e-03  -5.8922781e-04   2.1307634e-03
   3.9386216e-02  -1.9014880e-01  -7.1556420e-01   1.5246435e-03  -6.5111526e-04   2.4954291e-03
   1.7347534e-02  -8.0993251e-02  -9.0469268e-01  -6.9151838e-04   3.6146420e-04   2.3807097e-03
   1.2196690e-02  -1.5721105e-01  -9.5645235e-01  -6.9343322e-04   5.3003021e-04   2.3719598e-03
   1.1206004e-02  -1.4579594e-01  -9.1321323e-01  -4.7811664e-04   4.8491865e-04   2.4493617e-03
   1.6833965e-02  -2.5509571e-01  -8.7537640e-01   1.8964962e-04   7.7750659e-05   2.5707002e-03
   3.1321948e-02  -5.9706998e-02  -8.4483589e-01  -3.2725179e-04   1.6160855e-04   2.6065583e-03
   1.2342060e-02  -2.1442964e-01  -8.7668194e-01  -1.9220025e-04   5.4947839e-05   2.1963522e-03
   2.2416875e-02  -9.5854397e-02  -8.8149488e-01  -4.5410496e-04  -1.3133091e-04   2.2941982e-03
   2.2170302e-02  -1.2377103e-01  -8.8474795e-01   3.2023852e-05  -6.7076887e-06   2.0006923e-03
   2.5431366e-02  -1.1150835e-01  -8.8836179e-01  -2.1636692e-04  -2.7150339e-04   2.2804110e-03
   3.4675126e-02  -1.1286282e-01  -8.9409801e-01  -8.4902495e-07  -2.1143045e-04   2.0519839e-03
   4.0524557e-02  -9.7304907e-02  -8.7960165e-01  -1.3559697e-04  -6.6114243e-04   2.0207775e-03
   3.9728296e-02  -7.0473176e-02  -8.5983590e-01  -6.4281899e-04  -6.5536523e-04   1.9461057e-03
   4.2071614e-02  -1.2737564e-01  -9.1450944e-01  -6.0650540e-04  -7.8078509e-04   2.0023937e-03
   4.7759098e-02  -1.4471810e-01  -9.4251266e-01  -6.4991986e-04  -9.7409882e-04   1.9684423e-03
   4.7829089e-02  -8.6599884e-02  -9.1860845e-01  -5.8315158e-04  -8.4029929e-04   2.0794260e-03
   5.3456742e-02  -1.2578097e-01  -9.2081642e-01  -3.0879872e-06  -8.8361047e-04   1.9975339e-03
   6.4325321e-02  -7.6395490e-02  -9.0626833e-01  -2.4676401e-04  -8.8981186e-04   2.1806553e-03
   6.7459049e-02  -1.6200435e-01  -9.0291244e-01  -6.3779885e-05  -6.8498428e-04   2.1918803e-03
   7.1266253e-02  -1.3636829e-01  -9.3688046e-01  -2.0786761e-04  -7.7020368e-04   2.1749856e-03
   6.9170351e-02  -1.5379331e-01  -9.0204137e-01  -2.0783561e-04  -1.0244798e-03   2.3102522e-03
   7.3318342e-02  -1.6742981e-01  -9.1464784e-01   1.9551615e-04  -9.5673545e-04   2.1970051e-03
   8.3154869e-02  -4.7987409e-02  -9.2670451e-01  -2.6053405e-04  -1.1204985e-03   2.4640469e-03
   8.4850410e-02  -6.1591384e-02  -9.3122485e-01  -6.7342472e-05  -1.2759193e-03   2.3157187e-03
   7.7110906e-02  -3.4233312e-02  -9.1563354e-01   3.3730958e-05  -1.7264058e-03   2.2491859e-03
   7.2429236e-02  -6.2349414e-02  -9.3271613e-01  -8.1318271e-04  -1.5591340e-03   2.1934538e-03
   7.1966281e-02  -9.4132489e-02  -9.8812355e-01   7.2011871e-05  -1.5352681e-03   2.1569167e-03
   6.5787909e-02  -3.3992475e-02  -9.4920746e-01  -1.4966291e-04  -1.2739080e-03   2.2842532e-03
   6.7624640e-02  -1.3624101e-01  -1.0200739e+00  -7.5745332e-05  -1.4764119e-03   2.1530168e-03
   5.7335363e-02  -1.0132795e-01  -9.9915275e-01  -7.2210515e-04  -1.5189290e-03   1.9118797e-03
   6.5988593e-02  -1.3211431e-01  -9.7045126e-01  -7.3796073e-04  -1.4826777e-03   1.9107358e-03
   6.4892144e-02  -1.8750633e-01  -9.6154713e-01  -3.0458319e-04  -1.4093524e-03   1.7585627e-03
   7.4332313e-02  -1.2129868e-01  -9.5837187e-01  -3.5410182e-04  -1.5829156e-03   1.8268651e-03
   8.5044143e-02  -1.6029651e-01  -9.4978218e-01  -7.3376692e-05  -1.7140323e-03   1.9514374e-03
   6.8820919e-02  -1.8908988e-01  -9.8008874e-01  -4.1728019e-04  -1.4798294e-03   1.8441079e-03
   6.8735759e-02  -1.2276772e-01  -9.6544292e-01  -6.5114880e-04  -1.5691219e-03   1.8365603e-03
   6.7489288e-02  -1.7475924e-01  -1.0024177e+00  -6.3137317e-04  -1.4834747e-03   1.6546167e-03
   7.9565962e-02  -1.0344090e-01  -1.0185036e+00  -5.9581776e-04  -1.6315309e-03   1.5443945e-03
   8.1368168e-02  -9.3691601e-02  -9.8172652e-01  -6.7425396e-04  -1.6799249e-03   1.7538405e-03
   8.4645183e-02  -1.3532565e-01  -1.0086769e+00  -3.9617590e-04  -1.4342692e-03   1.9599678e-03
   9.5211362e-02  -7.8475683e-02  -9.9223916e-01  -4.5948376e-04  -1.6781040e-03   2.0655484e-03
   7.9087350e-02  -1.1771794e-01  -1.0492868e+00  -7.1832408e-04  -1.7743568e-03   1.9003018e-03
   8.1775655e-02  -1.0257314e-01  -1.1142550e+00  -1.1024963e-03  -1.9275220e-03   1.6735971e-03
   7.2780669e-02  -9.9840253e-02  -1.1473866e+00  -7.9204152e-04  -1.6463039e-03   1.4517820e-03
   6.3031171e-02  -1.3054690e-01  -1.1143247e+00  -7.7685205e-04  -1.7601679e-03   1.7801483e-03
   5.8319370e-02  -1.3532830e-01  -1.0840616e+00  -3.0850900e-04  -2.1678007e-03   1.6395583e-03
   6.0820872e-02  -1.1856751e-01  -1.1032262e+00  -3.5381388e-04  -1.8328109e-03   1.5795813e-03
   6.4201518e-02  -1.2337707e-01  -1.1028095e+00  -5.0490150e-04  -1.5315294e-03   1.9315914e-03
   5.9748275e-02  -1.4188880e-01  -1.0951189e+00  -5.6951370e-04  -1.3499358e-03   1.8417340e-03
   6.1515184e-02  -1.8011641e-01  -1.1696169e+00  -8.7647674e-04  -1.8305246e-03   1.5662642e-03
   6.2968582e-02  -9.1833993e-02  -1.1698194e+00  -1.2437771e-03  -1.8427604e-03   1.3641889e-03
   4.5078916e-02  -1.3920798e-01  -1.2024026e+00  -1.4699745e-03  -1.8640465e-03   1.1015404e-03
   4.8015519e-02  -1.0323945e-01  -1.2533496e+00  -1.0235518e-03  -2.0614381e-03   1.0366329e-03
   6.1290587e-02  -2.4760185e-02  -1.1961152e+00  -2.2561936e-04  -2.1776607e-03   1.0848536e-03
   5.8526847e-02  -7.4346372e-02  -1.1269156e+00  -5.9364037e-05  -2.2252209e-03   1.0328958e-03
   6.8715343e-02  -1.0642666e-01  -1.1355430e+00  -6.3538886e-04  -2.7065360e-03   1.2439091e-03
   7.2458565e-02  -1.6988766e-01  -1.1113452e+00  -7.0042322e-04  -2.9229065e-03   8.5579788e-04
   7.2530722e-02  -1.5423567e-01  -1.1287590e+00  -8.0464459e-04  -2.9881705e-03   6.2534290e-04
   8.2218231e-02  -1.6328198e-01  -1.1585638e+00  -7.0377610e-04  -3.2507022e-03   6.3054669e-04
   9.3162902e-02  -1.6100438e-01  -1.1423930e+00  -7.6430082e-04  -3.0924276e-03   9.0619251e-04
   9.6162570e-02  -1.6545958e-01  -1.1395060e+00  -1.0335227e-03  -3.1264825e-03   7.0405693e-04
   8.5799729e-02  -1.7392149e-01  -1.1810864e+00  -1.4477657e-03  -3.3117364e-03   4.3318863e-04
   8.8076031e-02  -1.4501443e-01  -1.2165934e+00  -2.2099400e-03  -3.1518377e-03   3.2950751e-04
   7.9193876e-02  -2.0839065e-01  -1.2233740e+00  -1.6117207e-03  -3.1282450e-03   1.6179961e-04
   9.1636040e-02  -1.2939418e-01  -1.2327017e+00  -1.2940434e-03  -3.3468650e-03   1.8160518e-04
   8.5292245e-02  -1.9989039e-01  -1.1952445e+00  -1.1232637e-03  -3.4372652e-03   3.9476836e-04
   9.2966636e-02  -1.3482081e-01  -1.2366893e+00  -1.2641634e-03  -3.5637547e-03   3.3873877e-04
   1.0004460e-01  -1.5813443e-01  -1.2424741e+00  -1.3491337e-03  -3.7130501e-03   4.2224937e-04
   9.9450448e-02  -1.1835201e-01  -1.2391950e+00  -1.4258743e-03  -3.5630617e-03   2.6898430e-04
   9.5510218e-02  -1.4228661e-01  -1.2633486e+00  -1.4542468e-03  -3.5168525e-03   3.2101528e-04
   8.5064303e-02  -1.1784246e-01  -1.2517212e+00  -1.5532409e-03  -3.7024863e-03   3.3087776e-04
   8.2913464e-02  -1.5656356e-01  -1.2805991e+00  -1.1131204e-03  -3.6470071e-03   2.7426003e-04
   8.3311640e-02  -1.2324556e-01  -1.2703454e+00  -1.0870512e-03  -3.8511026e-03   3.0658156e-04
   9.4225595e-02  -1.4160819e-01  -1.2435938e+00  -1.1296964e-03  -3.9056591e-03   3.0777474e-04
   8.6111284e-02  -1.3702977e-01  -1.2696737e+00  -1.1530458e-03  -3.4079088e-03   3.1397308e-04
   1.1000879e-01  -8.8126392e-02  -1.2954920e+00  -1.1631949e-03  -3.8917691e-03   6.0406446e-04
   1.0377838e-01  -7.5656257e-02  -1.3032225e+00  -1.7060887e-03  -3.1506888e-03   6.5128748e-04
   9.7823659e-02  -1.5052791e-01  -1.3311581e+00  -1.6988214e-03  -3.4668159e-03   4.4329113e-04
   1.0770060e-01  -1.0544325e-01  -1.3350329e+00  -1.9375493e-03  -3.3773627e-03   3.1200360e-04
   9.1672978e-02  -1.4687633e-01  -1.3159164e+00  -1.7902298e-03  -3.2053160e-03  -2.1092186e-04
   7.9838494e-02  -4.8029765e-02  -1.2970881e+00  -2.5905940e-03  -3.2991860e-03  -1.7768806e-04
   5.7946136e-02  -1.1188934e-01  -1.2660423e+00  -2.3898359e-03  -3.1186861e-03  -2.1386056e-04
   6.9684246e-02  -6.4261710e-02  -1.2518053e+00  -1.7742488e-03  -3.2349218e-03   2.3592692e-04
   9.2326030e-02  -1.2145086e-01  -1.2297850e+00  -1.5311537e-03  -3.6825245e-03   2.6599984e-04
   9.0165199e-02  -2.6878512e-01  -1.2688068e+00  -1.5201954e-03  -3.7865239e-03  -6.4531469e-07
   1.0492900e-01  -2.0941735e-01  -1.2751371e+00  -1.6549172e-03  -4.0632687e-03   8.1093376e-05
   1.0599003e-01  -1.9978719e-01  -1.2517794e+00  -1.6784776e-03  -4.0382144e-03   2.7897705e-04
   1.0553001e-01  -2.5901277e-01  -1.2736051e+00  -1.3197729e-03  -4.0413641e-03   7.7440427e-06
   1.2245268e-01  -1.3022178e-01  -1.2690996e+00  -1.2711723e-03  -4.5152944e-03   5.9455858e-05
   1.2307895e-01  -1.5173202e-01  -1.2607940e+00  -1.1429121e-03  -4.4995907e-03   6.6468910e-05
   1.2724153e-01  -1.6803769e-01  -1.3393334e+00  -1.5007470e-03  -4.5962787e-03  -1.5421221e-04
   1.3519664e-01  -1.1821480e-01  -1.3930753e+00  -2.6791048e-03  -4.9852629e-03   5.6281906e-05
   1.2091165e-01  -2.1306083e-01  -1.3927316e+00  -2.4070782e-03  -4.9358209e-03  -2.1382536e-04
   1.3331992e-01  -9.4434960e-02  -1.4490574e+00  -2.4507568e-03  -5.2434690e-03  -2.4405241e-04
   1.3424091e-01  -3.8344001e-02  -1.4551344e+00  -2.0084138e-03  -5.1771098e-03  -2.4419383e-04
   1.2613829e-01  -8.2149967e-02  -1.4739352e+00  -1.1584154e-03  -4.6341940e-03  -4.4529684e-04
   1.2368091e-01  -1.0113745e-01  -1.3888117e+00  -1.5428832e-03  -4.4393274e-03  -3.5355278e-04
   1.0228524e-01  -2.0614123e-01  -1.4417428e+00  -2.1471670e-03  -5.0653214e-03  -3.3261407e-04
   8.9276869e-02  -2.7463413e-01  -1.5596546e+00  -2.6776664e-03  -5.8315742e-03  -1.8203508e-04
   9.1284179e-02  -3.1840463e-01  -1.2692846e+00  -1.1404722e-03  -6.2175937e-03  -8.9597845e-04
   1.0523703e-01  -2.8223479e-01  -1.1817709e+00  -9.1395391e-04  -6.3711725e-03  -1.2653105e-03
   1.0908684e-01  -1.8458295e-01  -1.1864971e+00  -8.0536900e-04  -6.1371464e-03  -1.3421053e-03
   1.1450331e-01  -1.7819967e-01  -1.1906812e+00  -1.2868161e-03  -6.7478911e-03  -1.4422769e-03
   1.1687737e-01  -1.4853545e-01  -1.1560839e+00  -1.8373101e-03  -6.9027054e-03  -1.5462074e-03
   1.2938743e-01  -1.5697695e-01  -1.1536174e+00  -1.0835011e-03  -6.7616172e-03  -1.5413834e-03
   1.2820597e-01  -1.6832011e-01  -1.1883140e+00  -1.1801358e-03  -6.7438074e-03  -1.6382287e-03
   1.3328548e-01  -1.3044654e-01  -1.1629484e+00  -9.3808877e-04  -7.2118475e-03  -1.4719759e-03
   1.0162795e-01  -1.5043665e-01  -1.0987152e+00  -1.6586350e-03  -6.5185703e-03  -1.4256997e-03
   5.3909313e-02  -5.9099299e-02  -9.2680781e-01  -2.2572568e-03  -5.7825908e-03  -2.5413227e-03
   8.1371002e-02  -7.3675620e-02  -9.0831385e-01  -1.2056098e-03  -7.1652298e-03  -2.3297495e-03
   7.4686848e-02   2.6221972e-04  -1.0048669e+00  -1.4323801e-03  -6.4725440e-03  -2.0265809e-03
   5.6463777e-02   3.4297374e-02  -8.9504348e-01  -1.9181755e-03  -5.7821063e-03  -2.3596900e-03
   5.0083979e-02  -4.8258317e-02  -8.6864111e-01  -1.3015873e-03  -5.4118100e-03  -2.4611582e-03
   5.7028531e-02  -9.7841306e-02  -8.5157005e-01  -9.2421746e-04  -6.0094204e-03  -2.4836580e-03
   6.1758576e-02  -1.4803607e-01  -8.0472206e-01  -1.2009297e-03  -6.0324633e-03  -2.4396059e-03
   6.9953622e-02  -1.4829313e-01  -8.4859955e-01  -1.0699902e-03  -5.9156148e-03  -2.3342030e-03
   8.5059509e-02  -1.2976084e-01  -8.5030074e-01  -1.3984506e-03  -5.9887332e-03  -1.9130432e-03
   7.7446745e-02  -1.1837755e-01  -8.4052784e-01  -1.2264200e-03  -5.9055999e-03  -1.9370040e-03
   4.0676280e-02  -7.1834951e-02  -9.4766170e-01  -1.5544533e-03  -6.9653997e-03  -1.7822410e-03
   3.0836897e-02  -2.9707215e-01  -9.0804709e-01  -2.1001623e-03  -6.6220184e-03  -2.2928934e-03
   3.4679501e-02  -1.3860093e-01  -8.1117134e-01   3.7555904e-04  -6.8486781e-03  -1.9799263e-03
   2.3971999e-02  -7.8160798e-02  -8.6743924e-01  -6.9576335e-04  -6.5527242e-03  -2.0795010e-03
   1.6435255e-02  -1.7657175e-01  -8.4648177e-01   3.3914222e-04  -6.6382144e-03  -1.7776582e-03
   4.1801312e-02  -1.1170952e-01  -8.6138665e-01   2.0011735e-04  -7.3482636e-03  -1.6391360e-03
   4.5704367e-02  -1.1206934e-01  -8.4212881e-01  -1.3279931e-04  -7.5536440e-03  -1.6032737e-03
   4.1020609e-02  -1.5579153e-01  -8.4449379e-01   2.2378288e-04  -7.6967814e-03  -1.8262393e-03
   5.3612103e-02  -9.4083419e-02  -8.7426804e-01  -1.0770721e-03  -8.4512685e-03  -1.9756350e-03
   8.5803056e-02  -8.3128944e-02  -9.3685488e-01  -2.9317642e-04  -9.4707891e-03  -1.7636745e-03
   9.0488890e-02  -6.0670700e-02  -9.4693259e-01  -3.9867074e-04  -9.7749329e-03  -2.0025856e-03
   1.0256482e-01  -5.0972250e-02  -9.8709356e-01  -5.0190028e-04  -1.0018051e-02  -2.0392427e-03
   1.0715152e-01  -6.5105626e-02  -9.4196297e-01  -4.6911650e-05  -1.0205659e-02  -2.0320641e-03
   1.1089005e-01  -1.3107068e-01  -9.4757698e-01   4.3833697e-04  -1.0407911e-02  -2.2512155e-03
   9.8194178e-02  -7.5912224e-02  -9.4152727e-01  -9.6826416e-05  -9.9987382e-03  -2.7352968e-03
   8.0309875e-02  -6.5936328e-02  -8.9923699e-01   6.8666583e-04  -9.3460537e-03  -2.9409089e-03
   8.8587867e-02  -5.9119099e-02  -9.3757179e-01   9.1770883e-04  -9.6939475e-03  -2.7949598e-03
   8.9807851e-02  -6.3737663e-02  -9.0261479e-01   6.4778336e-04  -9.9646346e-03  -2.5505395e-03
   7.8604827e-02  -1.5834473e-01  -9.3063819e-01   9.7556653e-04  -9.6409740e-03  -2.8841107e-03
   8.8794464e-02  -1.4792201e-01  -9.2862519e-01   8.5376017e-04  -9.9008795e-03  -2.7265328e-03
   1.0199222e-01  -1.2057142e-01  -9.3514952e-01   1.4102405e-03  -1.0369228e-02  -2.5104460e-03
   9.9231531e-02  -1.1530971e-01  -9.3292735e-01   9.1092716e-04  -1.0433245e-02  -2.5652191e-03
   9.6269061e-02  -1.1402558e-01  -9.3809416e-01   1.4446229e-03  -1.0631992e-02  -2.6657862e-03
   7.4221246e-02  -1.1672932e-01  -9.0716387e-01   1.5408048e-04  -1.0625408e-02  -3.0857391e-03
   6.9935997e-02  -1.3239031e-01  -9.0758970e-01   5.7998027e-04  -1.0515673e-02  -3.3346141e-03
   8.9041039e-02  -1.2597757e-01  -9.0794116e-01   1.9698886e-03  -1.0585366e-02  -3.3016165e-03
   9.4438125e-02  -4.0350345e-02  -8.6699510e-01   1.1945838e-03  -1.0422355e-02  -3.1047843e-03
   1.0203071e-01  -6.5908052e-02  -8.6553188e-01   1.3906430e-03  -1.0407606e-02  -2.9407211e-03
   1.1046699e-01  -1.1708889e-01  -9.2299296e-01   6.7911984e-04  -1.0866859e-02  -2.7497280e-03
   9.6376477e-02  -3.3367145e-02  -8.4790662e-01   2.1838228e-04  -1.0205700e-02  -2.9616399e-03
   1.0833441e-01  -9.2849631e-02  -8.6149343e-01   1.4569184e-03  -1.0718551e-02  -3.1162068e-03
   1.1162678e-01   3.5029753e-02  -8.7362466e-01   4.6121641e-04  -1.0594280e-02  -3.4274842e-03
   1.1177974e-01  -3.7260602e-02  -8.5151172e-01   8.8569023e-04  -1.0958950e-02  -2.8652632e-03
   1.1277236e-01  -1.3889473e-01  -8.5832381e-01   1.3620121e-03  -1.1399383e-02  -3.1207289e-03
   1.0965218e-01  -1.8257708e-02  -8.2554725e-01   9.8613321e-04  -1.1101271e-02  -3.3147995e-03
   1.0554117e-01  -1.0339584e-01  -8.5195685e-01   1.3441368e-03  -1.1016293e-02  -3.1918573e-03
   1.1499021e-01  -3.2858285e-02  -8.4865288e-01   6.7286714e-04  -1.1403155e-02  -3.3159785e-03
   9.3764689e-02  -1.8438216e-01  -8.6597591e-01   1.1936665e-03  -1.1000176e-02  -3.4910950e-03
   8.6445185e-02  -1.1289956e-01  -7.9763938e-01   1.3951811e-03  -1.0469603e-02  -3.4417347e-03
   1.0616155e-01  -6.0223783e-02  -8.0932307e-01   1.8372051e-03  -1.0987374e-02  -3.2198290e-03
   1.0088724e-01  -9.2002410e-02  -7.8879844e-01   1.7810903e-03  -1.1034276e-02  -3.4275849e-03
   1.2253454e-01  -8.4859663e-02  -7.9759389e-01   6.4991124e-04  -1.1771825e-02  -2.6988778e-03
   1.1169059e-01  -2.0760110e-02  -7.8806605e-01   8.2892058e-04  -1.1461299e-02  -3.0061575e-03
   1.1890801e-01  -1.1329578e-01  -8.2262440e-01   9.8992293e-04  -1.1952188e-02  -2.8958068e-03
   1.1870535e-01  -1.2798068e-01  -8.1897250e-01   8.1136962e-04  -1.2016460e-02  -2.9284912e-03
   1.3812879e-01  -1.6044074e-01  -8.1197738e-01   1.2962555e-03  -1.2540789e-02  -3.0977941e-03
   1.3687580e-01  -4.5288826e-02  -8.3422827e-01   7.1664665e-04  -1.2277003e-02  -3.1009293e-03
   1.2390974e-01  -5.4854340e-02  -8.3055949e-01   7.9114756e-04  -1.1973409e-02  -3.3371805e-03
   9.8763753e-02  -3.6352692e-02  -8.5476498e-01   9.3388648e-04  -1.1144567e-02  -3.7582921e-03
   1.1252330e-01  -7.3561867e-04  -8.2957438e-01   8.0051620e-04  -1.1698821e-02  -3.6859404e-03
   1.0938011e-01  -6.2255456e-02  -8.2509366e-01   4.1161830e-04  -1.1843034e-02  -3.6673857e-03
   1.0644187e-01  -9.7910674e-02  -8.3726237e-01   1.0219819e-03  -1.1473115e-02  -3.6728421e-03
   1.1762001e-01  -8.2662149e-02  -8.4185701e-01   1.1450153e-03  -1.1668312e-02  -3.5650254e-03
   1.2845796e-01  -7.8847310e-02  -8.1863582e-01   1.3564951e-03  -1.1906868e-02  -3.3215388e-03
   1.2886768e-01  -8.2790411e-02  -8.1651200e-01   1.6473840e-03  -1.1730001e-02  -3.5174138e-03
   1.3834137e-01  -4.9791320e-02  -8.3754091e-01   1.7470376e-03  -1.1664108e-02  -2.9390901e-03
   1.3282606e-01  -3.6729255e-02  -8.2343784e-01   1.5107616e-03  -1.1599325e-02  -3.3599739e-03
   1.2002245e-01  -7.9306035e-02  -8.3654872e-01   1.5111477e-03  -1.1438363e-02  -3.6503494e-03
   1.2443839e-01  -1.3506953e-02  -8.2685454e-01   1.7866635e-03  -1.1720133e-02  -3.1310837e-03
   1.1315031e-01  -5.0265153e-02  -8.0943194e-01   1.4316707e-03  -1.1493692e-02  -3.0092831e-03
   1.1593816e-01  -1.2858213e-01  -8.0040413e-01   1.5011363e-03  -1.1356979e-02  -3.0887775e-03
   1.2500488e-01  -3.5864252e-03  -8.3169529e-01   1.8160301e-03  -1.1110270e-02  -3.1338761e-03
   1.2054417e-01  -5.4962859e-02  -8.0922639e-01   1.8919952e-03  -1.1255001e-02  -3.1148651e-03
   1.2019513e-01  -1.0317735e-01  -7.6904433e-01   1.5796214e-03  -1.1410391e-02  -3.2868134e-03
   1.1730938e-01  -1.5114238e-01  -8.6507697e-01   2.5159812e-03  -1.1134453e-02  -2.9055166e-03
   1.0188708e-01  -1.0656962e-01  -8.3455956e-01   1.3575216e-03  -1.1194523e-02  -2.8865583e-03
   9.9963676e-02  -6.2008262e-02  -8.7439915e-01   2.4398847e-03  -1.1100095e-02  -2.9855614e-03
   8.1153215e-02  -1.2270302e-01  -8.2040638e-01   2.4310268e-03  -1.0947389e-02  -3.0885276e-03
   9.3781806e-02  -9.4846466e-02  -8.0653581e-01   2.6304970e-03  -1.1078186e-02  -2.6858033e-03
   9.4321446e-02  -1.5747220e-01  -7.6436116e-01   2.8976133e-03  -1.1006472e-02  -2.6161345e-03
   1.1012501e-01  -1.2567658e-01  -7.9324193e-01   2.7700526e-03  -1.0871201e-02  -2.3660366e-03
   1.1390044e-01  -7.2700495e-02  -7.8772734e-01   2.1652507e-03  -1.1097956e-02  -2.6736404e-03
   1.1859472e-01  -9.0393959e-03  -7.9285285e-01   2.0562488e-03  -1.0958691e-02  -2.7170231e-03
   1.2149668e-01  -1.1579936e-01  -8.0798219e-01   2.0980633e-03  -1.1234368e-02  -2.6986541e-03
   1.2600180e-01  -3.6204957e-02  -8.1586370e-01   1.9531929e-03  -1.1252605e-02  -3.0540988e-03
   1.1845564e-01  -7.2414920e-02  -8.1206882e-01   2.2409199e-03  -1.1156653e-02  -3.0143134e-03
   1.1212054e-01  -6.2500486e-02  -8.2689129e-01   2.2970321e-03  -1.1051583e-02  -3.1877377e-03
   1.1544157e-01  -3.3948009e-03  -8.0884835e-01   1.8582304e-03  -1.1057244e-02  -2.9372979e-03
   1.1513546e-01  -7.7276908e-02  -8.1352906e-01   1.7203658e-03  -1.1198029e-02  -2.8457843e-03
   1.0681297e-01  -8.4849505e-02  -8.0604693e-01   2.1391587e-03  -1.1567298e-02  -2.8565054e-03
   1.0125587e-01  -5.5778452e-02  -8.0840434e-01   2.0324959e-03  -1.1189187e-02  -3.0794792e-03
   8.9455794e-02  -9.7102501e-02  -8.2720424e-01   2.4165294e-03  -1.1068026e-02  -3.1323688e-03
   9.2042615e-02  -6.3422664e-03  -8.1161284e-01   5.7038174e-04  -1.1341316e-02  -3.3383326e-03
   8.8014321e-02  -6.4007022e-02  -8.1996940e-01   2.0186911e-03  -1.1165105e-02  -3.3205910e-03
   9.1465359e-02  -3.6088955e-02  -7.4844992e-01   1.7702228e-03  -1.1391134e-02  -2.9889013e-03
   7.5171538e-02  -7.8242257e-02  -7.4741386e-01   1.3085645e-03  -1.0930988e-02  -3.2427856e-03
   8.5849283e-02  -1.6595593e-02  -7.4055090e-01   1.5410566e-03  -1.0466078e-02  -3.1389794e-03
   8.9123725e-02  -6.6404465e-02  -7.3821566e-01   1.5290611e-03  -1.0671633e-02  -3.0591443e-03
   7.7079317e-02  -7.6930530e-02  -7.2794113e-01   1.2906567e-03  -1.0358564e-02  -2.9778274e-03
