   0.0000000e+00   0.0000000e+00   0.0000000e+00   0.0000000e+00   0.0000000e+00   0.0000000e+00
   1.3833310e-02   4.9181261e-03  -5.4220230e-02  -9.9960661e-05   4.8461740e-05  -1.1112032e-04
  -7.4082725e-03   1.4342293e-02  -5.7200742e-02  -3.9722463e-04   3.2277542e-04  -4.2186564e-06
  -1.6944969e-02   2.2642253e-02  -7.8392907e-02  -3.1463672e-04   7.0899919e-04  -1.6991927e-05
  -2.2019073e-02  -2.4921523e-02  -9.9368091e-02   5.4784488e-04   9.4520372e-04   3.1648756e-08
  -2.5627686e-02   4.3231793e-02  -5.6993762e-02   2.3313399e-04   1.0648776e-03   2.3762141e-04
  -5.2933624e-02   4.3725681e-02  -8.2216837e-02  -2.8033972e-04   1.2997274e-03   3.0669388e-04
  -5.0470746e-02   5.6586254e-02  -1.0008180e-01  -3.6545852e-08   1.3446972e-03   2.2172388e-04
  -2.9310659e-02   1.4473782e-02  -8.7109827e-02   3.0665209e-04   1.1942195e-03   2.7414434e-04
  -2.8202699e-02   5.3685440e-02  -9.1522011e-02  -1.4365288e-04   1.0427410e-03   2.0428716e-04
  -7.4816091e-02   2.6864325e-03  -9.0651800e-02  -2.0261482e-04   1.5856582e-03   2.5191079e-04
  -5.6309415e-02  -5.1943911e-02  -1.0288833e-01   9.2392211e-05   1.4096932e-03   1.1528992e-04
  -4.8701951e-02  -1.1635553e-02  -1.1187237e-01  -6.5165974e-05   1.2641843e-03   1.5310785e-04
  -5.4461988e-02   6.8245877e-03  -8.9415960e-02   5.0815882e-04   1.3887622e-03   1.8570783e-04
  -6.2659473e-02   7.0399395e-02  -9.0199972e-02   1.1891443e-04   1.5561760e-03   3.3587949e-04
  -4.9008433e-02  -3.1084242e-02  -4.7944489e-02   4.0579984e-05   1.5107442e-03   4.1330377e-04
  -8.7731305e-02   4.2475768e-02  -1.2823099e-01  -3.6756377e-08   1.8575995e-03   1.9441621e-04
  -3.0023270e-02  -1.8783653e-01  -6.5627450e-02   8.8126699e-04   9.9847603e-04   2.4833794e-04
  -2.8435767e-02   1.7253601e-02  -8.9530386e-02   2.5904408e-04   1.0801600e-03   2.8958526e-04
  -2.7638943e-02  -4.4859171e-02  -8.8193961e-02   3.3712234e-04   1.0528573e-03   3.5127006e-04
  -3.6590866e-02  -4.0557171e-02  -9.1875289e-02   1.7079012e-04   1.0832729e-03   2.9256690e-04
  -4.6753004e-02   5.7705971e-02  -9.7037226e-02   4.3261889e-05   1.2898402e-03   4.5045415e-04
  -5.0177737e-02  -2.7949710e-02  -5.2399310e-02  -4.5569567e-05   1.2503223e-03   6.0248438e-04
  -8.2508643e-02   3.2890650e-02  -9.5099776e-02  -4.0681892e-04   1.6038439e-03   6.2658208e-04
  -6.0258707e-02  -4.6704832e-02  -1.2708414e-01   5.5851563e-04   1.4668444e-03   4.4179902e-04
  -5.7844192e-02   7.8951537e-04  -1.0988741e-01   7.2632721e-04   1.6980089e-03   6.8134410e-04
  -5.9939683e-02   5.2128394e-02  -1.4764210e-01   4.9716870e-04   1.6708878e-03   6.0569992e-04
  -5.2886478e-02   3.1788199e-02  -1.1348351e-01   7.6084976e-04   1.5135538e-03   7.6454080e-04
  -6.6163011e-02   1.1848943e-02  -1.0909703e-01   5.7722066e-04   1.7385812e-03   7.7137114e-04
  -5.5540906e-02  -2.7678193e-03  -1.0766855e-01   2.7302425e-04   1.5886701e-03   6.8399952e-04
  -6.7653655e-02  -1.8942286e-02  -1.1861303e-01   4.4915486e-04   1.7864693e-03   7.3426146e-04
  -9.9894520e-02  -1.0178985e-02  -1.2610539e-01   5.9728993e-04   2.2838424e-03   6.7756506e-04
  -1.1706749e-01   5.7577046e-03  -1.4316973e-01   1.4983926e-04   2.4747197e-03   7.9708531e-04
  -9.1095597e-02   1.5399757e-02  -1.2573208e-01   7.7553277e-04   2.1339668e-03   7.8020357e-04
  -9.7333427e-02   4.0897974e-02  -1.5332431e-01   6.9164941e-04   2.3374796e-03   8.4305634e-04
  -1.1396113e-01   6.3338564e-02  -1.7871461e-01   6.1771386e-04   2.5804444e-03   8.1559340e-04
  -1.0141218e-01   7.2926251e-02  -1.6906035e-01   7.8309184e-04   2.4634945e-03   8.0473745e-04
  -1.0529676e-01   2.5610943e-02  -1.6452868e-01   9.5248652e-04   2.4748879e-03   8.4787583e-04
  -1.0457066e-01   1.9648146e-02  -1.4730619e-01   1.0941035e-03   2.4297330e-03   7.9578114e-04
  -1.1932199e-01   9.3305949e-03  -1.7031067e-01   5.5004314e-04   2.5510880e-03   6.8557385e-04
  -1.1907604e-01   1.8436836e-02  -1.6355801e-01   6.5135360e-04   2.5827559e-03   8.1628117e-04
  -1.1813825e-01  -5.0684533e-02  -1.5684454e-01   8.4757241e-04   2.5039644e-03   6.4414567e-04
  -1.3218068e-01  -3.5111990e-02  -1.6092377e-01   5.4092456e-04   2.6383261e-03   6.3984582e-04
  -1.2972132e-01  -3.9732863e-03  -1.8403805e-01   8.0128710e-04   2.6453166e-03   5.7826674e-04
  -1.5718345e-01  -2.3514225e-02  -1.6003062e-01   8.7459998e-04   3.0424420e-03   6.2296114e-04
  -1.5612357e-01   1.1567173e-02  -1.7309791e-01   6.4422739e-04   3.0561449e-03   5.8877613e-04
  -1.3252052e-01   3.6038932e-02  -1.8294859e-01   1.0145338e-03   2.8149933e-03   4.6801279e-04
  -1.5323790e-01  -1.2703403e-02  -1.8868709e-01   1.2301745e-03   3.1098284e-03   6.0477788e-04
  -1.3991528e-01  -1.2089528e-01  -4.4749615e-02   1.8721284e-03   2.8155288e-03   3.6626621e-04
  -1.9258381e-01   3.1700895e-02  -2.1096883e-01   1.9685736e-03   3.0892812e-03   5.2281502e-05
  -1.9766592e-01  -1.4736798e-01  -2.0300462e-01   3.0770892e-03   3.1889613e-03   1.8132718e-04
  -1.9803174e-01   5.6415721e-02  -1.9606435e-01   2.6647062e-03   3.4286575e-03   2.7498408e-04
  -2.0869542e-01  -8.1089187e-03  -2.1993331e-01   2.5886832e-03   3.6215106e-03   2.3074081e-04
  -2.1596768e-01  -2.9276903e-02  -1.9284932e-01   2.4026181e-03   3.8279327e-03   3.3910688e-04
  -2.2915088e-01   1.3324739e-02  -1.8789382e-01   1.7303574e-03   3.9966960e-03   5.9416465e-04
  -1.7426522e-01  -6.7069661e-02  -1.7369587e-01   2.3059018e-03   3.3252427e-03   3.5491474e-04
  -2.1030769e-01  -6.1287392e-02  -2.1841399e-01   2.2504380e-03   3.6637706e-03   4.0901407e-04
  -2.1860800e-01  -4.4337079e-02  -2.2823226e-01   2.1582611e-03   3.6854062e-03   3.3917888e-04
  -2.0621572e-01  -4.6325795e-02  -2.1594121e-01   2.3722627e-03   3.6788052e-03   4.2756347e-04
  -2.3678177e-01  -3.4355613e-02  -2.2459591e-01   1.9073547e-03   4.1092751e-03   5.9249147e-04
  -2.3466848e-01  -5.6425934e-02  -2.0666591e-01   2.5176535e-03   4.1451070e-03   4.9313155e-04
  -2.3572103e-01   2.4849652e-02  -2.1693707e-01   1.9535261e-03   4.2012548e-03   4.8872599e-04
  -2.1783117e-01  -2.8513735e-02  -2.1020324e-01   2.7004565e-03   4.1103323e-03   6.0288024e-04
  -2.1998927e-01  -9.6781974e-02  -2.1204340e-01   2.6127703e-03   3.9875386e-03   6.7120020e-04
  -2.3670508e-01   4.8141730e-02  -1.9371118e-01   1.8940683e-03   4.1120273e-03   8.2847717e-04
  -2.2452755e-01  -1.2180596e-01  -1.8434236e-01   1.9317548e-03   3.9468815e-03   8.3914794e-04
  -1.2742224e-01  -1.4584494e-01   6.5190274e-02   2.7962073e-04   3.6741911e-03   2.1535061e-03
  -1.2385093e-01  -1.1872533e-01  -3.2224011e-02   2.4507318e-03   3.4229301e-03   1.6190744e-03
  -1.2428741e-01   2.3280970e-02   4.5496827e-03   2.2843563e-03   3.3141122e-03   1.5696025e-03
  -1.6985224e-01  -4.5363693e-03  -1.0173202e-02   1.8481362e-03   3.7778655e-03   1.6565208e-03
  -1.6341589e-01  -1.8969584e-02  -3.1036020e-02   1.2729524e-03   3.7595810e-03   1.8856204e-03
  -1.7303098e-01   2.2101618e-02  -5.0402657e-02   1.5271222e-03   3.9271477e-03   1.8932742e-03
  -1.8415175e-01   1.3664292e-01  -1.0025481e-01   8.5748751e-04   4.1031848e-03   1.8726661e-03
  -1.9093872e-01  -4.2989298e-02  -1.6944475e-02   2.0317560e-03   4.2671155e-03   1.8646492e-03
  -2.0387416e-01   1.9270213e-02  -1.9184559e-02   9.3620018e-04   4.4670309e-03   2.1252661e-03
  -2.4018128e-01  -4.5978213e-02  -2.9202861e-02   1.2294350e-03   4.7224706e-03   2.1606543e-03
  -2.2589766e-01  -1.8038895e-01  -4.2576219e-02   2.0367926e-03   4.6270494e-03   2.0346783e-03
  -2.2570740e-01   4.9364165e-02  -7.4635426e-02   1.7395295e-03   4.8226586e-03   2.0468832e-03
  -2.3400428e-01  -1.0996575e-02  -7.0279685e-02   1.7731947e-03   4.9284747e-03   2.0313672e-03
  -2.4769117e-01   6.6615044e-02  -5.2543450e-02   1.4872792e-03   5.1633938e-03   2.2100570e-03
  -2.5073156e-01   2.4814297e-02  -7.3987672e-02   1.2594066e-03   5.1523248e-03   2.0913660e-03
  -2.2859753e-01  -8.8811375e-02  -4.7683359e-02   2.0355463e-03   4.8739893e-03   2.0750234e-03
  -2.5050966e-01  -2.6703057e-03  -7.0693051e-02   1.2603468e-03   5.1578650e-03   2.0947719e-03
  -2.3740016e-01  -2.0566282e-02  -7.5228379e-02   1.6076520e-03   5.0839700e-03   2.0829271e-03
  -2.5646528e-01   1.9450723e-02  -1.0169762e-01   1.4872307e-03   5.4096167e-03   2.0746913e-03
  -2.5656541e-01   2.8076242e-02  -1.1954658e-01   2.2067059e-03   5.3925238e-03   1.9149628e-03
  -2.6065251e-01   1.4737856e-02  -8.5580797e-02   1.9924494e-03   5.4224606e-03   2.1463749e-03
  -2.4121135e-01  -1.2285347e-02  -4.5333674e-02   1.4750742e-03   5.2684247e-03   2.2045934e-03
  -2.5237939e-01  -6.6449724e-02  -8.0940334e-02   1.5434338e-03   5.3985631e-03   2.3418484e-03
  -2.5512281e-01   4.5186308e-03  -1.3347451e-01   1.4202205e-03   5.3888285e-03   2.1546984e-03
  -2.4251749e-01   3.4753466e-02  -1.3384197e-01   2.4077770e-03   5.3244677e-03   2.0709326e-03
  -2.3602414e-01   4.8077179e-02  -1.0484397e-01   2.1154613e-03   5.3606053e-03   2.0507944e-03
  -2.3970876e-01  -3.4535249e-02  -9.3478923e-02   1.8155079e-03   5.3621477e-03   2.0712177e-03
  -2.4828446e-01  -8.2152437e-03  -1.1499784e-01   1.5238933e-03   5.3712647e-03   2.0666434e-03
  -2.2844621e-01  -2.7652261e-02  -1.0522461e-01   1.5128087e-03   5.1838412e-03   2.1480271e-03
  -2.4991799e-01   1.8823420e-02  -1.0493701e-01   1.6169614e-03   5.5343733e-03   2.2510903e-03
  -2.5953103e-01   2.2637910e-02  -1.3490855e-01   1.6656044e-03   5.5149670e-03   2.1187074e-03
  -2.2585173e-01  -1.2850990e-02  -1.5605666e-01   1.5859690e-03   4.9620678e-03   1.9751364e-03
  -2.3434782e-01  -4.0624961e-02  -1.8116859e-01   2.1540312e-03   4.8081269e-03   1.7312711e-03
  -2.6082051e-01   2.3651818e-02  -1.5187073e-01   1.7868703e-03   5.2755897e-03   1.9782865e-03
  -2.4679259e-01  -1.7745893e-02  -1.1770609e-01   1.5546903e-03   5.1964215e-03   2.0043240e-03
  -2.2342566e-01  -2.4296900e-02  -1.1630399e-01   1.5284456e-03   4.8990229e-03   2.0740681e-03
  -2.2483328e-01  -7.5316224e-02  -1.0970689e-01   1.1462200e-03   4.9201738e-03   2.1282735e-03
  -2.2398358e-01   4.4431363e-03  -1.5518448e-01   1.0364359e-03   4.8666288e-03   2.0126482e-03
  -2.3013906e-01  -2.3106484e-02  -1.4567747e-01   1.7280795e-03   5.0051788e-03   1.9701722e-03
  -2.6221982e-01  -1.6026120e-02  -1.8421713e-01   1.3495335e-03   5.3767513e-03   1.8361713e-03
  -2.3671872e-01   2.8365014e-02  -1.7725153e-01   2.0852866e-03   4.9979229e-03   1.7142061e-03
  -2.4714131e-01  -7.8849209e-03  -1.8273417e-01   2.1589687e-03   5.0043179e-03   1.7133132e-03
  -2.5062513e-01   1.1500461e-02  -1.6980578e-01   1.5996652e-03   5.0159566e-03   1.7738769e-03
  -2.2658020e-01  -2.4777083e-02  -1.5029452e-01   1.6069136e-03   4.7713097e-03   1.8815813e-03
  -2.5818876e-01  -6.4379369e-02  -1.7194179e-01   1.3029152e-03   4.9965898e-03   1.8019273e-03
  -2.4058444e-01  -6.1981355e-02  -1.7675681e-01   1.2661682e-03   4.7972905e-03   1.7545030e-03
  -2.2734427e-01  -8.8029825e-02  -1.4772899e-01   1.7511812e-03   4.6812422e-03   1.7142788e-03
  -2.3360628e-01   1.3196141e-02  -1.3750699e-01   1.1320490e-03   4.7097280e-03   1.8274908e-03
  -2.6273690e-01   6.1666633e-03  -1.6546819e-01   1.7042180e-03   5.0822766e-03   1.8627273e-03
  -2.7428279e-01   1.2144036e-01  -1.9038081e-01   6.0199714e-04   5.3340764e-03   2.0206198e-03
  -2.3653501e-01   1.5944273e-02  -1.8149200e-01   1.9919495e-03   4.9672569e-03   1.8354946e-03
  -2.5881501e-01   8.8339199e-02  -1.9050791e-01   1.3025714e-03   5.2471244e-03   1.8717586e-03
  -2.3824713e-01   7.5253739e-02  -1.6693011e-01   1.9753586e-03   5.0319548e-03   1.9708357e-03
  -2.4189677e-01   2.5749096e-02  -1.2626976e-01   1.3194862e-03   4.8868719e-03   1.9159865e-03
  -2.4475311e-01   6.1700848e-02  -1.4621570e-01   1.0430378e-03   4.8889512e-03   1.6102312e-03
  -2.6728119e-01   4.8011317e-02  -1.0733776e-01   6.7221035e-04   4.8614815e-03   1.9063327e-03
  -2.5942077e-01   1.4977509e-02  -1.1394583e-01   6.6379123e-04   4.5056800e-03   1.8867957e-03
  -2.5881105e-01  -4.9673776e-02  -1.2192974e-01   1.3629038e-03   4.6040775e-03   1.9758812e-03
  -2.4881081e-01   2.9021474e-02  -1.3230502e-01   1.7435822e-03   4.5568945e-03   1.8442227e-03
  -2.7767794e-01   5.3911919e-02  -1.2582709e-01   1.4805985e-03   4.7616296e-03   2.0173122e-03
  -2.3425556e-01   9.5897388e-03  -4.6659356e-02   1.3559482e-03   4.2395540e-03   2.1077084e-03
  -2.6553396e-01  -5.2293770e-02  -1.0977208e-01   1.0825400e-03   4.6211767e-03   2.2895555e-03
  -2.7947451e-01   4.5375559e-02  -1.4781926e-01   9.0563038e-04   5.0102150e-03   2.3329065e-03
  -2.6861059e-01   3.8777784e-02  -1.2448087e-01   1.8427091e-03   5.0113039e-03   2.3212964e-03
  -2.8140820e-01   1.0115204e-01  -8.2557893e-02   9.8752515e-04   5.4811620e-03   2.6668948e-03
  -2.8290982e-01   4.1137656e-02  -1.3154193e-01   5.0618065e-04   5.4752854e-03   2.6020175e-03
  -2.8098712e-01   1.0729501e-01  -1.5929385e-01   1.2317576e-03   5.4797612e-03   2.5741254e-03
  -3.0333552e-01   6.4280538e-02  -1.6258035e-01   1.3183832e-03   5.8167982e-03   2.5817947e-03
  -2.6781516e-01   1.4999709e-01  -1.5311526e-01   1.6329296e-03   5.4006199e-03   2.4364940e-03
  -2.7054576e-01   6.2722521e-02  -1.3959157e-01   1.2788248e-03   5.1101875e-03   2.3546632e-03
  -3.0027208e-01   5.1026208e-02  -1.3717774e-01   1.2039850e-03   5.3335686e-03   2.1556433e-03
  -2.8583554e-01   6.1465939e-02  -1.4022185e-01   8.0659102e-04   5.0633736e-03   2.0938376e-03
  -2.9251641e-01  -3.0570330e-02  -1.5388395e-01   1.2594934e-03   5.2518811e-03   2.0826573e-03
  -2.8485629e-01   4.5211717e-02  -1.3275476e-01   1.1256338e-03   5.2830352e-03   2.3349605e-03
  -3.0026209e-01   4.9849799e-03  -1.4567108e-01   9.5676181e-04   5.4572712e-03   2.2524151e-03
  -3.0355383e-01   3.2441896e-02  -1.6664511e-01   1.0930693e-03   5.5671085e-03   2.2479229e-03
  -2.9352297e-01   6.0421078e-02  -1.6533850e-01   1.5455161e-03   5.4853225e-03   2.2596415e-03
  -2.9673973e-01   1.1270876e-01  -1.5235023e-01   9.1661687e-04   5.4686648e-03   2.2833358e-03
  -2.9366657e-01  -1.2389642e-03  -1.4307417e-01   1.2343324e-03   5.4666272e-03   2.2773807e-03
  -2.9759118e-01  -2.7128084e-02  -1.3556667e-01   1.1883621e-03   5.5692297e-03   2.3025850e-03
  -2.8790389e-01  -1.4334939e-02  -1.8513151e-01   9.2816848e-04   5.5695318e-03   2.1180693e-03
  -2.7046197e-01  -3.9927595e-02  -2.2097028e-01   1.2919185e-03   5.1075410e-03   1.9011592e-03
  -2.8335933e-01   1.0435163e-01  -2.3402840e-01   1.1815530e-03   5.0969138e-03   1.8471917e-03
  -2.8411048e-01   1.5889709e-01  -2.5203119e-01   1.3557229e-03   5.0562768e-03   1.6927085e-03
  -3.0122818e-01   1.1824261e-01  -2.2160618e-01   1.4753792e-03   5.1886238e-03   1.7345620e-03
  -2.9729786e-01   9.8581373e-02  -1.7751750e-01   1.3332731e-03   5.2646330e-03   1.8721055e-03
  -2.8753583e-01   2.7846448e-02  -1.9167617e-01   5.4063824e-04   5.0574386e-03   1.9521854e-03
  -2.8895619e-01  -7.7888135e-02  -1.8719135e-01   1.4522492e-03   4.9472794e-03   1.8460204e-03
  -3.0269226e-01   1.2868050e-01  -2.2235906e-01   6.3864585e-04   5.0805327e-03   1.8030654e-03
  -2.6947307e-01  -8.9504285e-03  -2.4134059e-01   1.5754955e-03   4.6157495e-03   1.6181015e-03
  -2.8241619e-01   1.0314993e-01  -2.3652728e-01   1.4869320e-03   4.8663904e-03   1.6176501e-03
  -3.0368064e-01   8.6278262e-02  -2.3850647e-01   1.3945681e-03   5.0131262e-03   1.7006425e-03
  -2.9609290e-01   3.9419360e-02  -2.4172932e-01   1.7482219e-03   4.9215636e-03   1.6509609e-03
  -3.1052634e-01   3.5305420e-02  -2.3868975e-01   1.5197942e-03   5.1953283e-03   1.8389950e-03
  -3.0386803e-01   2.6417259e-03  -1.8550328e-01   1.2737472e-03   5.2126304e-03   1.8693468e-03
  -2.8963946e-01  -6.4188743e-02  -1.5903393e-01   1.7567992e-03   5.1373200e-03   1.9178154e-03
  -3.1321941e-01   4.9255816e-02  -1.7875697e-01   5.9594579e-04   5.3410489e-03   2.1483764e-03
  -2.8993855e-01  -1.8317349e-02  -1.9318436e-01   1.0587605e-03   4.8739259e-03   2.0519280e-03
  -2.8002518e-01   1.2498464e-01  -2.0831657e-01   1.2725889e-03   4.7686031e-03   1.9829398e-03
  -3.0717983e-01   1.5190408e-01  -2.2121969e-01   7.7755504e-04   5.0707103e-03   2.1854433e-03
  -2.9195715e-01   1.5343939e-01  -1.9850607e-01   6.9877961e-04   4.8674695e-03   2.1437664e-03
  -3.0228663e-01   5.9318949e-02  -1.9003633e-01   7.5808528e-04   5.0507951e-03   2.1499804e-03
  -3.2793502e-01   7.8360054e-02  -2.0675423e-01   1.6537617e-04   5.4389212e-03   2.4358149e-03
  -3.0358591e-01   3.6726921e-03  -2.1704895e-01   6.9900263e-04   5.0883418e-03   2.4028160e-03
  -3.1342402e-01   1.2113210e-01  -2.5377904e-01   1.1598414e-03   5.2684986e-03   2.3099960e-03
  -3.1537442e-01   2.0178125e-01  -2.6286861e-01   4.0857516e-04   5.3296967e-03   2.5878002e-03
  -3.2377920e-01   1.1961659e-01  -2.2734319e-01   6.5646720e-04   5.3772852e-03   2.4178405e-03
  -3.1369075e-01   4.5410215e-02  -1.9899548e-01   8.0997956e-04   5.3940576e-03   2.5243607e-03
  -3.1074858e-01   3.1659801e-02  -2.0717701e-01   5.4777379e-04   5.3082108e-03   2.5470419e-03
  -3.0322585e-01   7.5971839e-02  -2.2343182e-01   5.8125423e-04   5.2857914e-03   2.3807060e-03
  -2.8863748e-01  -3.0515939e-02  -2.1775743e-01   1.9157391e-03   4.8154074e-03   2.1507743e-03
  -2.8981390e-01   1.3215369e-01  -2.0102895e-01   1.1059066e-03   4.6289983e-03   2.3020686e-03
  -2.9443704e-01   1.3122874e-01  -2.1003047e-01   5.8271071e-04   4.7946741e-03   2.2668743e-03
  -2.7303726e-01   9.7978082e-02  -2.4988579e-01   1.0968283e-03   4.5894818e-03   2.1908473e-03
  -2.9716993e-01   6.7780767e-02  -2.4962051e-01   1.5052541e-03   4.5475846e-03   2.0928624e-03
  -2.6929134e-01   1.0563977e-01  -2.0609717e-01   7.8772748e-04   4.1474683e-03   2.2786258e-03
  -2.7348681e-01   8.1441719e-02  -2.1250195e-01   8.1177787e-04   4.2465792e-03   2.3976118e-03
  -2.7039508e-01   8.8576835e-02  -1.9597050e-01   3.4349114e-04   4.1225316e-03   2.4719746e-03
  -2.7589842e-01   1.4815383e-01  -2.5803665e-01   3.3760411e-04   4.4086480e-03   2.3521262e-03
  -2.5479709e-01   4.9549335e-02  -2.2774620e-01   1.6800624e-03   4.0167093e-03   2.2434484e-03
  -2.6463511e-01   1.4867759e-01  -2.2279003e-01   2.7700316e-04   4.2235664e-03   2.4774915e-03
  -2.4233259e-01   9.6054378e-02  -2.2492363e-01   8.4200765e-04   3.8044477e-03   2.2471476e-03
  -2.5397370e-01   8.7893968e-02  -2.3536947e-01   3.9703644e-04   4.0167614e-03   2.3558697e-03
  -2.5974003e-01   1.2410583e-01  -2.4125918e-01   4.4431172e-04   4.0666675e-03   2.3553566e-03
  -2.5679867e-01   1.0545870e-01  -2.4561032e-01   5.2246439e-04   4.0455556e-03   2.2445875e-03
  -2.7825487e-01   1.0826287e-01  -2.5521120e-01   9.8346961e-04   4.2435859e-03   2.2101305e-03
  -2.9577808e-01   1.1652744e-01  -2.7854071e-01   6.9790545e-04   4.4405622e-03   2.1524494e-03
  -2.7973464e-01   1.4279197e-01  -2.6476158e-01   7.9140086e-04   4.2712063e-03   2.1191543e-03
  -2.7687498e-01   1.3647553e-01  -2.8531149e-01   1.2035513e-03   4.2227421e-03   2.1057028e-03
  -2.8696163e-01   1.2613907e-01  -2.5822705e-01   7.9440710e-04   4.3043666e-03   2.2209836e-03
  -2.4990547e-01   9.3500151e-02  -2.8365961e-01   3.8728292e-04   3.8648083e-03   2.1811585e-03
  -2.7612162e-01   2.9180467e-02  -2.8651854e-01   7.5397140e-04   4.1653807e-03   2.1640564e-03
  -2.8726755e-01   7.0532556e-02  -2.8867261e-01   5.9306978e-04   4.1673918e-03   2.0676883e-03
  -2.6848963e-01   1.1156521e-01  -2.9205480e-01   7.4433431e-04   3.9591977e-03   2.1629195e-03
  -2.9590294e-01   1.3882379e-01  -3.1506853e-01   3.4721436e-04   4.1865433e-03   2.1837263e-03
  -2.8301310e-01   1.3859595e-01  -3.1535104e-01   8.3361238e-04   4.0672353e-03   2.0474964e-03
  -2.7411428e-01   4.6606749e-02  -3.2969335e-01   1.1798245e-03   3.9707331e-03   2.0849945e-03
  -2.7720052e-01   1.0312594e-01  -3.3045076e-01   3.2121165e-04   4.0934701e-03   2.2989625e-03
  -2.4452852e-01   1.1863891e-01  -3.2303611e-01   4.1704731e-04   3.7052646e-03   2.1973066e-03
  -2.4347510e-01   5.3021253e-02  -3.2479537e-01   7.9186863e-04   3.5523874e-03   1.9350275e-03
  -1.7156797e-01   7.1515755e-02  -2.4760713e-01  -3.9173326e-05   2.4201154e-03   1.7663681e-03
  -2.4750552e-01   1.9209254e-01  -3.1038660e-01  -4.3996944e-04   3.4409257e-03   2.1084377e-03
  -1.9361885e-01   1.1283998e-01  -2.9011291e-01   6.2997038e-04   2.6515385e-03   1.8463992e-03
  -1.8402293e-01   1.7674722e-01  -3.1767631e-01   1.5501986e-04   2.5976513e-03   1.9483627e-03
  -2.0403719e-01   2.0159295e-02  -2.7740431e-01   1.2834641e-03   2.7676114e-03   1.7900230e-03
  -1.9811738e-01   9.7035803e-02  -2.9077641e-01   8.7914025e-04   2.6104383e-03   1.7171524e-03
  -2.0250566e-01   1.4053166e-01  -2.9661654e-01   4.4790596e-04   2.5021391e-03   1.7382404e-03
  -2.1896631e-01   1.9614182e-01  -3.1585439e-01   2.8639563e-04   2.6044701e-03   1.7274859e-03
  -1.7445095e-01   1.8581291e-01  -3.1876895e-01   6.3278775e-04   2.0808210e-03   1.6453039e-03
  -2.2850378e-01   1.1898450e-01  -3.1544805e-01   5.5140333e-04   2.8702124e-03   1.7025950e-03
  -2.2882810e-01   1.3003725e-01  -3.2556702e-01   3.3665515e-04   2.9326924e-03   1.6007686e-03
  -1.9418600e-01   9.6080795e-02  -3.5021041e-01   1.2381714e-03   2.6845577e-03   1.4279716e-03
  -2.1769692e-01   1.4561391e-01  -3.5803112e-01   9.6567299e-04   2.9114671e-03   1.5755075e-03
  -2.2832506e-01   1.7852020e-01  -3.5885795e-01   6.5109897e-04   3.0704755e-03   1.6893494e-03
  -2.2086431e-01   1.3978724e-01  -3.4789186e-01   7.3757349e-04   2.9916406e-03   1.6670518e-03
  -2.1132086e-01   7.3887680e-02  -3.3001403e-01   1.0843789e-03   2.8624795e-03   1.5422655e-03
  -2.3348451e-01   1.1229229e-01  -3.2863798e-01   6.6065985e-04   3.1144294e-03   1.6801969e-03
  -2.2893624e-01   1.3158815e-01  -3.5206504e-01   4.7827308e-04   3.1395593e-03   1.6084712e-03
  -2.6424164e-01   1.4038322e-01  -3.6607868e-01   6.1815181e-04   3.6480219e-03   1.6988617e-03
  -2.5227364e-01   1.6137528e-01  -3.8285822e-01   7.8498962e-04   3.5280996e-03   1.6568242e-03
  -2.6742985e-01   1.1708403e-01  -3.6201628e-01   1.2225446e-03   3.7355449e-03   1.6816437e-03
  -2.6251604e-01   8.7802622e-02  -3.4707998e-01   1.5090413e-03   3.7059632e-03   1.4931593e-03
  -2.7415762e-01   5.1483349e-02  -3.5736422e-01   1.1876325e-03   3.7751904e-03   1.5391243e-03
  -2.7039189e-01   4.0246272e-02  -3.5108647e-01   1.1980093e-03   3.8135005e-03   1.6628393e-03
  -2.8751804e-01   1.4414767e-01  -3.7556007e-01   8.1265611e-04   4.0462211e-03   1.6451801e-03
  -2.7594026e-01   1.0311828e-01  -3.7609781e-01   1.3998699e-03   3.9397004e-03   1.5358732e-03
  -2.7962130e-01   8.3018930e-02  -3.8048012e-01   1.6749626e-03   3.8677136e-03   1.4137073e-03
  -2.8278058e-01   1.6182595e-01  -3.7541034e-01   8.7887905e-04   3.6862963e-03   1.6623632e-03
  -2.9086458e-01   1.3085540e-01  -3.6994605e-01   1.0595552e-03   3.8956395e-03   1.7575603e-03
  -2.8624702e-01   7.3048445e-02  -3.5634293e-01   1.3703597e-03   3.8923791e-03   1.7256033e-03
  -3.0796705e-01   1.2395083e-01  -3.6897180e-01   7.4180202e-04   4.2305777e-03   1.9395389e-03
  -3.0039878e-01   6.2727296e-02  -3.7625437e-01   1.0816420e-03   4.1460132e-03   1.9405365e-03
  -3.1654310e-01   1.2026814e-01  -3.6888127e-01   1.0158234e-03   4.4057861e-03   1.8136656e-03
  -3.0851439e-01   1.8245352e-01  -3.9842899e-01   9.3295039e-04   4.3748626e-03   1.6785710e-03
  -2.7370327e-01   7.1419575e-02  -2.9676290e-01   1.3884979e-03   3.9739035e-03   1.5305364e-03
  -3.0300083e-01   9.0916067e-02  -3.2302737e-01   6.6106960e-04   4.3994933e-03   1.7844941e-03
  -2.8777409e-01   8.1943040e-02  -3.4945543e-01   9.9585416e-04   4.2028414e-03   1.6906562e-03
  -2.8725583e-01   9.2295105e-02  -3.6256871e-01   8.7367245e-04   4.1714230e-03   1.5215939e-03
  -2.8873473e-01   1.1342071e-01  -3.4296561e-01   8.7887564e-04   4.2180958e-03   1.5129531e-03
  -3.1341606e-01   8.6449666e-02  -3.0486200e-01   1.5600688e-03   3.8353313e-03   1.3039763e-03
  -3.2688041e-01   1.9461462e-01  -3.1857244e-01   4.9948264e-04   4.1749699e-03   1.4723201e-03
  -3.0108654e-01   6.3098376e-02  -3.2891903e-01   1.7742965e-03   4.0250327e-03   1.2742897e-03
  -2.9532705e-01   1.0727304e-01  -3.5500981e-01   1.6100583e-03   3.6599695e-03   1.0944667e-03
  -2.9080797e-01   7.6170083e-02  -3.7095189e-01   1.9296749e-03   3.4052052e-03   8.9688705e-04
  -2.7533428e-01   1.2893168e-01  -2.6027987e-01   1.1549079e-03   3.2710092e-03   1.1843381e-03
  -2.6795073e-01   1.0673152e-02  -1.0286240e-01   2.1362177e-03   3.4165623e-03   7.8853699e-04
  -2.1049323e-01   1.3297069e-01  -1.1594482e-01   4.6373877e-04   2.6112027e-03   9.5324487e-04
  -2.1863480e-01  -7.6208466e-02  -2.2530088e-01   1.1645637e-03   2.2894887e-03   7.6518603e-04
  -2.7508026e-01   6.5845476e-02  -2.5393326e-01   1.0159379e-03   2.8683143e-03   7.3025198e-04
  -2.7089319e-01   4.4636840e-02  -2.7247012e-01   1.0213571e-03   2.8008182e-03   5.3261144e-04
  -2.6759951e-01   5.0070432e-02  -2.5564406e-01   1.1655845e-03   2.9302404e-03   6.0849665e-04
  -3.1810435e-01   6.9532778e-02  -2.7678656e-01   1.3634901e-03   3.4921097e-03   4.9262612e-04
  -2.6015147e-01   5.9170590e-02  -2.7212698e-01   1.5796158e-03   2.8345880e-03   5.7169896e-04
  -2.9541823e-01   8.6909591e-03  -2.7510393e-01   1.5959605e-03   3.3084576e-03   6.5407105e-04
  -3.0306701e-01   2.3210908e-04  -2.6960651e-01   1.4108292e-03   3.4737706e-03   7.8247480e-04
  -3.1031846e-01  -3.6791776e-02  -2.6739239e-01   1.9405539e-03   3.5827077e-03   6.6714130e-04
  -2.9597263e-01   3.0590257e-02  -3.0138820e-01   1.5870942e-03   3.3353257e-03   5.4050535e-04
  -2.6329801e-01   5.8648538e-02  -2.4519319e-01   2.0496652e-03   2.8378687e-03   5.7529524e-04
  -2.7697045e-01   9.3035191e-02  -2.3006837e-01   1.2797554e-03   3.0651912e-03   7.1033837e-04
  -3.0602545e-01   9.8216396e-02  -2.9721506e-01   1.2320983e-03   3.5118871e-03   6.3707149e-04
  -2.9489170e-01   4.5628539e-02  -3.1308426e-01   2.6700479e-03   3.3284256e-03   5.4938177e-04
  -3.0626686e-01   7.9789307e-02  -3.0896650e-01   1.8778014e-03   3.4124132e-03   6.0842884e-04
  -3.0470563e-01   1.6500375e-02  -2.9240348e-01   1.4357886e-03   3.4117470e-03   5.2354447e-04
  -3.3727259e-01   9.6665744e-03  -2.9907630e-01   1.5583828e-03   3.7779643e-03   4.9944802e-04
  -3.4189730e-01   1.6039212e-01  -3.4574339e-01   1.0674762e-03   3.6944518e-03   3.6664866e-04
  -3.3196867e-01  -2.4910876e-03  -3.4461447e-01   2.4568582e-03   3.6776613e-03   2.7452309e-04
  -3.1700511e-01   1.0929082e-01  -2.6819543e-01   2.1787687e-03   3.5467512e-03   5.2069110e-04
  -3.2083812e-01   1.0496291e-02  -3.0310490e-01   1.5382578e-03   3.5391377e-03   4.1544544e-04
  -3.4045502e-01  -1.4814846e-02  -3.3294634e-01   1.9343376e-03   3.7796409e-03   3.4952871e-04
  -3.2179557e-01   4.8239805e-02  -3.2177108e-01   1.6803188e-03   3.5851020e-03   3.9741883e-04
  -3.3790461e-01   1.7336364e-02  -3.3760175e-01   2.3693977e-03   3.7786046e-03   2.8685006e-04
  -3.2951784e-01   8.0137428e-02  -3.2970882e-01   2.2313200e-03   3.6957718e-03   4.3848129e-04
  -3.5546872e-01   1.0393486e-01  -3.3523064e-01   1.5381071e-03   4.0547818e-03   5.8690450e-04
  -3.2363962e-01   6.9289693e-02  -3.2576427e-01   1.5071644e-03   3.6733592e-03   5.2015931e-04
  -3.4945788e-01  -2.8886068e-02  -3.3889077e-01   1.8918886e-03   3.8818171e-03   4.6794535e-04
  -3.6578935e-01   8.1436533e-02  -3.8873314e-01   1.3753445e-03   4.0853871e-03   4.4406383e-04
  -3.4308330e-01  -4.9413422e-02  -2.8762819e-01   3.5190304e-03   3.8002975e-03   1.6939529e-04
  -3.4102786e-01   1.3800536e-01  -3.4339383e-01   1.4474612e-03   3.8249732e-03   3.2956655e-04
  -3.4264470e-01  -1.5951195e-01  -3.5497146e-01   3.2295950e-03   3.7793699e-03   2.9062554e-04
  -3.4269544e-01   9.8644865e-02  -3.0085680e-01   2.8759524e-03   3.6762114e-03   2.8819950e-04
  -3.4360802e-01  -9.1841882e-03  -2.9620995e-01   2.8838510e-03   3.7262476e-03   4.1602881e-04
  -3.5544207e-01  -4.9612440e-02  -3.0885513e-01   2.5832226e-03   3.8815378e-03   3.8893387e-04
  -3.8607299e-01   6.2863875e-02  -3.3773774e-01   1.7228585e-03   4.2456730e-03   4.7665105e-04
  -3.2663756e-01   1.1787443e-02  -3.4382067e-01   3.1558153e-03   3.4937040e-03   2.9787469e-04
  -3.2933453e-01   1.1610795e-02  -3.1221257e-01   2.8266703e-03   3.5327054e-03   4.7359135e-04
  -3.4442885e-01  -1.1192940e-02  -2.9553117e-01   2.4950447e-03   3.7230056e-03   4.1382283e-04
  -3.3438645e-01  -3.4889481e-02  -3.2316039e-01   2.6977594e-03   3.6127565e-03   3.9632296e-04
  -3.4230619e-01   1.0705111e-01  -3.6533239e-01   1.9362056e-03   3.7679421e-03   5.2822982e-04
  -3.3682821e-01   5.5743382e-02  -3.5328449e-01   2.4211157e-03   3.8896678e-03   4.6173744e-04
  -3.0241933e-01  -1.1251661e-01  -2.2115416e-01   3.5753225e-03   3.3769805e-03   7.2960471e-04
  -3.1867268e-01   3.7752529e-02  -2.6934681e-01   1.9796590e-03   3.7927837e-03   9.1532842e-04
  -3.1445411e-01  -3.9628243e-02  -3.0082811e-01   2.4548743e-03   3.6444592e-03   8.2370240e-04
  -3.2719930e-01   1.2963693e-01  -3.3380934e-01   2.1134080e-03   3.7559475e-03   7.3114509e-04
  -3.0850987e-01  -1.4130028e-02  -3.2410672e-01   3.3636506e-03   3.5220864e-03   6.2110245e-04
  -3.1834389e-01  -1.8533963e-03  -3.2652436e-01   2.7461073e-03   3.4909056e-03   7.5471709e-04
  -3.0590849e-01   2.1165713e-02  -3.1964440e-01   2.2735953e-03   3.3675400e-03   6.4572626e-04
  -3.4362309e-01  -3.6226189e-02  -3.4309298e-01   2.0567343e-03   3.8611299e-03   4.4587792e-04
  -3.4231813e-01  -6.4549555e-02  -3.4648489e-01   2.5927102e-03   3.9055494e-03   3.4428703e-04
  -3.3856585e-01   1.4208538e-02  -3.5811795e-01   2.8686155e-03   3.8932053e-03   3.1491939e-04
  -3.2462348e-01   1.1236088e-01  -3.7382593e-01   2.3206355e-03   3.8551260e-03   3.9066266e-04
  -3.2472114e-01   1.3801906e-02  -3.7565490e-01   2.6482031e-03   3.8018645e-03   3.5491405e-04
  -3.1714727e-01   2.0406771e-02  -3.6220256e-01   2.7735262e-03   3.5973532e-03   1.8075903e-04
  -3.2434485e-01  -2.3659933e-04  -3.6979991e-01   2.5220158e-03   3.6958006e-03   1.3082330e-04
  -3.2617289e-01   1.6471897e-02  -3.8539628e-01   2.4638182e-03   3.8993799e-03   1.6032426e-04
  -3.1575872e-01   3.2039998e-02  -3.5463111e-01   2.3591381e-03   3.7889759e-03   2.9512125e-04
  -3.2883336e-01   4.2802391e-02  -3.1586830e-01   2.1114574e-03   3.3987231e-03   1.4075712e-04
  -3.0680009e-01   1.2365336e-01  -3.2224307e-01   1.2139773e-03   3.4094310e-03   4.0387882e-04
  -3.1601731e-01   8.3059468e-02  -3.8176928e-01   2.0259715e-03   3.4359868e-03   1.8986124e-04
  -2.9089730e-01   1.0851465e-01  -4.0788893e-01   2.3736843e-03   3.0887152e-03   1.2729219e-04
  -3.1930713e-01   1.1219362e-01  -4.0344860e-01   2.6450733e-03   3.5861310e-03   1.0826840e-04
  -3.2158089e-01   2.7830816e-02  -4.1154114e-01   2.3981287e-03   3.5761779e-03   1.6518305e-04
  -3.2647341e-01   2.0489787e-02  -4.0360983e-01   2.2469164e-03   3.5767716e-03   2.3363036e-04
  -3.0204052e-01  -3.8109748e-02  -2.9075115e-01   2.1933526e-03   3.6022424e-03   2.2335397e-04
  -3.4282029e-01   3.8186175e-03  -3.0145896e-01   1.6622374e-03   4.0737443e-03   3.5780545e-04
  -3.3518399e-01   7.7894835e-02  -3.9208135e-01   2.4145540e-03   3.8563385e-03   5.0356508e-05
  -3.4589913e-01   9.0243648e-02  -3.8345593e-01   2.6857110e-03   3.8996108e-03   1.1783138e-04
  -3.3657000e-01   7.5127535e-02  -3.6617805e-01   2.0490476e-03   3.7747146e-03   8.4686579e-05
  -3.3690351e-01  -8.6275279e-03  -3.6570588e-01   2.3395166e-03   3.7872726e-03  -4.6232367e-05
  -3.4584206e-01   4.7319664e-02  -3.6909505e-01   2.1108010e-03   3.8868129e-03   4.7497048e-05
  -3.3694758e-01   7.6993112e-02  -3.9719026e-01   1.4795022e-03   3.8071511e-03   1.8507369e-04
  -3.3225892e-01   7.1476317e-02  -4.1159567e-01   1.7834497e-03   3.8168850e-03   2.1716242e-04
  -3.2133947e-01   7.8501093e-03  -4.0092779e-01   2.5452927e-03   3.6239070e-03   1.7669180e-04
  -3.0915578e-01   1.3887771e-01  -4.0207537e-01   1.6972968e-03   3.7302337e-03   3.5764120e-04
  -3.1429169e-01   1.7874200e-02  -4.2710473e-01   1.9534916e-03   3.8581105e-03   3.0575726e-04
  -3.2109704e-01   4.3332974e-02  -4.3345065e-01   1.9677305e-03   3.8639496e-03   2.4337281e-04
  -3.2812697e-01   1.3416557e-01  -4.4158380e-01   1.2744996e-03   3.9195953e-03   3.2413350e-04
  -3.3288884e-01   1.0651834e-02  -4.5226690e-01   2.5891473e-03   4.0066666e-03   1.3862479e-04
  -3.2428538e-01  -2.7692325e-03  -4.1908556e-01   2.1721060e-03   3.8102244e-03   2.8524120e-04
  -3.2589208e-01   1.1345881e-01  -4.0304610e-01   1.1624790e-03   3.8292192e-03   4.1541626e-04
  -3.0301282e-01   5.3263914e-02  -4.3686881e-01   1.3928373e-03   3.7629387e-03   3.1245659e-04
  -2.9203486e-01   4.4386529e-02  -2.8828185e-01   2.3379890e-03   3.3352657e-03   2.8532512e-04
  -2.5782825e-01   1.1268315e-01  -4.0416549e-01   1.4254414e-03   2.9268354e-03   2.9007683e-04
  -2.6259902e-01  -2.8871876e-02  -3.8160916e-01   2.4650980e-03   2.9656432e-03   3.3234019e-04
  -2.5776559e-01   3.2124373e-03  -2.3431952e-01   1.5459772e-03   2.8528963e-03   6.3839276e-04
  -2.5780541e-01   8.6667925e-02  -2.4606641e-01   6.2812931e-04   2.5565400e-03   8.0928232e-04
