   0.0000000e+00   0.0000000e+00   0.0000000e+00   0.0000000e+00   0.0000000e+00   0.0000000e+00
   5.3793349e-02   1.5697963e-02  -2.3801448e-01   1.3387232e-03  -5.9429995e-04   2.8310807e-04
   9.4415952e-03  -4.9481119e-02  -1.0528267e-01   1.7373171e-03  -1.9143376e-05  -3.6423932e-04
  -2.7608234e-02  -1.5557799e-02  -3.4946012e-01   1.5110599e-03   2.2280237e-04   1.5288974e-03
   2.4471386e-02  -3.7237128e-02  -1.4949420e-01   1.2186682e-03  -1.2293509e-04   4.1793458e-04
   2.5479316e-02  -9.6037737e-02  -7.0901549e-02   5.2916359e-04  -5.9437868e-05   3.4311989e-04
   4.2618513e-02   1.3618629e-03  -6.8777279e-02  -2.6211607e-06  -3.4341485e-04   3.5321840e-04
   8.7156638e-03  -1.9323807e-02  -3.4772235e-01   1.8494303e-03  -1.9180563e-04   3.7601496e-04
  -5.3889405e-02  -4.4325784e-02  -2.1375460e-01   1.6155760e-03   7.9480446e-04   6.9351559e-04
   4.1155656e-02  -8.5741327e-02  -3.6105640e-01   1.6776364e-03  -3.3683914e-04   1.2361033e-03
   1.6884781e-01  -1.1377874e-01  -2.0877603e-01   2.0875940e-03  -1.5001944e-03   9.7947074e-04
   1.3359733e-01   1.4992001e-02  -7.6414078e-02   2.8032383e-05  -1.1087206e-03   8.2928552e-04
   1.3169065e-01  -1.0575395e-01  -2.0843670e-01   1.1047153e-03  -1.0122672e-03   1.0003640e-03
   8.5747561e-02   3.2382276e-02  -1.1676242e-01   1.0891480e-03  -5.4899629e-04   3.7996421e-04
   8.7965185e-02  -1.0959955e-01  -1.6092703e-01   2.0644590e-03  -6.5712971e-04   1.0653075e-03
   1.1879690e-01  -1.8023917e-01  -1.5856230e-01   3.1370906e-03  -8.6551148e-04   6.1323251e-04
   7.7558855e-02  -9.8800195e-02  -3.1212434e-02   1.7767137e-03  -5.0550115e-04   7.3803346e-04
   1.7611889e-01  -1.0675435e-01  -1.7085212e-01   1.9071105e-03  -1.4110313e-03   9.7818221e-04
   1.5941218e-01  -1.6962242e-01  -1.1833039e-01   1.7459167e-03  -1.1243782e-03   9.3900956e-04
   1.3696167e-01  -8.0866922e-02  -8.6188181e-02   1.8380053e-04  -1.2026231e-03   1.4381640e-03
   1.3444943e-01  -1.5385547e-01  -3.2845354e-01   2.1207673e-03  -9.5902861e-04   1.9503423e-03
   1.3327167e-01   2.9754441e-02  -2.0973170e-01   1.1678570e-03  -9.4966510e-04   1.5997356e-03
   1.3886074e-01  -5.6801899e-02  -6.0599910e-02   9.1359855e-04  -1.0544986e-03   1.1338404e-03
   1.6333312e-01  -6.8316663e-02  -1.5290579e-01   1.8313881e-03  -1.2275143e-03   1.4737163e-03
   1.6508704e-01  -3.3855040e-04  -2.7055871e-02   4.4314327e-04  -1.3687132e-03   1.1953305e-03
   1.6966323e-01  -1.5149399e-01  -1.4225207e-01   2.1005804e-03  -1.3994242e-03   1.3341983e-03
   1.4749718e-01  -2.9145341e-02  -1.4319154e-02   1.3246541e-03  -1.1246749e-03   7.3502772e-04
   1.7626854e-01  -1.3723634e-01  -8.6167930e-02   2.4455987e-03  -1.4861201e-03   1.3667559e-03
   1.7064536e-01  -1.0293122e-01  -4.0534688e-02   2.1038348e-03  -1.3655056e-03   6.9835745e-04
   1.6750891e-01  -9.1243900e-02  -2.0157467e-02   1.3687244e-03  -1.3563721e-03   1.2070902e-03
   1.7634053e-01  -1.8769270e-01  -8.3861575e-02   2.1011964e-03  -1.3267473e-03   9.3006628e-04
   1.4532731e-01  -8.2373209e-02  -3.0905079e-03   1.0916558e-03  -1.1612739e-03   1.0187006e-03
   1.6022788e-01  -1.3336931e-01  -1.4603811e-01   1.7512445e-03  -1.1723738e-03   1.3045882e-03
   1.3286670e-01  -1.0850617e-01  -1.5042659e-01   1.8870701e-03  -9.3072908e-04   7.9379621e-04
   1.6191840e-01  -3.1341743e-02  -2.1661748e-01   8.3931628e-04  -1.3328634e-03   1.0830926e-03
   1.5187925e-01  -1.6146262e-01  -1.4227696e-01   1.2890457e-03  -1.0880964e-03   9.1772220e-04
   1.9197517e-01   8.1386821e-02  -1.4150930e-01   5.3125846e-04  -1.6787345e-03   1.3386727e-03
   1.8264017e-01  -1.4406701e-01  -2.1815613e-01   1.6747073e-03  -1.2416540e-03   1.0958029e-03
   2.1457792e-01   5.2087622e-02  -1.3033648e-01   7.9248623e-04  -1.8574369e-03   1.3862620e-03
   2.5914909e-01  -1.3829881e-01  -3.2502630e-01   2.7206353e-03  -2.2504093e-03   8.7317865e-04
   9.5840049e-02  -2.3426965e-02  -1.2654510e-01   1.6003026e-03  -8.1000652e-04   9.3571754e-04
   1.8918009e-01  -5.3122554e-02  -1.9047374e-01   1.8416880e-03  -1.6025716e-03   1.2329742e-03
   1.3965255e-01  -6.9471333e-02  -1.4477050e-01   1.7966526e-03  -1.0813805e-03   8.4412467e-04
   1.3748856e-01   7.1518814e-03  -2.1654188e-01   1.0190938e-03  -1.1668803e-03   1.6729365e-03
   1.5293974e-01  -9.9846415e-02  -1.0071324e-01   1.4769282e-03  -1.2020650e-03   1.2814785e-03
   1.7250870e-01  -1.3199960e-01  -8.8174135e-02   1.9357652e-03  -1.4414888e-03   1.1741859e-03
   1.8777823e-01   1.3961125e-02  -9.9563025e-02   1.6651754e-03  -1.6157033e-03   1.3421496e-03
   1.7610884e-01  -1.1860218e-01  -8.4927947e-02   2.2132054e-03  -1.4795612e-03   1.1134847e-03
   1.9704036e-01   3.5138474e-02  -8.4407349e-02   1.1500746e-03  -1.8743645e-03   1.2528538e-03
   1.6975921e-01  -1.4442300e-01  -9.6507614e-02   2.7890154e-03  -1.4512631e-03   7.8835969e-04
   1.5571747e-01   1.2827213e-02  -2.2158841e-03   8.6368857e-04  -1.4931029e-03   9.2906390e-04
   2.0309202e-01  -1.1103729e-01  -2.3928968e-01   1.6303117e-03  -1.7947811e-03   1.4134291e-03
   1.6023380e-01  -6.4962216e-02  -7.1150882e-02   1.0521682e-03  -1.5844464e-03   9.9808883e-04
   2.1441654e-01  -5.4038415e-02  -2.2811958e-01   1.7007965e-03  -1.9256191e-03   1.7710109e-03
   1.3316041e-01  -1.0684131e-01  -1.1164183e-01   1.6132276e-03  -1.0609115e-03   1.2889690e-03
   1.2045088e-01  -4.7963499e-02  -1.6925630e-01   1.4068984e-03  -1.1379305e-03   1.7256993e-03
   1.5829962e-01  -7.9183891e-02  -2.2492015e-01   2.1110565e-03  -1.4091286e-03   1.3795967e-03
   6.7380968e-02  -1.2162187e-02  -1.3207329e-01   1.3082954e-03  -7.8332272e-04   4.1510532e-04
   1.0698006e-01  -6.1029777e-02  -2.8221544e-01   1.3527025e-03  -9.3257802e-04   1.7586530e-03
   1.6442090e-01  -9.1992099e-02  -2.1432073e-01   1.7987571e-03  -1.4487493e-03   1.4243714e-03
   1.3367633e-01  -3.8188243e-03  -1.3297046e-01   1.0378293e-03  -1.0734085e-03   1.6483683e-03
   1.8512647e-01  -5.0244413e-02  -2.8100957e-01   2.3246619e-03  -1.4650201e-03   1.8930208e-03
   9.4174338e-02  -4.5275341e-02  -1.5221742e-01   2.4357825e-03  -5.9430070e-04   1.2739207e-03
   1.4462538e-01  -5.1241271e-02  -2.3665871e-01   2.4582293e-03  -1.2627792e-03   2.1673581e-03
   1.1446178e-01  -1.2784576e-01  -5.2226824e-01   3.5576635e-03  -9.8200312e-04   2.0975858e-03
   3.5802141e-02  -4.2540004e-02  -3.9347223e-01   2.6574764e-03  -2.6516839e-04   2.0297226e-03
   3.3598462e-02  -7.7567202e-02  -2.6641510e-01   1.6704411e-03   7.3519600e-06   2.3620611e-03
   1.5046560e-01  -1.8764245e-01  -3.6104040e-01   3.0788845e-03  -9.9581214e-04   2.4251100e-03
   8.8964994e-02  -7.6422988e-02  -1.4880977e-01   1.2919849e-03  -5.6910840e-04   1.7545352e-03
   8.1593104e-02  -1.4666010e-01  -3.7261177e-01   2.7169077e-03  -6.7561987e-04   9.6231556e-04
   2.6440456e-02  -8.4253575e-02  -3.0753283e-01   2.2887841e-03   9.5275250e-05   1.3848719e-03
   7.0105986e-02  -6.3736431e-02  -4.5737750e-01   2.8416470e-03  -3.3702691e-04   2.8245732e-03
   4.0715213e-02  -1.1880702e-01  -6.4132805e-01   3.7068274e-03  -1.9758891e-04   1.9629745e-03
  -3.1098198e-02  -7.6653471e-02  -3.0673607e-01   2.8340348e-03   7.4892401e-04   1.3309478e-03
   1.0051397e-01  -1.6128232e-01  -4.6456378e-01   3.2752496e-03  -6.4681177e-04   2.6985960e-03
   4.3326551e-02  -1.3191765e-01  -5.4786054e-01   2.9693726e-03  -1.6507557e-04   1.6179137e-03
  -2.9106640e-02  -1.1730367e-01  -2.7840004e-01   2.2649260e-03   5.9635288e-04   1.5309252e-03
   9.1231709e-02  -1.5839024e-01  -3.6688655e-01   2.5015249e-03  -4.2774301e-04   1.9914119e-03
   1.4574454e-01  -1.4104154e-01  -2.6843037e-01   2.7523585e-03  -8.4443187e-04   2.0695008e-03
   1.9201779e-01  -4.5884082e-02  -4.2615692e-01   2.2313764e-03  -1.7200671e-03   3.3843478e-03
   6.9314587e-02  -1.4020640e-01  -6.7376304e-01   3.8680116e-03  -4.2091509e-04   2.0384477e-03
  -3.0378175e-02  -1.2296812e-01  -2.2014679e-01   2.7749527e-03   8.7401785e-04   1.8006563e-03
   1.0398652e-01  -1.8171098e-01  -5.3691375e-01   3.5522930e-03  -5.6195532e-04   3.1570240e-03
   9.4735954e-02  -1.1948029e-01  -3.5123215e-01   3.1866902e-03  -5.0746057e-04   2.4954442e-03
   7.5172180e-02  -1.8888777e-01  -1.9967404e-01   2.6122387e-03  -3.3749699e-04   2.0124799e-03
   6.9043802e-02  -1.3280571e-01  -4.3875138e-01   3.1417703e-03  -3.6741558e-04   2.4750249e-03
   2.9034868e-03  -7.9398189e-02  -3.5529160e-01   2.9498538e-03   3.5643742e-04   1.3982157e-03
   2.4282900e-02  -8.0801542e-02  -2.6019081e-01   2.2636630e-03   1.0499015e-04   1.6960729e-03
  -9.1889010e-02  -1.7045923e-01  -4.7892632e-01   3.3095782e-03   1.2128823e-03   1.8997909e-03
  -1.8216929e-03  -1.5780903e-01  -3.7163059e-01   3.3201180e-03   4.6838074e-04   1.5898333e-03
  -5.2360609e-02  -7.5944486e-02  -4.4235912e-01   2.0786833e-03   8.1008671e-04   1.9034470e-03
   1.8605533e-02  -1.6662843e-01  -4.9771503e-01   2.8447576e-03   2.9605104e-04   2.9387382e-03
   2.0655856e-02  -6.3326479e-02  -3.5276217e-01   2.4416930e-03   4.2535129e-04   1.8803935e-03
  -1.4256123e-02  -6.1185169e-02  -2.6967564e-01   2.0837571e-03   6.8461309e-04   1.7908477e-03
  -8.7219247e-03  -1.2592908e-01  -6.1820729e-01   3.7907973e-03   5.6402309e-04   1.7781164e-03
  -9.8092926e-03  -8.6379822e-02  -2.6371498e-01   2.8889452e-03   6.4476077e-04   1.6371664e-03
   1.6816694e-01  -2.6532864e-01  -5.0585087e-01   5.0471197e-03  -1.0781877e-03   2.6509431e-03
  -1.6181441e-02  -7.9872044e-02  -2.8384494e-01   3.1298005e-03   5.8107602e-04   1.7091379e-03
  -5.2817759e-02  -1.0347919e-01  -5.2276489e-01   3.1033668e-03   1.0690913e-03   2.5854399e-03
  -1.6737126e-02  -1.2420889e-01  -3.2780194e-01   2.7784897e-03   8.0717702e-04   1.8927436e-03
   4.6591750e-02  -1.2700956e-01  -1.2821045e-01   2.4090070e-03   1.2741699e-04   2.1775115e-03
   9.5583798e-02  -1.8483617e-01  -2.2246468e-01   3.0753729e-03  -2.7159649e-04   2.5242554e-03
   8.1875283e-02  -1.1727543e-01  -1.2348379e-01   3.2302042e-03  -1.8580746e-04   1.9081907e-03
   1.0936588e-01  -1.8020591e-01  -2.8076684e-01   3.6250577e-03  -4.8089051e-04   2.2231291e-03
   5.3940114e-02  -1.4371653e-01  -1.1919059e-01   3.5412656e-03   1.0214372e-04   1.5206425e-03
   1.0601434e-01  -2.5000608e-01  -1.7422031e-01   3.7630979e-03  -4.9577480e-04   2.0423575e-03
   6.9742174e-02  -3.0008884e-01  -3.1013490e-02   3.9860055e-03  -1.3574599e-05   1.0274664e-03
   5.3451744e-02  -2.1125916e-01  -5.0286877e-02   3.3990152e-03   8.6391784e-05   1.3773681e-03
  -1.8840889e-02  -3.1269552e-01  -1.6022930e-01   4.6189532e-03   7.9910000e-04   7.9270092e-04
  -5.2163028e-02  -1.2360018e-01  -2.1643090e-01   3.6890029e-03   1.1338329e-03   1.6114699e-03
  -7.8344527e-02  -3.4996219e-01  -1.2320396e-01   4.5235911e-03   1.5973128e-03   8.7678024e-04
  -4.5975823e-04  -9.8738973e-02  -2.7441720e-01   3.1892688e-03   6.2289107e-04   2.0083220e-03
   7.1688906e-03  -2.7497195e-01  -4.7480979e-01   4.0724648e-03   5.0599380e-04   1.8868559e-03
  -3.4963734e-02  -4.6434441e-02  -3.3640586e-01   1.9242770e-03   9.3191183e-04   2.4723190e-03
  -7.9229275e-03  -2.5418913e-01  -8.0627175e-01   4.5413119e-03   4.5883317e-04   2.5861369e-03
  -4.1939615e-02  -5.9866743e-02  -3.7012036e-01   2.9664195e-03   1.0980446e-03   2.1553802e-03
   4.3827892e-02  -3.1759089e-01  -6.0333992e-01   5.4050943e-03   2.6597090e-04   2.2289606e-03
   2.5276741e-02  -1.6275485e-01  -3.0732528e-01   3.9439155e-03   4.3878878e-04   2.2004284e-03
   4.3375910e-02  -3.1034246e-01  -3.8426483e-01   5.6986664e-03   3.0585951e-04   1.7857856e-03
   3.5171423e-02  -1.9839410e-01  -2.2046498e-01   4.5563752e-03   3.4134015e-04   1.6566502e-03
   1.7213734e-01  -2.9229022e-01  -5.7892250e-01   5.6545113e-03  -1.0178256e-03   1.9950849e-03
   3.5080158e-02  -1.8447642e-01  -1.9423174e-01   3.8095141e-03   1.5603781e-04   1.3805556e-03
  -5.6940758e-03  -2.9349228e-01  -6.8910722e-01   4.9213908e-03   6.2876821e-04   2.2881346e-03
  -1.9835691e-02  -2.4767761e-01  -1.6361250e-01   3.7272671e-03   9.1767082e-04   1.4674913e-03
   1.7429290e-02  -1.8886496e-01  -6.8681611e-01   4.5626026e-03   1.3399893e-04   2.2935345e-03
  -9.1293755e-02  -1.9923296e-01  -2.0581875e-01   3.2066811e-03   1.7143332e-03   1.3182758e-03
   1.2015313e-04  -1.9554926e-01  -7.1467702e-01   4.2973006e-03   5.0762990e-04   2.5790519e-03
  -1.2119760e-01  -2.3423417e-01  -2.5364005e-01   3.6491886e-03   2.0945965e-03   1.3327396e-03
  -6.5476924e-02  -1.1651812e-01  -8.3857270e-01   4.2069172e-03   1.1332262e-03   2.7873668e-03
  -1.3925160e-01  -1.8171481e-01  -2.6021735e-01   4.0530113e-03   2.2249568e-03   1.1417531e-03
  -9.6764139e-02  -1.7313256e-01  -8.7477260e-01   5.0691263e-03   1.5296411e-03   2.5861920e-03
  -1.5581297e-01  -1.9989679e-01  -2.0422149e-01   3.5054999e-03   2.4814271e-03   1.1280331e-03
   7.9802428e-02  -3.5911464e-01  -6.7134512e-01   5.6156635e-03   4.4401485e-06   2.3267871e-03
   1.7145559e-02  -1.1882096e-01  -5.3773938e-01   2.9529100e-03   5.0871647e-04   3.0046590e-03
   8.8673335e-02  -3.4462087e-01  -4.7604877e-01   4.8948528e-03  -1.5568499e-05   2.2949525e-03
   5.9097372e-03  -8.8804788e-02  -6.9991182e-01   3.7990730e-03   6.8291363e-04   3.3197949e-03
   8.4412991e-03  -2.8215553e-01  -3.5584267e-01   4.9736104e-03   7.5972492e-04   2.0761351e-03
   8.8347873e-02  -1.2951039e-01  -4.6803398e-01   5.1544846e-03  -3.1892383e-04   3.4443146e-03
   1.1080361e-01  -2.2967285e-01  -7.0228957e-01   5.7561056e-03  -5.0600754e-04   3.4138809e-03
   3.2445573e-02  -9.9248994e-02  -5.6116244e-01   4.5192032e-03   3.4283802e-04   4.0431136e-03
   1.0008389e-01  -3.4917034e-01  -6.1773223e-01   5.8048736e-03  -2.8658539e-04   3.3551973e-03
   1.0141925e-03  -1.3528049e-01  -4.2286326e-01   4.0942200e-03   7.4783909e-04   3.3822415e-03
   7.8142953e-02  -2.3004357e-01  -7.9850902e-01   5.2991255e-03  -1.8114397e-04   3.6499747e-03
  -6.7406304e-02  -8.4235315e-02  -3.9200965e-01   3.7054269e-03   1.5471665e-03   2.7891552e-03
   1.9122455e-02  -1.9107419e-01  -8.5091673e-01   5.3911571e-03   5.7875401e-04   3.6817676e-03
  -5.4718498e-02  -1.0040023e-01  -4.0283518e-01   3.7753989e-03   1.3895133e-03   2.8906673e-03
  -1.4689984e-02  -2.2312829e-01  -5.5107413e-01   4.5997328e-03   9.3255392e-04   2.9866004e-03
  -3.8839208e-02  -1.7162077e-01  -3.6945907e-01   4.7383197e-03   1.3161824e-03   2.2639698e-03
   9.1856311e-02  -1.1745717e-01  -7.3450934e-01   4.6422276e-03  -4.0086990e-05   4.1421848e-03
  -3.5515061e-02  -1.9289981e-01  -2.8123648e-01   4.6943044e-03   1.2868693e-03   1.8852011e-03
  -8.7237299e-02  -2.2897889e-01  -7.4250638e-01   4.9707405e-03   1.5349797e-03   2.8547653e-03
  -6.5450043e-02  -2.9079104e-01  -3.5279093e-01   4.5242558e-03   1.5527640e-03   1.5569434e-03
  -1.1894017e-01  -1.9532854e-01  -7.9570754e-01   4.2943901e-03   1.8526959e-03   2.4314500e-03
  -1.4904925e-01  -2.9647818e-01  -3.8633699e-01   4.8913825e-03   2.7255441e-03   1.3822528e-03
  -4.4592892e-02  -1.5720952e-01  -8.1443142e-01   4.7449434e-03   1.3041999e-03   3.2241399e-03
  -1.0910299e-01  -2.0360112e-01  -3.2035170e-01   4.3260780e-03   2.2290449e-03   1.7708752e-03
   2.4780113e-02  -1.9434914e-01  -7.4047145e-01   5.4747817e-03   7.2522885e-04   3.2969297e-03
  -1.0456922e-01  -2.6562872e-01  -2.9657211e-01   4.8856944e-03   2.2431457e-03   1.8969003e-03
   4.9264752e-02  -2.4695031e-01  -6.4545123e-01   5.7416315e-03   4.7848435e-04   2.5875488e-03
  -4.3180629e-02  -1.7689624e-01  -3.5117525e-01   4.2174277e-03   1.3858948e-03   2.3275080e-03
   1.7686625e-03  -2.6370979e-01  -8.9524657e-01   5.4587196e-03   4.9622008e-04   2.9074727e-03
  -4.7529590e-02  -2.2307307e-01  -4.2179964e-01   4.0614569e-03   1.2591372e-03   2.3599744e-03
   1.7101804e-02  -3.4770332e-01  -8.9189656e-01   6.2352343e-03   4.3263681e-04   3.2294008e-03
  -5.6325655e-02  -2.4280972e-01  -3.1692544e-01   4.5611830e-03   1.3508661e-03   2.0646389e-03
   3.8285195e-02  -3.0138881e-01  -7.7794281e-01   6.0722460e-03   2.4360684e-04   2.8765619e-03
  -3.3223878e-02  -2.9626100e-01  -4.1158734e-01   4.9302745e-03   1.0049198e-03   2.1492302e-03
   3.2782514e-02  -2.1186525e-01  -8.8416615e-01   5.7379302e-03   1.1631469e-04   3.3448641e-03
  -8.5522424e-02  -2.4256019e-01  -4.0095510e-01   4.6428678e-03   1.6288284e-03   2.1382240e-03
   2.4417570e-02  -2.5770145e-01  -7.2168009e-01   5.4104217e-03   3.4735146e-04   3.2318561e-03
  -2.3508547e-02  -2.9002826e-01  -4.3736889e-01   5.0920098e-03   8.9540058e-04   2.5477849e-03
   8.1546557e-02  -2.2217356e-01  -8.8718570e-01   5.0334618e-03  -2.4763002e-04   3.8238482e-03
   1.6270559e-02  -2.5437666e-01  -4.6344291e-01   4.0041459e-03   5.3724134e-04   3.0345914e-03
   9.7871700e-02  -2.8426084e-01  -8.1528518e-01   6.2078988e-03  -4.5256824e-04   3.1796370e-03
  -4.5508936e-02   3.1029446e-03  -6.0410717e-01   3.8219091e-03   1.0763962e-03   2.4862477e-03
   1.5622175e-02  -2.9136438e-01  -4.9717132e-01   5.9789338e-03   5.5087886e-04   1.7815225e-03
  -9.0717344e-03  -1.9656984e-01  -4.3116400e-01   4.8536241e-03   6.7495407e-04   2.1640605e-03
   2.7706760e-02  -3.4235633e-01  -8.7719167e-01   7.0355410e-03   2.4748477e-04   2.6456527e-03
  -6.7869812e-02  -2.0120535e-01  -4.1506137e-01   4.4863595e-03   1.3612389e-03   2.2826516e-03
   3.9075303e-02  -2.6034700e-01  -8.7137393e-01   5.8458985e-03   1.0730181e-04   3.1006353e-03
  -7.9572206e-02  -1.9229406e-01  -4.2137027e-01   4.2520493e-03   1.5960639e-03   2.2516191e-03
   3.6427521e-02  -1.6861209e-01  -8.9685372e-01   4.7158424e-03   1.9535417e-05   3.6202540e-03
  -9.0435173e-02  -2.3228740e-01  -4.7131752e-01   4.1470743e-03   1.6800123e-03   2.2067177e-03
  -5.7926135e-02  -1.4748397e-01  -9.0342749e-01   4.9865538e-03   1.0658266e-03   3.2560618e-03
  -1.4940751e-01  -2.1406460e-01  -3.9418557e-01   4.4769011e-03   2.5055413e-03   2.0154346e-03
  -3.4648082e-02  -2.1219229e-01  -9.6435547e-01   6.2008067e-03   9.4591393e-04   3.6126094e-03
  -1.1347500e-01  -1.6029674e-01  -5.0288913e-01   4.3169322e-03   2.0163782e-03   2.9522010e-03
  -6.7474853e-02  -3.3338538e-01  -1.0510937e+00   6.7027611e-03   1.1725149e-03   3.5100521e-03
  -1.8248619e-01  -8.6890768e-02  -5.2182895e-01   3.8699864e-03   2.7369540e-03   2.4078925e-03
  -2.2896693e-02  -3.2070683e-01  -8.8983901e-01   6.6059691e-03   9.4372917e-04   2.9467086e-03
  -1.2487876e-01  -1.5370317e-01  -6.1916922e-01   4.6652244e-03   1.9607008e-03   2.5032044e-03
  -7.9572963e-02  -2.0427717e-01  -1.0654404e+00   6.1723642e-03   1.3414704e-03   3.2654451e-03
  -1.8525280e-01  -1.9400157e-01  -6.6776292e-01   4.0607425e-03   2.7274851e-03   2.2095015e-03
  -6.3097523e-02  -2.6239783e-01  -1.0342597e+00   5.9002815e-03   1.2942459e-03   3.1956889e-03
  -1.6374048e-01  -1.5347020e-01  -6.8730141e-01   4.0906860e-03   2.5332904e-03   2.3139614e-03
  -5.0763155e-02  -2.7830848e-01  -8.3113571e-01   5.5967274e-03   1.3517534e-03   2.7512525e-03
  -1.2655580e-01  -2.5440254e-01  -6.0445353e-01   5.0157893e-03   2.2045512e-03   1.8895412e-03
  -6.0493847e-02  -2.6181726e-01  -8.2436974e-01   6.3369632e-03   1.5138073e-03   2.5492057e-03
  -1.2924805e-01  -3.0203536e-01  -4.9123019e-01   5.1822861e-03   2.2656625e-03   1.6607156e-03
  -4.4312425e-02  -2.4885713e-01  -5.8455379e-01   5.4451349e-03   1.2354363e-03   2.3906981e-03
  -8.1069617e-02  -2.9342588e-01  -6.2817040e-01   5.6578163e-03   1.6839508e-03   2.2275695e-03
  -1.1441153e-01  -2.3539839e-01  -5.2448128e-01   4.4707567e-03   2.0115221e-03   2.2266096e-03
  -1.4242042e-01  -3.5569278e-01  -8.6501863e-01   6.7668420e-03   2.1721842e-03   2.3650731e-03
  -2.0159208e-01  -2.4750205e-01  -4.8190179e-01   5.1297131e-03   2.9339022e-03   1.5729988e-03
  -1.1031221e-01  -3.1267645e-01  -7.3251990e-01   6.5317925e-03   2.0160891e-03   2.3270320e-03
  -1.6699413e-01  -3.3665805e-01  -4.8275957e-01   5.2773220e-03   2.6139636e-03   1.6536380e-03
  -5.6105231e-02  -2.4102577e-01  -1.0132114e+00   6.2401888e-03   1.1865540e-03   3.0538548e-03
  -1.8020092e-01  -2.1113486e-01  -5.5595698e-01   4.3093976e-03   2.7411959e-03   2.0369143e-03
  -7.5556582e-02  -3.2586772e-01  -8.8136872e-01   6.4735300e-03   1.3788184e-03   2.7365014e-03
  -1.8743742e-01  -1.7010355e-01  -4.9397189e-01   4.3838138e-03   2.8804794e-03   2.2710287e-03
  -7.4857036e-02  -2.8912041e-01  -8.3557483e-01   6.3590505e-03   1.5348114e-03   2.8709216e-03
  -1.1676734e-01  -1.2536365e-01  -6.2521946e-01   4.5270874e-03   1.9255366e-03   3.1025273e-03
  -1.0074480e-01  -3.1374386e-01  -7.5824047e-01   6.3969533e-03   1.8054511e-03   2.2420965e-03
  -1.6646763e-01  -1.4057795e-01  -6.3505444e-01   5.1265419e-03   2.4354268e-03   2.3828129e-03
  -1.0493977e-01  -3.2553095e-01  -7.9747885e-01   6.3520392e-03   1.8042247e-03   2.3472557e-03
  -1.6056004e-01  -1.7969336e-01  -5.4478958e-01   4.7136439e-03   2.4098786e-03   2.1407979e-03
  -9.0205187e-02  -3.1947154e-01  -9.2621919e-01   6.4641559e-03   1.6513501e-03   2.8571837e-03
  -1.7603573e-01  -2.6148661e-01  -5.6457456e-01   5.0883446e-03   2.6080611e-03   1.9500763e-03
  -4.7350958e-02  -3.3697082e-01  -8.9209606e-01   6.9949022e-03   1.0603215e-03   2.9896910e-03
  -1.8082337e-01  -1.4095689e-01  -6.5984098e-01   4.8666605e-03   2.5847042e-03   2.5145026e-03
  -1.2926491e-01  -3.5027191e-01  -6.2772996e-01   6.1645361e-03   2.1474822e-03   1.9565793e-03
  -7.5218877e-02  -9.2620831e-02  -8.2078756e-01   4.6870791e-03   1.4460764e-03   3.1156442e-03
  -1.4749317e-01  -2.9667823e-01  -5.8632960e-01   5.3595165e-03   2.3507147e-03   2.0942404e-03
  -1.1774170e-01  -1.7277331e-01  -9.1383415e-01   5.3941738e-03   1.8760934e-03   3.0123954e-03
  -1.9557483e-01  -2.9318479e-01  -7.0644136e-01   5.9085378e-03   2.8663329e-03   1.8413803e-03
  -1.1985193e-01  -2.4412142e-01  -9.3741770e-01   6.3516534e-03   1.8234142e-03   2.9690671e-03
  -1.4832097e-01  -2.9411409e-01  -6.5492328e-01   5.9640628e-03   2.5180760e-03   1.8737318e-03
  -7.9013230e-02  -1.5340639e-01  -8.2753794e-01   5.5660507e-03   1.4250751e-03   3.3717922e-03
  -1.8265261e-01  -3.7018094e-01  -6.5316057e-01   5.8841744e-03   2.6898155e-03   2.1171926e-03
  -1.2744182e-01  -2.2998820e-01  -7.4357376e-01   5.7261042e-03   2.0987057e-03   2.8878774e-03
  -1.5962164e-01  -3.3098869e-01  -6.3111280e-01   5.7734685e-03   2.4742216e-03   1.7728511e-03
  -2.0397381e-01  -2.5047184e-01  -1.0107794e+00   7.0594510e-03   2.5344660e-03   2.4770099e-03
  -1.8595903e-01  -3.0867388e-01  -5.4098326e-01   5.8370217e-03   2.7959138e-03   1.5949019e-03
  -9.3612665e-02  -4.1986754e-01  -9.4542513e-01   7.9656287e-03   1.6705674e-03   2.5342447e-03
  -2.1387607e-01  -2.3517378e-01  -5.3657115e-01   5.3300264e-03   3.1009768e-03   1.5139329e-03
  -1.9686679e-01  -4.0036568e-01  -1.0186352e+00   7.8809065e-03   2.6478183e-03   2.3097698e-03
  -2.5201622e-01  -2.2371825e-01  -6.0787982e-01   5.4017679e-03   3.4794888e-03   1.8796729e-03
  -1.6014073e-01  -3.9752786e-01  -9.3125259e-01   7.4363903e-03   2.4813994e-03   2.4034317e-03
  -2.1391410e-01  -2.3807822e-01  -5.4400831e-01   5.2975347e-03   3.1561500e-03   2.0575053e-03
  -1.1714364e-01  -3.2530552e-01  -7.9945987e-01   6.6191227e-03   2.0739211e-03   2.2544457e-03
  -2.2115577e-01  -2.3693493e-01  -6.7266026e-01   4.9481036e-03   3.1857721e-03   2.2219793e-03
  -1.7102561e-01  -3.1835752e-01  -8.9809738e-01   6.2389969e-03   2.5885309e-03   2.3367868e-03
  -2.6757780e-01  -1.8915836e-01  -6.7152247e-01   5.1228827e-03   3.5768488e-03   1.8447299e-03
  -1.8765418e-01  -3.2353256e-01  -9.9293696e-01   6.9630028e-03   2.7731476e-03   2.3445692e-03
  -2.3318434e-01  -1.4846576e-01  -6.6507792e-01   4.8442893e-03   3.3272724e-03   1.8576695e-03
  -1.6806022e-01  -3.4903580e-01  -8.9935065e-01   7.0472019e-03   2.6606275e-03   2.1488410e-03
  -1.9508931e-01  -1.7056111e-01  -7.1963300e-01   4.8846973e-03   2.9065993e-03   2.4647443e-03
  -2.2159199e-01  -3.6416452e-01  -8.6206121e-01   6.9217249e-03   3.3313665e-03   2.8183087e-03
  -1.3776108e-01  -9.3991108e-02  -7.1426185e-01   5.1265512e-03   2.3750096e-03   3.4172843e-03
  -1.4871382e-01  -4.0107040e-01  -7.7492384e-01   7.6110335e-03   2.5240307e-03   2.3759096e-03
  -1.6558874e-01  -2.8114034e-01  -7.0566085e-01   6.3656877e-03   2.5771443e-03   2.8181376e-03
  -5.5647012e-02  -3.9306565e-01  -7.8751815e-01   7.0670119e-03   1.5037674e-03   2.5117304e-03
  -1.3261054e-01  -8.2336987e-02  -8.1117594e-01   5.0028152e-03   2.1386502e-03   3.0177835e-03
  -1.7840370e-01  -3.0807821e-01  -7.4087888e-01   6.5255807e-03   2.8212538e-03   2.0317134e-03
  -1.4437455e-01  -2.0411250e-01  -7.4070806e-01   5.2774971e-03   2.2968487e-03   2.8498831e-03
  -1.5220769e-01  -3.7759083e-01  -6.2788914e-01   6.2329496e-03   2.5930356e-03   2.1758300e-03
  -9.6496774e-02  -2.8405287e-01  -8.6581695e-01   6.5907933e-03   1.8882831e-03   3.2275800e-03
  -1.4932522e-01  -3.8667827e-01  -6.2466680e-01   6.8830403e-03   2.6761384e-03   2.0068350e-03
  -6.3551057e-02  -2.6558430e-01  -8.2122310e-01   7.0502154e-03   1.5711238e-03   2.9077824e-03
  -5.9703213e-02  -3.6100259e-01  -7.9822523e-01   7.5191684e-03   1.6676215e-03   2.2914049e-03
  -1.5757455e-01  -2.1798232e-01  -6.3989159e-01   5.2824223e-03   2.7079478e-03   2.3114300e-03
  -1.2230567e-01  -4.7195657e-01  -8.5740807e-01   7.3760410e-03   2.3145093e-03   2.8250204e-03
  -1.5962619e-01  -2.7241771e-01  -5.9292831e-01   5.3566080e-03   2.7269458e-03   2.7560870e-03
  -7.2518791e-02  -3.8392114e-01  -9.6284314e-01   7.1120293e-03   1.8454600e-03   2.9729752e-03
  -1.3485119e-01  -1.8111726e-01  -6.5563178e-01   5.3152985e-03   2.3710720e-03   2.4398125e-03
  -1.6224968e-01  -3.4261595e-01  -9.0539888e-01   7.4478532e-03   2.5455527e-03   2.5347358e-03
  -2.3333192e-01  -1.6554865e-01  -6.8328750e-01   5.2073168e-03   3.2892633e-03   2.2647588e-03
  -1.7447984e-01  -3.5809348e-01  -1.1278252e+00   7.7961142e-03   2.5550025e-03   2.9918671e-03
  -2.6073839e-01  -1.5182579e-01  -6.1184436e-01   4.8819520e-03   3.7597349e-03   2.2658047e-03
  -1.3405920e-01  -4.2060019e-01  -1.1091272e+00   7.9561193e-03   2.2350339e-03   3.4577770e-03
  -2.1331731e-01  -1.4388332e-01  -6.9468145e-01   4.5812554e-03   3.2744475e-03   2.7860517e-03
  -9.0004958e-02  -3.0393027e-01  -1.1003442e+00   7.0614328e-03   1.8170616e-03   3.6963428e-03
  -1.9536186e-01  -1.5217812e-01  -7.7249506e-01   4.9138313e-03   3.0832481e-03   2.8680089e-03
  -1.0539703e-01  -4.5671012e-01  -9.0149332e-01   8.0750161e-03   2.1417856e-03   2.7949848e-03
  -1.3282705e-01  -9.9532149e-02  -8.0923138e-01   5.6583562e-03   2.3826701e-03   3.5254158e-03
  -1.2171435e-01  -3.7472033e-01  -7.9876449e-01   7.2081404e-03   2.4183254e-03   2.7024351e-03
  -1.2152528e-01  -1.9355944e-01  -6.6577779e-01   5.2543045e-03   2.1839958e-03   3.0264355e-03
  -9.5391268e-02  -3.3888641e-01  -8.6809109e-01   7.3236699e-03   1.9771801e-03   2.5756170e-03
  -1.9543150e-01  -2.1487701e-01  -6.2419550e-01   5.8200558e-03   3.0684158e-03   2.3251270e-03
  -1.6080203e-01  -3.4834484e-01  -9.8886229e-01   7.6247174e-03   2.5382358e-03   2.7779649e-03
  -2.0692205e-01  -2.6870502e-01  -6.5759868e-01   6.0123783e-03   3.1300479e-03   2.6168575e-03
  -1.3980552e-01  -3.8999868e-01  -9.4496509e-01   7.5038086e-03   2.3163138e-03   2.9841701e-03
  -1.6712785e-01  -1.7697994e-01  -8.5108150e-01   6.0879472e-03   2.5688755e-03   3.3665537e-03
  -1.5235415e-01  -3.4793235e-01  -8.8104781e-01   7.1452986e-03   2.5120326e-03   2.9454962e-03
  -1.9325443e-01  -1.8284622e-01  -8.6342781e-01   6.2268238e-03   2.7870946e-03   2.9974352e-03
  -1.1937182e-01  -4.0019255e-01  -9.2052805e-01   7.5132034e-03   2.2183013e-03   3.1872783e-03
  -1.1885095e-01  -2.4086250e-01  -6.7332064e-01   5.9291864e-03   2.0771691e-03   2.9661628e-03
  -1.5714324e-01  -3.4922408e-01  -8.2597469e-01   7.3733839e-03   2.5445565e-03   2.6453935e-03
  -1.7925732e-01  -2.6597539e-01  -5.8484662e-01   6.2892217e-03   2.7746318e-03   2.3162469e-03
  -9.8689231e-02  -2.4957161e-01  -1.0601584e+00   7.1442179e-03   1.7945693e-03   3.1082525e-03
  -2.6839514e-01  -2.0335975e-01  -7.0851049e-01   5.6964039e-03   3.6149963e-03   1.7747460e-03
  -1.8238229e-01  -4.1444307e-01  -9.5288867e-01   8.1552369e-03   2.8647063e-03   2.5751611e-03
  -2.1252323e-01  -2.1898935e-01  -6.2217030e-01   5.7990503e-03   3.2206996e-03   2.2394090e-03
  -1.5730196e-01  -3.9649535e-01  -9.6016612e-01   7.8415327e-03   2.6007460e-03   2.4673856e-03
  -2.5664653e-01  -2.6710667e-01  -5.7440127e-01   5.8566539e-03   3.8209639e-03   2.1685631e-03
  -1.4911619e-01  -3.4312829e-01  -9.0111901e-01   6.8203215e-03   2.5926166e-03   2.9360415e-03
  -2.3680866e-01  -3.3767847e-01  -7.3011459e-01   6.7114795e-03   3.5538467e-03   2.0914785e-03
  -2.0976876e-01  -1.6807285e-01  -8.7113486e-01   5.7800696e-03   3.2686722e-03   2.8502343e-03
  -1.6602843e-01  -3.8988484e-01  -9.0806850e-01   7.2023920e-03   2.8756515e-03   2.6795632e-03
  -2.4174582e-01  -1.1194283e-01  -8.3293702e-01   5.6030962e-03   3.4848661e-03   2.7188900e-03
  -1.8157183e-01  -3.8358835e-01  -1.1409779e+00   8.4846455e-03   2.8158722e-03   3.1635053e-03
  -2.6842024e-01  -2.2666305e-01  -6.8699688e-01   5.8490811e-03   3.9280371e-03   2.1208221e-03
  -2.1882594e-01  -4.5259541e-01  -1.0151823e+00   8.2113524e-03   3.2240698e-03   2.4643608e-03
  -3.0228820e-01  -1.9080963e-01  -6.5318846e-01   5.6256678e-03   4.2738512e-03   2.1454831e-03
  -1.8365906e-01  -4.2125166e-01  -9.9344369e-01   8.0840026e-03   2.7909250e-03   2.6774193e-03
  -2.6720489e-01  -2.2744940e-01  -7.1990139e-01   5.6984894e-03   3.7523029e-03   2.4017625e-03
  -1.9748718e-01  -4.0767966e-01  -9.0636384e-01   7.7414643e-03   3.1084344e-03   2.3083090e-03
  -2.2856239e-01  -1.8216580e-01  -8.5903622e-01   5.9364148e-03   3.3690871e-03   2.9748103e-03
  -2.2988044e-01  -3.8580111e-01  -7.5716417e-01   6.8409115e-03   3.5673423e-03   1.9522309e-03
  -1.9118097e-01  -2.7862857e-01  -8.1532770e-01   6.1185587e-03   3.0217360e-03   2.8387203e-03
  -1.4850795e-01  -3.7153562e-01  -9.5801975e-01   6.7757262e-03   2.5838481e-03   2.7528457e-03
  -1.9283682e-01  -2.1688057e-01  -9.2442137e-01   6.0014232e-03   2.9181945e-03   3.1814746e-03
  -1.9478746e-01  -3.5088143e-01  -9.9765802e-01   7.2538527e-03   3.0491479e-03   2.7469223e-03
  -2.3157465e-01  -2.0656415e-01  -8.0791721e-01   5.7553194e-03   3.3649544e-03   2.6650763e-03
  -2.1853819e-01  -4.5859812e-01  -8.3358763e-01   7.6915411e-03   3.2852768e-03   2.2079717e-03
  -2.3000681e-01  -1.7504470e-01  -1.0107682e+00   5.6725865e-03   3.1482058e-03   3.0944105e-03
  -2.7221801e-01  -3.8748118e-01  -6.6390137e-01   6.5781138e-03   3.9257332e-03   1.9638840e-03
  -1.4372214e-01  -2.1118272e-01  -1.1355048e+00   6.4291903e-03   2.2008453e-03   3.6525691e-03
  -2.7464513e-01  -3.4789820e-01  -6.6967857e-01   6.2190928e-03   3.8514339e-03   2.1392239e-03
  -1.3233906e-01  -3.7830179e-01  -1.1361974e+00   7.8738661e-03   2.2073715e-03   3.6290458e-03
  -2.3951098e-01  -2.5899631e-01  -6.3511549e-01   6.2576862e-03   3.5382634e-03   2.3543397e-03
  -1.3478390e-01  -3.9344399e-01  -8.2204988e-01   8.2535860e-03   2.4495824e-03   2.8762207e-03
  -1.5317667e-01  -3.5673720e-01  -8.3844933e-01   7.4943146e-03   2.6212454e-03   2.8816416e-03
  -1.7196622e-01  -2.3954305e-01  -9.4359505e-01   6.7852267e-03   2.7249065e-03   3.0960219e-03
  -2.0253155e-01  -3.6011641e-01  -8.2423516e-01   7.1938695e-03   3.2005506e-03   2.4416197e-03
  -2.4287288e-01  -2.6908152e-01  -6.6894779e-01   5.4291815e-03   3.6435890e-03   2.4752724e-03
  -1.7427613e-01  -4.0875430e-01  -9.6421257e-01   7.9595662e-03   2.8607288e-03   2.7320171e-03
  -2.5015811e-01  -2.6277856e-01  -5.8556468e-01   5.5071066e-03   3.7815737e-03   2.3365355e-03
  -1.2352831e-01  -4.4064214e-01  -1.0621435e+00   8.1245341e-03   2.2881702e-03   3.0656997e-03
  -2.5378560e-01  -1.7080387e-01  -6.5498121e-01   5.2101739e-03   3.7034436e-03   2.4367121e-03
  -1.2511495e-01  -4.3677239e-01  -1.0140471e+00   7.9611866e-03   2.3041634e-03   3.1208903e-03
  -2.1777938e-01  -1.8605514e-01  -8.4278067e-01   5.6173701e-03   3.3060176e-03   2.9732417e-03
  -1.8723161e-01  -4.3520272e-01  -9.4683533e-01   8.1192572e-03   2.9772923e-03   2.4997314e-03
  -2.3004337e-01  -1.9805425e-01  -8.2385407e-01   6.2649124e-03   3.3610777e-03   2.8513816e-03
  -2.0011148e-01  -3.8612712e-01  -8.5540435e-01   7.6215181e-03   3.2900229e-03   2.0323189e-03
  -1.7017528e-01  -1.9641519e-01  -9.8687031e-01   6.3798511e-03   2.7170114e-03   3.0998622e-03
  -2.0036479e-01  -3.7210547e-01  -9.4636423e-01   7.1510802e-03   3.1766589e-03   2.5805964e-03
  -2.1809867e-01  -2.5723796e-01  -9.5187270e-01   6.1884394e-03   3.1389348e-03   2.8613472e-03
  -2.5777125e-01  -4.3133674e-01  -9.8289476e-01   7.4249629e-03   3.6579350e-03   2.4956055e-03
  -2.7193448e-01  -1.8970039e-01  -9.1115220e-01   6.0276691e-03   3.7599588e-03   2.8168624e-03
  -2.1684850e-01  -3.8787233e-01  -9.1874505e-01   7.2765827e-03   3.2673026e-03   2.4070899e-03
  -2.3587797e-01  -1.7882871e-01  -1.0251035e+00   6.0004886e-03   3.3184467e-03   3.1624126e-03
