   0.0000000e+00   0.0000000e+00   0.0000000e+00   0.0000000e+00   0.0000000e+00   0.0000000e+00
   1.4260882e-02   6.0831979e-02  -5.1076403e-02  -4.2183685e-04  -3.6598743e-04   1.4530924e-04
  -2.5270695e-03   1.3902829e-02  -1.0234135e-01   4.4728635e-04  -5.3534919e-05   1.4359858e-04
   5.1379350e-03   7.1787752e-02  -2.1343905e-02  -7.3020325e-04  -2.0639311e-04   1.2927522e-04
  -3.8434505e-03   9.4952074e-02  -3.1229011e-02  -6.7412539e-04  -3.8814422e-04   3.6091316e-04
  -1.8664253e-02   8.4166451e-03  -6.4286137e-02   1.4397050e-04  -1.6133426e-04   3.7346624e-04
  -6.0368901e-03   6.3791610e-02   2.5888332e-02  -3.6822846e-04  -1.5337833e-04   2.7304571e-04
  -1.0776188e-02   2.4357578e-02   2.5221426e-02  -1.1112830e-03  -6.1728952e-05   5.2348598e-04
   6.0162440e-03  -2.5572066e-02  -1.0453087e-02   4.3146841e-04  -4.1144186e-04   1.8212954e-04
   1.9682838e-02   4.7099490e-02   1.1102978e-01  -6.8088741e-04  -3.6139513e-04   4.7232473e-04
   1.3415141e-02   2.2739622e-02   1.1869976e-01  -1.3643510e-03  -4.7424266e-04   7.9172771e-04
   1.7621016e-02  -1.2395532e-01   3.0701659e-02   1.9437930e-05  -2.8196107e-04   5.6639548e-04
  -2.0764191e-03   1.3714234e-01   5.5095350e-02  -1.0295190e-03  -4.9343007e-04   7.9555597e-04
  -1.3872051e-03   5.0060234e-02   2.4426985e-02   1.4252393e-04  -6.6062330e-04   4.8447370e-04
   2.9143987e-02   3.7808342e-02   1.4158362e-01  -2.7212929e-04  -7.7372771e-04   3.1869386e-04
   2.4842467e-02  -4.2711837e-04   1.1416773e-01  -5.1848840e-04  -7.0876954e-04   5.1056852e-04
   1.1881361e-02   3.5428955e-02   3.8753362e-02   1.5860883e-04  -7.3323383e-04   4.2921514e-04
   2.5946850e-02   9.6464058e-02   1.8750796e-01  -3.7131264e-04  -6.8602041e-04   4.1694001e-04
   2.6077761e-02  -3.6950357e-02   1.6692059e-01   6.9382538e-05  -6.5839747e-04   4.1866269e-04
   1.7149193e-02   2.1985828e-02   1.4226018e-01  -8.9339314e-05  -6.2572277e-04   5.7116666e-04
   2.0201818e-02  -1.9487294e-02   2.0374707e-01  -3.5132603e-04  -2.1952622e-04   5.1561169e-04
   1.9995085e-02  -1.1984438e-02   1.0333150e-01  -7.1676001e-04  -6.1897408e-04   4.0356879e-04
  -1.2870432e-02  -5.6873002e-02   2.9973828e-02   4.3191244e-04  -7.0480063e-05   7.8443697e-05
   1.0601230e-02   6.5415967e-02   1.5749674e-01  -5.0753611e-04   2.6449588e-05   4.3514105e-04
   4.4485002e-03   1.1803281e-02   5.3789476e-02  -1.1674169e-04  -1.2976553e-04   4.7625877e-04
   7.4569196e-03   4.6564379e-02   1.1451387e-01   4.2729730e-04  -8.2332526e-05   3.6970000e-04
  -2.5187480e-04   7.1604195e-02   2.2253231e-01  -9.9328924e-04   1.9387681e-04   4.8649935e-04
  -1.9833616e-02  -1.1167996e-04   1.3124678e-01  -2.5580691e-04   1.8208417e-04   3.6186901e-04
  -1.0979462e-02   8.8110883e-02   1.1276812e-01  -4.8815491e-04   9.1349179e-05   7.6420662e-04
   1.3497348e-02   2.0125526e-02   1.2561501e-01  -5.2017229e-04  -1.7698193e-04   4.5168715e-04
  -3.9391245e-04   5.3173360e-02   1.0416873e-01  -4.5368081e-04   1.7543894e-05   8.0144861e-04
  -6.7185898e-03   7.1455334e-02   6.0277919e-03   3.6036961e-04  -2.7573438e-04   4.9515229e-04
  -1.5155484e-02   1.0630523e-01   1.2356588e-01  -1.0659157e-03   1.6162626e-04   4.4867828e-04
   1.1899045e-02  -3.4543621e-02   1.1756070e-01   4.0056634e-04  -1.0872741e-04   4.9292729e-04
  -5.9076844e-03   1.5980412e-02   1.1224309e-01  -3.4943330e-04  -1.0147142e-04   6.0076681e-04
   1.8895234e-03   3.8548901e-02   4.6394069e-02   2.2909456e-04  -2.2137906e-04   5.2141540e-04
   2.6884040e-02   1.1366997e-02   1.6640738e-01  -2.8397952e-04  -1.8027364e-04   7.0969071e-04
   1.0544633e-02   5.8149514e-02   7.1751092e-02  -1.2275479e-03  -1.1827894e-04   8.4096253e-04
   8.3844955e-04   1.2261021e-01   7.5517678e-03  -4.7364552e-04  -1.0305023e-04   7.2276268e-04
   2.0529937e-03   6.1484172e-02   1.3102480e-01  -2.6736545e-04   4.1606924e-04   3.1596987e-04
   1.4842648e-02   3.6033008e-02   8.8752353e-02  -8.7840788e-04  -2.7523158e-05   6.8434408e-04
  -3.1061363e-03   6.0971382e-02   3.9891201e-02  -8.7540102e-06  -1.1131077e-04   2.6286806e-04
   1.2076478e-02   5.9486772e-02   1.1181765e-01   2.4861803e-04  -3.7848637e-04   3.5971558e-04
   1.9395542e-02   6.3658817e-03   1.5106145e-01  -6.0523229e-04  -3.5678761e-04   1.7300607e-04
   5.6989356e-03  -8.6970530e-03   4.4675052e-02  -3.1947310e-04  -1.3259752e-04  -1.1392872e-04
   1.9264054e-02  -2.6224010e-02   1.3688151e-01   1.0185797e-04  -5.2224099e-05  -1.0490301e-04
   2.2226207e-02  -4.8674522e-04   1.2049061e-01  -4.2473553e-04  -5.1814918e-04   1.3467106e-04
   1.5478050e-02  -1.4687955e-02   4.4795547e-02   7.0544677e-04  -6.4215633e-04   1.0281304e-04
   1.6031212e-02   3.5970537e-02   2.1116328e-01  -6.7936575e-04  -3.6950852e-04   3.3800333e-04
   2.3112884e-02   7.6784224e-02   5.3017377e-02  -8.7840714e-04  -7.9148309e-04   4.3177849e-04
   4.8698184e-03   6.1065181e-02   1.4282926e-01  -2.1449653e-04  -1.7135344e-04   3.6021830e-04
   2.2363791e-02   5.9938723e-02   1.9830626e-01  -1.0958185e-03  -2.2232054e-04   5.6447544e-04
   2.2012313e-02  -2.4134057e-02   9.3399722e-02  -3.1814004e-04  -4.9636902e-04   7.1103229e-04
   1.3120446e-02   6.0988210e-02   2.3568033e-01  -1.7804954e-03  -1.2791981e-04   6.6369939e-04
   4.6085852e-02   6.3897533e-02   2.6230304e-01  -2.3039085e-03  -9.6313826e-04   7.8618302e-04
   5.3698099e-02   7.3970274e-02   2.4365148e-01  -1.8910582e-03  -1.1832375e-03   1.0040180e-03
   6.2207274e-02  -2.8835567e-02   3.0787126e-01  -1.6995263e-03  -8.3043710e-04   1.0225364e-03
   6.7363432e-02   1.4544761e-01   1.5721855e-01  -2.1632173e-03  -1.4067321e-03   9.3436571e-04
   7.8318704e-02   2.0415287e-02   2.4489929e-01  -1.9413216e-03  -1.1098889e-03   9.4424930e-04
   6.9538738e-02   3.5434317e-02   2.7695672e-01  -2.2737108e-03  -1.1551062e-03   1.2483485e-03
   2.2821624e-02   9.5598885e-02   1.4638069e-01  -2.0361291e-03  -8.7674301e-04   1.1180344e-03
   4.2080254e-02   4.6607417e-02   2.0377605e-01  -1.3773002e-03  -8.8901324e-04   1.0107900e-03
   3.7928706e-02   6.6284451e-02   2.2867143e-01  -1.2939734e-03  -8.1469161e-04   1.0495792e-03
   3.7213094e-02   1.0398161e-01   1.7206483e-01  -1.0061471e-03  -1.4693599e-03   8.8680953e-04
   1.4956873e-02   2.2357721e-02   2.2995096e-01  -5.0018436e-04  -4.6755216e-04   7.4710212e-04
   4.7009452e-02   6.3192701e-02   3.3391158e-01  -1.1784292e-03  -8.9075646e-04   8.0478059e-04
   3.6832392e-02   5.6863049e-02   2.1166349e-01  -1.1014935e-03  -1.1536058e-03   9.0953177e-04
   4.2657926e-02  -4.0847009e-02   2.9542048e-01  -7.4169265e-04  -5.9470480e-04   8.3939476e-04
   4.7707888e-02   7.0890637e-02   1.8049234e-01  -1.0060854e-03  -1.3581353e-03   1.0157398e-03
   3.5784346e-02  -1.2575193e-02   2.9809682e-01  -1.0057292e-03  -7.1353944e-04   5.7697364e-04
   3.2025708e-02  -2.5562024e-03   1.1597919e-01  -2.9864930e-04  -1.3168597e-03   5.7087822e-04
   4.4589983e-02  -3.8706278e-03   2.6875781e-01  -5.7046124e-04  -9.8272944e-04   6.8811932e-04
   4.4383584e-02   8.5952677e-02   1.5218327e-01  -9.4239727e-04  -1.5461210e-03   9.9776933e-04
   2.8439553e-02   4.2473053e-02   2.6483038e-01  -1.4866536e-03  -8.4674365e-04   8.6547492e-04
   5.1880302e-02   5.9300981e-02   2.9654474e-01  -1.5055785e-03  -1.4989580e-03   8.4366564e-04
   3.2023064e-02   2.9394417e-02   1.6931928e-01  -1.0189876e-03  -1.5677279e-03   6.6705056e-04
   2.8630311e-02   1.0534840e-01   2.7973721e-01  -1.3505197e-03  -1.2067658e-03   8.6747418e-04
   2.4964619e-02   2.5438296e-02   2.4753434e-01  -1.7787541e-03  -1.0596359e-03   8.4923798e-04
   2.7837184e-02   3.0957094e-02   1.2530749e-01  -9.0409904e-04  -1.2385435e-03   8.4764424e-04
   2.0582589e-02   6.5155051e-02   2.6606684e-01  -1.8586931e-03  -5.4868959e-04   9.7302319e-04
   4.8109784e-02  -3.9324951e-02   2.9797934e-01  -1.5573880e-03  -9.9515364e-04   1.0455456e-03
   5.5420769e-02  -9.4260204e-03   1.3867188e-01  -1.2163214e-03  -1.4304036e-03   7.8716481e-04
   4.8215815e-02   1.5713624e-01   2.5135896e-01  -2.0019951e-03  -1.0837900e-03   8.2156448e-04
   2.4684643e-02   2.2133554e-02   2.1251475e-01  -1.8111200e-03  -5.9153764e-04   1.1919106e-03
   3.5587787e-02   7.7659086e-02   1.6041281e-01  -9.4998769e-04  -1.0596715e-03   1.2264947e-03
   2.6109220e-02   5.5589242e-02   3.1343246e-01  -1.6964497e-03  -4.1695806e-04   1.0450727e-03
   2.8004225e-02   6.7172332e-02   2.3053089e-01  -1.4725463e-03  -7.9071356e-04   9.6145333e-04
   2.8259814e-02  -2.4835122e-02   1.6206071e-01  -1.6888448e-04  -6.8108881e-04   9.5823806e-04
   3.7006102e-02   1.2994864e-01   3.1789737e-01  -1.5409509e-03  -3.6317685e-04   1.1804974e-03
   4.2770884e-02   1.3546237e-02   1.9032101e-01  -1.4222270e-03  -7.9652140e-04   1.0818965e-03
   2.2214904e-02   3.9280602e-02   2.2689492e-01  -9.0925650e-04  -4.7901633e-04   1.0713669e-03
   3.8887425e-02   1.1167318e-01   3.1233152e-01  -2.0842482e-03  -6.3863709e-04   1.1956242e-03
   2.1390458e-02   1.4343108e-02   1.3688160e-01  -1.4711915e-03  -1.0242169e-03   1.0541654e-03
   3.3075007e-02   7.5140714e-02   2.4658816e-01  -1.3351072e-03  -9.3409368e-04   8.2856321e-04
   1.8913633e-02   5.6150917e-02   2.6959873e-01  -1.8619005e-03  -4.6005469e-04   9.7690017e-04
   4.1046241e-03   2.3475440e-02   1.6207842e-01  -8.2264676e-04  -3.3178202e-04   7.2888816e-04
   1.7354256e-03   2.1183949e-01   2.2953276e-01  -2.4432690e-03  -3.3674926e-04   9.5230956e-04
  -3.3370302e-03   1.0243535e-01   1.4439220e-01  -1.8641313e-03  -4.5195062e-04   8.9278798e-04
   1.4144967e-02   5.7867042e-02   3.0484541e-01  -1.2841320e-03  -2.5193373e-04   4.3623546e-04
   2.0843993e-02   5.3540766e-02   1.2691371e-01  -1.6698354e-03  -5.0504032e-04   8.4496693e-04
  -3.3153610e-03   5.3458193e-02   2.4773134e-01  -1.7647931e-03   3.7972584e-04   7.7176284e-04
   8.0440312e-03   6.6777116e-02   1.8853146e-01  -2.0601261e-03   8.9486181e-05   9.2329904e-04
   4.8445229e-04   3.9703994e-02   9.9029224e-02  -1.1373107e-03  -1.0280933e-04   7.0082789e-04
   1.6335793e-02   1.2174478e-01   2.3875651e-01  -2.0541533e-03  -1.7530990e-06   1.1245447e-03
  -5.1499988e-03   8.8370907e-02   1.7926748e-01  -2.3705786e-03   1.6085237e-04   1.2985985e-03
   1.5126317e-02   6.8602910e-02   1.1422605e-01  -1.0431995e-03  -4.9726674e-04   1.1041752e-03
   4.1975156e-03   1.6498877e-01   2.8037920e-01  -2.1862245e-03   1.7516084e-04   1.1784341e-03
   3.1274386e-02   9.7005621e-02   2.4064487e-01  -2.1624699e-03  -3.6952150e-04   1.3843687e-03
  -5.4039656e-04   9.1567060e-02   1.4758549e-01  -1.4557051e-03   4.8618702e-05   1.0945267e-03
   1.6519118e-02   2.1031859e-01   2.7353102e-01  -2.3426090e-03  -6.5629517e-05   1.2122955e-03
   2.0887384e-02   3.6819144e-02   2.4867739e-01  -2.2428474e-03   8.9267967e-05   1.3946524e-03
   1.7648868e-02   1.2841592e-01   9.9191583e-02  -2.1395063e-03  -2.1495908e-04   1.2470868e-03
   4.3052195e-02   8.3814099e-02   2.6881668e-01  -2.0491571e-03  -2.3009824e-04   1.3219011e-03
   1.1836341e-02   7.3049712e-02   2.4310131e-01  -2.7203672e-03   2.4955531e-04   1.5653783e-03
   7.4007712e-03  -5.5329996e-02   1.4534696e-01  -1.0472126e-03   2.9092921e-04   1.0328578e-03
  -2.9458487e-03   1.0402415e-01   2.7268747e-01  -1.7157716e-03   2.4177616e-04   9.6348350e-04
   1.1868413e-02   8.4413891e-02   1.9503336e-01  -1.9123355e-03  -1.7444891e-04   1.2141151e-03
  -6.7988986e-03   7.9878040e-02   1.6969549e-01  -1.2546103e-03   1.6650992e-04   1.0523090e-03
   1.3431733e-02   8.2306810e-02   2.7542312e-01  -1.8169394e-03   2.4817310e-04   1.1379921e-03
   1.6487854e-02   6.8298104e-02   1.7223044e-01  -2.0203830e-03  -5.0845729e-04   1.1711957e-03
   1.1142300e-02   1.6267349e-02   2.1387698e-01  -1.2754911e-03  -1.7431082e-04   9.9297618e-04
   2.9661177e-02   8.8286246e-02   2.3233262e-01  -2.1196404e-03  -7.7929240e-04   1.2720270e-03
  -1.0549847e-02  -2.5752132e-02   1.6785159e-01  -9.5089701e-04  -1.8014349e-05   9.7655971e-04
  -1.1356485e-03   1.8444835e-01   2.8129061e-01  -2.3996680e-03  -2.4330014e-04   1.1893295e-03
  -2.1095056e-02   1.7448564e-02   1.2431767e-01  -1.0073244e-03  -7.5579922e-05   8.4114143e-04
  -3.0138547e-03   1.3810607e-01   3.3646409e-01  -2.1403838e-03  -1.3950059e-05   1.1225970e-03
  -4.6878060e-03  -1.6060781e-01   1.5372992e-01  -1.1183651e-04  -1.3659158e-04   7.5939206e-04
  -1.4903583e-02   2.7324785e-01   2.0527549e-01  -2.1972092e-03  -7.0626214e-04   1.0810102e-03
  -6.1626288e-03   5.7780028e-02   2.5477623e-01  -1.4004953e-03  -3.8203082e-04   1.1565990e-03
   3.3640434e-03   9.0450677e-02   3.2562767e-01  -1.9675886e-03  -6.7299921e-04   1.0223828e-03
  -4.6611668e-03   3.6872629e-02   2.4507756e-01  -9.4327771e-04  -4.6648893e-04   1.0284692e-03
   1.8097643e-02   3.5670712e-02   3.3852096e-01  -1.2243970e-03  -4.6005214e-04   1.0893099e-03
   2.6526603e-02   1.8154650e-03   3.2124549e-01  -1.7097513e-03  -7.0074600e-04   1.3010759e-03
   7.2355968e-03   4.5757105e-02   2.7650225e-01  -1.4161107e-03  -6.5824605e-04   1.2112214e-03
   1.6547319e-02   3.8805878e-02   3.5311188e-01  -1.5420894e-03  -5.7663379e-04   1.1437461e-03
   1.5848275e-02   8.6247213e-02   3.1337865e-01  -2.0641722e-03  -6.3988207e-04   1.1632382e-03
  -7.3400974e-03  -6.6698350e-02   2.3517195e-01  -9.1632248e-04  -1.3272886e-05   9.6775016e-04
   9.2255181e-03   1.7520835e-01   3.2821356e-01  -1.8944277e-03  -3.2747262e-04   1.0529627e-03
   1.7660414e-02   1.0509731e-01   1.6493498e-01  -1.4991811e-03  -8.4217615e-04   1.2526651e-03
   2.0206806e-02   7.5793875e-02   4.6625130e-01  -2.1213997e-03   1.8130347e-04   1.0878837e-03
   2.8665252e-02  -2.4189324e-01   2.9796186e-01   6.5324400e-04  -1.7874212e-04   1.0870643e-03
   2.4489335e-02   2.6445189e-01   3.1360837e-01  -2.2741632e-03  -5.6554816e-04   1.4764978e-03
   4.2061573e-02   8.2313768e-02   4.2814957e-01  -2.0816408e-03  -5.1132949e-04   1.4538428e-03
   4.9356625e-02   7.4749595e-02   2.5268112e-01  -2.1825517e-03  -9.4436946e-04   1.4771722e-03
   1.8438340e-02   1.1884896e-01   3.5229013e-01  -1.8155372e-03  -1.8379498e-04   1.2836581e-03
   3.0664813e-02   7.1392981e-02   3.8118642e-01  -1.8903194e-03  -4.6034111e-04   1.2844478e-03
   1.8512724e-02   4.2637070e-02   3.6694200e-01  -1.2926408e-03  -2.0032288e-04   1.2490183e-03
   2.1230758e-02   7.4959670e-02   4.0953724e-01  -1.9561682e-03  -3.9088658e-04   1.2072543e-03
   5.9301776e-03  -7.9683313e-02   4.3294751e-01  -1.2065070e-03   3.5098207e-04   9.2869796e-04
   1.5984849e-02   7.0678987e-02   3.1548076e-01  -1.6158026e-03  -2.9012267e-04   1.2514510e-03
   3.5730750e-02  -1.4198778e-02   4.6093021e-01  -1.4334630e-03   1.8639252e-04   1.3442235e-03
   4.3019227e-02  -4.5485708e-02   3.2589005e-01  -1.2761122e-03   2.9280045e-06   1.4214886e-03
   3.4005555e-02   2.2286648e-02   4.0924584e-01  -1.6076952e-03   3.6091493e-04   1.2684512e-03
   1.3901227e-02   1.7671616e-02   2.8831485e-01  -1.6069476e-03   2.4150300e-04   1.0554965e-03
   1.4508192e-02  -6.5159297e-02   3.3917743e-01  -7.3383485e-04   5.0654118e-04   9.5181562e-04
   2.5470861e-02   5.9017226e-02   2.1499631e-01  -1.3595359e-03  -7.8257566e-05   1.1365535e-03
   5.1573865e-03   1.6573402e-01   3.5303615e-01  -2.3379311e-03   5.2856781e-04   1.1889117e-03
   2.4115455e-02  -1.7393138e-02   2.7525251e-01  -1.2817006e-03   4.1845027e-04   9.9770326e-04
   9.1265987e-03   1.8258238e-01   2.2512869e-01  -2.4077245e-03   6.0429219e-04   1.1242664e-03
   4.8332865e-03   8.2635663e-02   3.0329943e-01  -2.2389427e-03   1.1077000e-03   1.0939786e-03
   2.4592544e-02   1.0428358e-01   2.0057299e-01  -2.1394227e-03   6.6083419e-04   1.2202253e-03
   6.2832756e-03  -4.9183596e-02   3.3392262e-01  -2.1979519e-03   1.4607600e-03   1.1378287e-03
  -3.2726774e-02  -8.8642004e-02   3.5208097e-02  -1.4948456e-04   1.6733053e-03   9.0444223e-04
  -2.5815191e-02   1.4660872e-01   2.1636976e-01  -1.6402875e-03   1.8893893e-03   1.0510093e-03
  -3.8269525e-02  -1.6303199e-02   8.0053700e-02  -1.0425082e-03   2.0470737e-03   8.1369991e-04
  -2.6619244e-02   1.1254317e-01   1.7724722e-01  -1.6358921e-03   1.8886390e-03   8.2349654e-04
  -1.1499957e-02   5.5988250e-02   5.6868487e-02  -1.9894864e-03   1.3957825e-03   8.5203778e-04
  -3.3597637e-02   1.7193757e-01   1.2940375e-01  -2.5357359e-03   2.0474876e-03   8.8272514e-04
   4.8625940e-03   1.4517218e-01   9.1390228e-02  -3.1625902e-03   1.2854058e-03   1.0470472e-03
  -4.4782438e-02   1.9433094e-01   1.3488064e-01  -3.4799994e-03   2.0776569e-03   1.0586570e-03
  -3.2856023e-02   1.5111351e-01   2.3243481e-01  -3.1613334e-03   1.9424061e-03   1.2348908e-03
  -6.0089895e-02  -9.5654011e-02   1.6886908e-01  -1.6805241e-03   2.3857012e-03   1.0704162e-03
  -6.6293710e-02   8.1465383e-02   2.4235832e-01  -2.1157511e-03   2.4911221e-03   1.0457601e-03
  -7.0093197e-02  -1.4661273e-02   8.6738067e-02  -1.3913578e-03   2.4038976e-03   1.1996119e-03
  -9.0793645e-02   1.0273676e-01   2.7179655e-01  -2.3497446e-03   3.1152807e-03   1.0969351e-03
  -7.0730849e-02   3.7901895e-02   7.6206938e-02  -1.9405218e-03   2.5201537e-03   9.0875484e-04
  -5.3622453e-02   1.0028464e-01   2.0150022e-01  -2.0277020e-03   2.5303081e-03   1.1579013e-03
  -6.7304351e-02   1.3965974e-01   1.2433437e-01  -2.2364108e-03   2.6741977e-03   1.0374820e-03
  -5.0870520e-02   1.9816393e-01   1.4941475e-01  -2.7212876e-03   2.4742130e-03   1.1873185e-03
  -3.9006912e-02   1.7461512e-01   1.9978961e-01  -2.7045984e-03   2.2529014e-03   1.2903383e-03
  -4.0253386e-02   1.3013634e-01   2.3375040e-01  -3.6576337e-03   2.1953249e-03   1.3801376e-03
  -6.5113975e-02  -1.3940768e-01   2.3228383e-01  -1.1091729e-03   2.7109153e-03   1.0945376e-03
  -7.9078142e-02   7.1220306e-02   1.3781748e-01  -1.7803379e-03   2.6155604e-03   1.0381149e-03
  -3.9735434e-02   1.6113219e-01   2.5173796e-01  -3.3335181e-03   2.0469845e-03   1.4194455e-03
  -3.3512851e-02  -6.8443202e-02   2.4864413e-01  -1.8944022e-03   2.1244096e-03   1.3212858e-03
  -5.6767786e-02   8.7247627e-02   2.4792658e-01  -3.7212555e-03   2.3899418e-03   1.2110510e-03
  -4.8849153e-02   8.1474961e-03   2.3467132e-01  -1.7553571e-03   2.2115975e-03   1.2879766e-03
  -6.7216125e-02   1.4959092e-01   2.8440042e-01  -2.2397581e-03   2.3400116e-03   1.4584679e-03
  -7.4036784e-02   5.3076477e-02   1.4708677e-01  -1.5953386e-03   2.3926005e-03   1.4081219e-03
  -6.9590836e-02   2.9657057e-01   2.5751825e-01  -3.2457898e-03   2.3547521e-03   1.6504973e-03
  -4.8803056e-02   2.1377810e-01   3.0244951e-01  -4.6826196e-03   2.3053665e-03   1.9775108e-03
  -1.0054506e-02   1.6584456e-01   3.6142474e-01  -4.7229264e-03   1.9957177e-03   2.3681346e-03
  -3.9920136e-02  -1.3798951e-02   3.6071652e-01  -3.3292201e-03   2.6695916e-03   2.0755772e-03
  -4.8212922e-02  -1.3597025e-02   3.0214557e-01  -1.8947266e-03   2.5423530e-03   1.9077983e-03
  -5.6318981e-02  -1.3695611e-01   3.5752922e-01  -1.8570884e-03   2.9599173e-03   1.5274940e-03
  -6.5533931e-02   1.4804351e-01   2.7931650e-01  -2.7293954e-03   2.8857062e-03   2.0488735e-03
  -5.4636206e-02   4.3198381e-04   3.1685431e-01  -1.6582553e-03   2.9583635e-03   1.7247583e-03
  -5.5025331e-02   1.4554274e-01   2.8949582e-01  -2.6279420e-03   2.8069770e-03   1.9929729e-03
  -7.2335123e-02   1.2571766e-01   2.7165846e-01  -1.5299247e-03   3.0017888e-03   1.6672255e-03
  -6.0375095e-02   1.6155250e-01   3.9319407e-01  -2.0864832e-03   3.0707977e-03   1.6430417e-03
  -6.0694398e-02   5.9931800e-02   2.7628350e-01  -1.7410882e-03   2.8766763e-03   1.7032353e-03
  -5.1698282e-02   7.2789942e-02   4.8842842e-01  -2.2996051e-03   3.1586621e-03   1.7871323e-03
  -5.2289528e-02   6.4802175e-02   3.3499989e-01  -2.4765313e-03   2.9141151e-03   1.9052641e-03
  -5.7602667e-02   4.5896224e-02   3.9675831e-01  -2.6603593e-03   3.1986787e-03   1.7026519e-03
  -4.3322071e-02   1.1072761e-01   3.7361639e-01  -2.8405146e-03   2.8142072e-03   2.0057444e-03
  -7.1272208e-02   1.6018377e-01   4.0081478e-01  -2.9602045e-03   3.3019517e-03   2.2611623e-03
  -4.6316665e-02   7.1399684e-02   4.5994300e-01  -3.1154801e-03   3.2744685e-03   2.0089922e-03
  -3.6376732e-02   6.9892140e-02   3.9888359e-01  -3.3572500e-03   3.0040598e-03   2.2952970e-03
  -5.7910077e-02   2.1331014e-02   3.6036134e-01  -2.4776706e-03   3.2352205e-03   2.1651351e-03
  -3.1630311e-02   8.8385624e-02   4.8234443e-01  -3.2525413e-03   3.1695380e-03   2.2175100e-03
  -4.6410974e-02   1.1774025e-01   3.2742029e-01  -3.2151170e-03   2.8883850e-03   2.3764155e-03
  -3.2261218e-02  -4.8142514e-02   4.3165672e-01  -2.1404998e-03   3.1075635e-03   2.1443803e-03
  -3.5474621e-02   1.7202764e-01   3.7852381e-01  -3.5345205e-03   2.7475117e-03   2.2533672e-03
  -5.6556576e-02  -3.8586433e-02   2.7618697e-01  -1.8262827e-03   3.0494274e-03   1.9403050e-03
  -2.6643978e-02   1.1536900e-01   4.3978885e-01  -2.9174407e-03   2.7968233e-03   1.9893518e-03
  -4.8673621e-02  -2.1175392e-02   3.4817198e-01  -2.4728810e-03   3.2273212e-03   1.9649000e-03
  -2.6686615e-02   2.1829333e-01   4.1030054e-01  -3.6366186e-03   2.9987563e-03   2.2631077e-03
  -2.0602777e-02   1.6387087e-01   3.5161997e-01  -4.1483394e-03   2.5723356e-03   2.2035547e-03
  -4.2629146e-02  -1.0914012e-02   2.8328367e-01  -2.5039408e-03   2.7186639e-03   1.8728646e-03
  -5.0837832e-02   1.5715309e-01   3.4984734e-01  -3.1342802e-03   2.6934216e-03   1.8252631e-03
  -5.2646911e-02  -4.3089333e-04   2.8467209e-01  -1.7589246e-03   3.0017868e-03   1.9228995e-03
  -3.6985627e-02   1.4748519e-01   4.0076474e-01  -3.1962691e-03   2.8975977e-03   1.9428755e-03
  -3.4362841e-02   8.8398692e-02   2.2718209e-01  -2.7426658e-03   2.5037926e-03   2.0483045e-03
  -2.1528534e-02   9.4852929e-02   3.7815928e-01  -3.0158303e-03   2.7271729e-03   2.0922138e-03
  -3.5605773e-02   7.1199161e-02   2.6165452e-01  -3.1800632e-03   2.6955869e-03   2.1707732e-03
  -1.3708715e-02   9.0101137e-02   2.9729115e-01  -2.2690175e-03   2.4156413e-03   2.0611407e-03
  -3.5831343e-02   9.1565310e-02   3.8159559e-01  -2.5906321e-03   2.7194470e-03   1.8152681e-03
  -3.5580019e-02   9.8393930e-03   2.7120552e-01  -1.9552604e-03   2.7961453e-03   1.8420676e-03
  -5.0214947e-02   7.5856383e-02   3.7391756e-01  -2.8691181e-03   3.2922833e-03   1.7095202e-03
  -6.8749546e-02   4.6909479e-02   2.1904363e-01  -2.1722038e-03   3.1007721e-03   1.6214296e-03
  -4.9948037e-02   1.5304133e-01   3.5656036e-01  -2.8206995e-03   3.0708612e-03   1.8985474e-03
  -4.2179689e-02   3.0932203e-02   4.1720017e-01  -3.0338238e-03   3.2190959e-03   2.0151639e-03
  -3.6380756e-02  -7.0114048e-02   2.9340413e-01  -2.1322379e-03   2.9863495e-03   1.6038991e-03
  -5.4746599e-02   1.9812688e-01   3.5363305e-01  -3.2876923e-03   3.3710147e-03   1.8693563e-03
  -4.0318573e-02   5.0243556e-02   2.3014764e-01  -2.2403893e-03   3.1657418e-03   1.6685053e-03
  -4.8349570e-02   2.3641279e-01   2.8173439e-01  -3.0753265e-03   3.3492810e-03   1.8992313e-03
  -3.7773934e-02   6.7616483e-02   3.5560504e-01  -2.7280043e-03   3.2539521e-03   1.7938132e-03
  -2.9855347e-02  -8.8077407e-03   3.6870773e-01  -2.8293107e-03   3.0137760e-03   1.7947425e-03
  -6.6458127e-02  -4.6588547e-02   2.2962688e-01  -1.3062834e-03   3.1286397e-03   1.5961132e-03
  -5.4123358e-02   1.3372285e-01   4.0470275e-01  -2.6961654e-03   3.0651388e-03   1.8579327e-03
  -7.5778966e-02  -4.3604324e-01   5.1188838e-01   7.1201090e-04   4.8763408e-03   9.8919114e-04
  -6.2152858e-02   8.0415945e-02   2.8392584e-01  -9.7854842e-04   3.4214344e-03   1.5568962e-03
  -4.1526905e-02   3.1538636e-01   2.6278181e-01  -2.4319829e-03   2.3902976e-03   1.9881555e-03
  -8.3425260e-02   1.2115791e-01   3.4522330e-01  -2.2970165e-03   3.9426327e-03   1.9864512e-03
  -4.9993020e-02   1.8284038e-01   3.4088297e-01  -3.3166635e-03   3.3220672e-03   2.1976579e-03
  -7.5793346e-02   5.5907478e-02   3.2582989e-01  -1.4384253e-03   3.8245256e-03   1.8082445e-03
  -4.6122787e-02   1.8217635e-01   4.2997580e-01  -3.2371381e-03   3.3394330e-03   2.1214703e-03
  -4.5186687e-02  -6.1758464e-03   4.6079938e-01  -2.5610617e-03   3.6453800e-03   1.9051498e-03
  -4.6799468e-02   1.7070214e-01   4.2657175e-01  -3.8560305e-03   3.3252803e-03   2.1428672e-03
  -6.8880912e-02   6.8835685e-02   4.1945085e-01  -2.9567452e-03   3.9749913e-03   2.2639219e-03
  -4.2996355e-02   1.3658736e-01   5.2759011e-01  -4.0617676e-03   3.7959022e-03   2.3864964e-03
  -2.8433683e-02  -3.1494917e-02   4.3055396e-01  -3.0294690e-03   3.7087282e-03   2.2051926e-03
   1.2455048e-02   1.9128423e-01   5.0855995e-01  -4.3527167e-03   3.0078683e-03   2.5425628e-03
  -5.0474979e-03   1.3280370e-01   4.4607929e-01  -3.5398851e-03   3.2008051e-03   2.4728781e-03
  -1.6379227e-02   1.4664263e-01   5.1511417e-01  -4.0695502e-03   3.5831331e-03   2.4353287e-03
   6.0791529e-05   1.2326343e-01   4.5243293e-01  -4.2942224e-03   3.1579594e-03   2.7721449e-03
  -4.0903899e-02  -8.6289888e-02   5.1358234e-01  -2.6362689e-03   4.1064657e-03   2.1470931e-03
  -8.0154586e-02   3.3732410e-02   3.2430327e-01  -2.6876808e-03   4.1052016e-03   2.1503375e-03
  -4.6047839e-02  -4.9105033e-03   4.5568259e-01  -2.0488489e-03   3.8523598e-03   2.1073237e-03
  -4.8767847e-02   1.0542649e-01   3.7679375e-01  -3.4161598e-03   3.7311801e-03   2.2157642e-03
  -4.6416857e-02   8.6731355e-02   4.7557941e-01  -3.3384227e-03   3.9621577e-03   2.3600629e-03
  -5.8687160e-02   6.4357296e-02   3.7401149e-01  -2.8127523e-03   3.8326811e-03   2.3670043e-03
  -4.0662417e-02   1.2678245e-01   4.2223326e-01  -3.2154473e-03   3.7760836e-03   2.5510818e-03
  -6.8441754e-02   5.0264246e-02   3.4590487e-01  -2.8554831e-03   4.0005870e-03   2.3600473e-03
  -7.1784954e-02   5.4268562e-02   3.4863776e-01  -1.8827741e-03   4.1315865e-03   2.2049225e-03
  -4.4297078e-02   5.2420693e-02   4.6756868e-01  -2.9923430e-03   4.0916060e-03   2.3345570e-03
  -2.9570443e-02  -1.1847916e-02   3.6359725e-01  -2.6953013e-03   3.5091258e-03   2.3369932e-03
  -3.9738037e-02   3.0659361e-02   3.8917095e-01  -2.4797577e-03   3.7753127e-03   2.2817154e-03
  -1.8649718e-02   8.7086893e-02   4.6809570e-01  -3.3231923e-03   3.7595688e-03   2.4538220e-03
  -3.7030695e-02   1.1838790e-01   3.5178585e-01  -3.3842448e-03   3.7082044e-03   2.5843189e-03
  -7.6784965e-03   8.7344999e-02   4.1846367e-01  -2.4024395e-03   3.3353626e-03   2.5802546e-03
   1.7404090e-03   6.1737572e-02   5.4263787e-01  -3.7831885e-03   3.3222390e-03   2.6244271e-03
  -1.9751786e-02   1.0066853e-01   3.9211704e-01  -3.6119274e-03   3.3015025e-03   2.7295885e-03
  -2.7728972e-02   7.9695372e-02   4.2320773e-01  -3.2077395e-03   3.6685269e-03   2.6515990e-03
   2.8799035e-03   1.1136257e-01   4.9616856e-01  -4.4393486e-03   3.6111778e-03   3.0167971e-03
   2.1945733e-02   1.2448862e-01   4.2532067e-01  -4.1570608e-03   3.1740947e-03   3.1748367e-03
   2.4215059e-02   7.0249074e-02   5.4208021e-01  -4.0802414e-03   3.3198394e-03   3.0885593e-03
   1.3153944e-02   6.3768851e-02   4.0067147e-01  -3.5917148e-03   2.8582800e-03   2.8206986e-03
  -1.1646636e-02   7.1291670e-02   3.7135415e-01  -2.7028165e-03   3.3307931e-03   2.8233285e-03
  -1.1671988e-03   1.7268673e-01   5.1757570e-01  -3.5114120e-03   3.5234001e-03   2.8765524e-03
   9.6536275e-03   7.4810021e-02   3.4701899e-01  -3.1599401e-03   3.0279031e-03   2.9281323e-03
   3.0095665e-03   7.3059715e-02   3.7043546e-01  -2.8896844e-03   3.2269986e-03   2.7922604e-03
   1.1320290e-02   1.6989133e-01   4.5766797e-01  -3.9935626e-03   3.2377394e-03   2.9049664e-03
  -4.4286976e-03   5.7200524e-02   2.8962340e-01  -3.0314876e-03   3.0026203e-03   2.6492613e-03
   1.2859598e-02  -9.8229848e-03   4.5505274e-01  -2.4280778e-03   3.2759456e-03   2.6580256e-03
   1.2762446e-02   9.7168819e-02   4.5144051e-01  -3.3831299e-03   3.0304516e-03   2.7689046e-03
  -1.7319135e-03   1.3533263e-01   3.4942051e-01  -3.1022545e-03   3.0810973e-03   2.8488048e-03
   1.8204984e-02   9.0945225e-02   5.3251050e-01  -3.9528026e-03   3.5606902e-03   2.9823079e-03
   1.0361613e-02   7.3025238e-03   3.5643493e-01  -2.8452670e-03   3.2347431e-03   2.7712728e-03
   1.1777289e-02   2.5702853e-01   5.1014195e-01  -4.3747222e-03   3.1471055e-03   2.7818696e-03
  -2.7258476e-03   8.4205549e-02   3.1591295e-01  -3.0497511e-03   2.8783526e-03   2.7448328e-03
   1.6324326e-02   1.4077282e-01   4.4725246e-01  -3.5324918e-03   2.8533247e-03   2.8770410e-03
  -4.5586043e-03   1.2379043e-01   3.7508946e-01  -3.8476912e-03   2.8590316e-03   2.7783901e-03
  -6.5313469e-03   7.3593266e-02   4.5232593e-01  -3.2134589e-03   3.3300170e-03   2.6760992e-03
   3.3798237e-03   2.0249735e-01   4.6195871e-01  -4.1819918e-03   3.2034137e-03   2.9883050e-03
  -1.5840129e-02   1.0742567e-01   3.9415362e-01  -3.0060213e-03   3.4204323e-03   2.8018727e-03
  -3.0078758e-04   2.7166512e-01   4.0945140e-01  -4.6390397e-03   2.8816531e-03   3.0511269e-03
  -1.9920779e-02   6.2099881e-02   3.2182328e-01  -3.0259465e-03   3.0590499e-03   2.7078138e-03
   1.5873500e-03   1.6310606e-01   4.6238936e-01  -4.0686662e-03   3.0162199e-03   2.9293353e-03
  -2.1298193e-02   1.6581025e-01   2.9776648e-01  -3.9554033e-03   2.9858598e-03   2.9267118e-03
   1.1633518e-02   1.0327335e-01   4.4568722e-01  -3.5338300e-03   2.9000139e-03   2.9987346e-03
   6.3321760e-03   1.5936959e-01   3.8185769e-01  -4.2075222e-03   2.6861441e-03   3.0288574e-03
  -1.0424782e-02   1.3569900e-01   3.2538930e-01  -3.8102303e-03   3.0431041e-03   3.1643733e-03
   1.4264447e-04   1.3267436e-01   3.9911100e-01  -4.0064695e-03   3.1206881e-03   3.0061104e-03
  -6.2866312e-04   1.3822417e-01   4.0851260e-01  -4.2543268e-03   3.2296461e-03   3.0861678e-03
  -1.5671038e-02   1.4797898e-01   2.6556660e-01  -3.9627884e-03   3.3020083e-03   3.1289678e-03
   3.6227254e-02   2.5298527e-01   4.2843912e-01  -4.7212624e-03   2.8338866e-03   3.5854846e-03
   2.4893378e-02   2.0744609e-01   4.2881766e-01  -5.3428653e-03   2.8681301e-03   3.5837627e-03
  -1.5230199e-02  -6.2097674e-02   4.5997898e-01  -3.5180016e-03   3.9116110e-03   3.0029216e-03
   1.0549887e-02   1.6669482e-01   3.4435752e-01  -4.6575083e-03   2.9845625e-03   3.2614320e-03
   1.1847574e-02   2.4681359e-01   4.2627364e-01  -5.0832613e-03   3.2051845e-03   3.5778651e-03
   7.6663349e-03  -2.1565270e-02   4.6904018e-01  -4.2009474e-03   3.5746479e-03   3.1846592e-03
  -1.5986182e-02   9.4641036e-02   3.3664613e-01  -3.1902028e-03   3.3950568e-03   2.9871158e-03
  -4.6105052e-04   6.1298427e-02   4.8771076e-01  -3.1439477e-03   3.4953019e-03   2.9625557e-03
  -8.4715479e-03   6.3356867e-03   2.7836465e-01  -2.9934989e-03   3.0319451e-03   2.9036729e-03
  -8.6324550e-03   1.3769500e-01   4.7062004e-01  -3.7775937e-03   3.5046195e-03   2.9908894e-03
  -6.3652841e-03   7.2768697e-02   3.2170828e-01  -3.6997254e-03   3.0855767e-03   2.9466184e-03
   6.6762595e-05   1.1429462e-01   3.8950207e-01  -3.2320865e-03   3.2433881e-03   2.8754137e-03
   1.1242644e-02   1.2626200e-01   4.5329215e-01  -3.6582388e-03   3.3411268e-03   2.9492358e-03
   1.5456230e-02   1.6102042e-01   3.9781466e-01  -3.9238725e-03   3.1574006e-03   3.1035704e-03
   2.6059620e-02   3.6044430e-02   4.1946720e-01  -2.9054211e-03   3.2921943e-03   3.0722149e-03
   2.4325483e-02   1.6537751e-01   4.8205495e-01  -3.8774776e-03   3.2734894e-03   3.2183187e-03
   2.1168062e-02   1.5665640e-02   4.1780847e-01  -2.6335710e-03   3.3194036e-03   3.0182633e-03
   2.1187250e-02   1.1197161e-01   4.4818318e-01  -3.5217702e-03   3.2212117e-03   2.9052551e-03
   6.5372797e-03   8.3213825e-02   2.4761572e-01  -2.9532429e-03   2.8718199e-03   2.8569132e-03
   1.7439993e-02   1.3512063e-01   4.2489625e-01  -2.8886848e-03   2.9338366e-03   2.9989205e-03
   1.1195787e-02   1.0326702e-01   3.2233420e-01  -3.5796715e-03   2.7738535e-03   3.1165973e-03
   9.6858629e-03   9.4165441e-02   3.4212123e-01  -2.7647717e-03   2.7979183e-03   2.9365788e-03
   6.0775870e-04   2.2529957e-01   4.2262333e-01  -4.1077448e-03   2.9661497e-03   3.0411686e-03
   4.8444707e-03   8.4884486e-02   3.1512426e-01  -3.1491608e-03   2.8078900e-03   3.1565675e-03
   3.9266698e-03   4.9336263e-02   4.1568894e-01  -2.9261357e-03   3.0199618e-03   3.0794514e-03
   3.0027441e-03   1.3593706e-01   4.2463347e-01  -4.2821378e-03   3.2048406e-03   3.2823849e-03
  -4.1617916e-03   5.8374045e-02   3.7960759e-01  -3.1535371e-03   3.4574925e-03   3.0569772e-03
   5.6908732e-03   2.4801848e-01   2.7068874e-01  -4.2462372e-03   2.9621901e-03   3.1288449e-03
  -2.1678743e-02   1.6846020e-01   2.6016329e-01  -4.5938253e-03   3.5021376e-03   3.0292832e-03
   1.8589034e-03   9.1572022e-02   3.1847241e-01  -3.9894882e-03   3.1095265e-03   3.1322183e-03
  -1.3913902e-02  -1.7799327e-02   3.3993176e-01  -2.4451075e-03   3.3538720e-03   2.8585558e-03
  -1.1706735e-02   1.2310338e-01   3.6613635e-01  -3.2573704e-03   3.0165301e-03   2.9064565e-03
  -2.1476144e-02   1.4036640e-01   2.6381650e-01  -2.6066445e-03   2.9161163e-03   2.9428130e-03
   5.6215923e-03   8.7650138e-02   4.2433420e-01  -2.9100939e-03   3.2242150e-03   2.9001270e-03
   2.3523690e-05   1.1716410e-01   2.7557018e-01  -3.4582099e-03   3.0301458e-03   3.0981854e-03
