   0.0000000e+00   0.0000000e+00   0.0000000e+00   0.0000000e+00   0.0000000e+00   0.0000000e+00
  -1.1150425e-02  -2.6224591e-02  -3.3062627e-02   6.8984977e-04   1.8233003e-04  -1.7360257e-04
  -3.2271455e-03  -2.7150502e-02  -4.7428438e-02   7.6391973e-04   1.0823561e-04   2.4675953e-04
  -1.5633952e-03  -6.0055916e-02   3.0035735e-02   8.3289266e-04   3.1422355e-04  -1.3406633e-04
  -6.1587557e-03  -5.5198128e-02  -7.5774752e-02   6.1417448e-04   1.2929368e-04   4.1960163e-05
  -1.0239334e-03  -6.8614390e-02  -7.1518978e-03   4.8955428e-04   1.1874468e-04  -2.0649258e-04
   1.7547917e-03  -9.5635625e-03  -6.5457784e-02   7.0181998e-04  -1.3027802e-04  -5.7511598e-05
  -4.1189690e-03  -8.8745412e-02  -3.6687520e-02   9.7745443e-04   3.0629927e-04  -4.8743339e-04
  -9.3988053e-03  -3.9458625e-03  -4.4035299e-02   6.4211919e-04   1.8770571e-04  -1.9938635e-04
  -1.4254614e-02  -4.2625878e-02  -7.0527007e-02   9.2759004e-04   2.4080544e-04  -4.0850514e-04
   3.6766497e-03  -2.1650971e-02  -1.1785406e-02   1.0360997e-03   5.1933937e-05  -2.0221378e-04
  -3.3990692e-03  -1.7807242e-02  -3.4976969e-02   1.0213046e-03   2.6858499e-04  -2.1147848e-04
   7.3677772e-03  -6.3023696e-04   6.3837449e-03   5.1130108e-04   2.9822603e-04   8.2792671e-05
  -5.9117010e-03  -9.4494915e-02  -3.8500596e-02   5.5734045e-04   4.1378250e-04  -7.4458838e-05
   1.3351800e-02  -7.3872880e-02  -7.4832691e-03   9.8719505e-04   5.6902012e-04   3.3162851e-04
   1.9944634e-02  -4.6623221e-02  -1.8969067e-02   1.3239178e-03   1.2536874e-03   4.6129722e-04
   3.2333660e-02  -5.4012967e-02  -1.4199986e-02   5.7552834e-04   1.2014907e-03   5.2324352e-04
   3.3447438e-02  -3.7936387e-02  -3.9266378e-02   5.3388618e-04   1.6196663e-03   1.1682517e-04
   2.1257925e-02   2.5220056e-02  -1.1462894e-01  -1.0021322e-03   1.6992474e-03  -4.1886013e-04
   1.3750955e-02  -2.2195915e-02  -1.6987891e-01  -7.4603341e-04   1.5387401e-03  -4.3064909e-04
   1.0765509e-02   1.5967454e-02  -8.3270333e-02  -6.9383635e-04   1.5291645e-03  -3.5593991e-04
  -3.2370612e-03   4.4991355e-02  -1.4780661e-01  -4.5136632e-04   8.9283753e-04  -5.0478546e-04
   1.1424258e-02  -2.7997682e-02  -5.3025100e-02   2.4180617e-04   4.6162013e-04  -9.5498864e-04
   3.2374822e-03   1.0783871e-02  -6.5018043e-02  -3.6967427e-05   3.2088575e-04  -8.0612454e-04
  -6.3113350e-03   3.4127309e-03  -8.3668653e-02  -4.6824317e-05  -2.1832903e-05  -1.1393130e-03
  -8.6292161e-03  -2.8199126e-03  -2.4770432e-02  -2.9797349e-05  -5.3921632e-05  -1.2859700e-03
  -1.0040972e-02   4.6205699e-05  -5.3974251e-02  -2.5578161e-04  -2.4118088e-04  -1.3135675e-03
  -9.1265040e-03  -5.5074478e-02  -4.5239925e-02   4.4251575e-04  -3.1129065e-04  -1.6622132e-03
  -1.6510466e-02   1.4137474e-02  -8.8219140e-03   4.3128850e-04  -3.0071566e-04  -1.7436431e-03
  -4.2494071e-03  -2.6788324e-02  -5.0907534e-02   1.2227714e-03  -7.2121545e-04  -1.6425267e-03
  -1.1546413e-02  -3.5769958e-02  -1.3087593e-02   1.1516119e-03  -6.0739872e-04  -2.0621644e-03
  -1.1590793e-02   6.8941225e-03  -1.3240222e-02   9.3842513e-04  -6.2396648e-04  -1.8962828e-03
  -1.8994133e-02   1.2346180e-02  -5.7352931e-02   1.1326814e-03  -4.9911133e-04  -2.0949528e-03
  -7.3828849e-03  -1.7776647e-02   2.3181940e-03   8.7765580e-04  -8.6851547e-04  -2.1211367e-03
  -1.1604614e-02   1.4762955e-02  -6.3188075e-02   5.3563995e-04  -9.1708778e-04  -1.9663487e-03
  -4.2089776e-03  -1.0252169e-02  -1.7162875e-02   1.2636971e-03  -1.2493960e-03  -2.3684081e-03
  -3.9847729e-03  -1.5143103e-02   9.2912562e-03   1.1837466e-03  -1.1843116e-03  -2.2375210e-03
  -1.5650015e-02  -3.4669556e-02  -5.1330594e-02   1.2609619e-03  -8.9345399e-04  -2.2463912e-03
  -8.8027873e-03   4.3614262e-02   1.0642760e-02   8.6112536e-04  -9.9041929e-04  -2.3011180e-03
  -8.7230851e-03   6.3080597e-03  -5.3277062e-02   1.0147321e-03  -1.0402635e-03  -2.0649930e-03
  -1.1387085e-03  -2.5739125e-02   1.8133185e-02   4.9383838e-04  -1.1604223e-03  -2.4109337e-03
   2.3744021e-03  -4.4941728e-02  -1.6026973e-03   7.5223866e-04  -1.2688960e-03  -2.0243323e-03
   1.5474425e-03  -1.0439939e-01   9.1343207e-03   1.3688547e-03  -1.1580270e-03  -2.1844179e-03
   2.7677925e-03  -1.1508005e-02   4.3816168e-02   9.5671778e-04  -1.0424747e-03  -1.9525680e-03
  -9.8294852e-03  -4.6388418e-02  -6.2840087e-03   1.0298133e-03  -7.7342893e-04  -2.1558936e-03
  -9.3521091e-04  -3.8359610e-02   5.6379966e-02   9.9125983e-04  -1.0295997e-03  -2.3724589e-03
  -8.0800584e-03  -2.1670392e-02  -1.1657031e-02   1.2745147e-03  -1.0964154e-03  -2.2789615e-03
  -3.6129851e-03  -4.3699947e-02   5.1616360e-02   8.9133286e-04  -9.4881100e-04  -2.4392152e-03
  -1.0762231e-02   7.7027790e-03  -2.7932685e-02   8.4520786e-04  -8.2068214e-04  -2.1352669e-03
   3.1426835e-05  -1.4797044e-02   6.3296200e-02   1.4551031e-03  -1.2339601e-03  -2.4669461e-03
  -1.0556935e-02  -3.6367470e-02   1.8141416e-02   1.4817434e-03  -9.8381036e-04  -2.2634447e-03
  -1.2310465e-02  -3.9583427e-02   2.7228692e-02   1.4391189e-03  -1.1658023e-03  -2.6226891e-03
  -1.2508606e-02   2.8520640e-02   3.0154740e-02   7.8267717e-04  -1.2926447e-03  -2.4831054e-03
  -1.8800035e-02  -3.8018392e-02  -1.4961834e-02   1.2898257e-03  -1.2551627e-03  -2.6241715e-03
  -1.0211268e-02  -4.1928986e-02   8.0167321e-02   1.6702692e-03  -1.3227594e-03  -2.6693141e-03
  -1.3829890e-02  -6.3045207e-02   3.0999516e-02   1.5606067e-03  -1.1441233e-03  -2.6332289e-03
  -1.3512087e-02  -2.9311570e-02   5.4888626e-02   1.3369656e-03  -1.1606441e-03  -2.9461217e-03
  -1.8546651e-02  -3.4889647e-02   5.1690896e-02   1.2009523e-03  -1.1764582e-03  -2.7590943e-03
  -1.6559022e-02  -4.5545043e-02   2.4803306e-02   1.2392682e-03  -1.1904457e-03  -2.7477332e-03
  -1.4615665e-02  -3.3326092e-02   9.0999484e-02   1.3908404e-03  -1.1666933e-03  -2.6369933e-03
  -1.9368116e-02  -5.6696246e-02   1.9579919e-02   1.9106975e-03  -1.0559537e-03  -2.6675871e-03
  -7.2872528e-03  -9.3972123e-02   9.1328903e-02   1.0803687e-03  -1.1749204e-03  -2.7560459e-03
  -2.6479897e-02  -7.0925988e-02   1.0523540e-03   1.1417788e-03  -1.1045221e-03  -2.8031476e-03
  -2.2723549e-02  -2.5283054e-02   8.4483143e-02   1.0004059e-03  -9.7142977e-04  -2.8207053e-03
  -1.6777086e-02  -6.1036927e-02   6.7349177e-03   1.5743902e-03  -9.6762304e-04  -2.5995832e-03
  -1.1218956e-02  -6.8752263e-02   7.8815519e-02   1.4800151e-03  -7.9370530e-04  -2.5575245e-03
  -1.0367852e-02  -5.0484837e-03   2.4561725e-03   1.1008896e-03  -8.6266477e-04  -2.0793466e-03
  -5.1131728e-03  -7.3234003e-02   8.2431899e-02   9.6143360e-04  -7.1182300e-04  -2.1688842e-03
  -4.9148459e-03  -3.5055797e-02   8.2144947e-02   8.6850513e-04  -8.8414059e-04  -2.1236991e-03
  -1.7598904e-02  -1.4920960e-02   5.4144519e-02   1.1173261e-03  -4.2986055e-04  -2.2725219e-03
  -5.4580177e-03   2.8702490e-02   4.7386721e-02   8.9173279e-04  -7.5812402e-05  -1.7285854e-03
  -1.0248935e-02  -1.8558933e-02   3.7797219e-02   1.1444546e-03   4.2378491e-04  -1.6227241e-03
   1.1667705e-02  -6.2765646e-02   1.4493327e-01   1.1745831e-03   4.6912272e-04  -1.5298657e-03
   1.9977639e-02  -8.3314664e-02  -1.0872761e-03   9.5222974e-04   6.4904818e-04  -1.1445160e-03
   1.6811416e-02  -7.3574294e-02   1.0948125e-01   5.6160440e-04   5.7949675e-04  -1.0738092e-03
   2.6312296e-02  -1.5706865e-02  -3.5139956e-03  -3.7167394e-05   8.5538220e-04  -5.5018566e-04
   2.2726670e-02  -6.8528383e-02   1.3356164e-01   6.7702553e-04   6.4851663e-04  -8.8230954e-04
   6.6458783e-03  -4.1933201e-02   8.6362371e-02   5.0095285e-04  -9.2548925e-06  -9.6644258e-04
  -1.5462177e-03  -7.6352756e-02   1.0679105e-01   8.4740774e-04   2.1528019e-05  -1.1001944e-03
  -1.2520107e-02  -5.7944217e-02   1.3265545e-01   6.6028938e-04   5.5085218e-05  -1.3157675e-03
  -1.6844438e-02  -6.8457356e-02   1.0895808e-01   1.3208457e-03   1.9633541e-04  -1.6422446e-03
  -2.8402547e-02  -6.6821005e-02   1.8427519e-01   1.1603288e-03   3.3153812e-04  -1.7460614e-03
  -1.8449242e-02  -8.8239565e-02   1.6238596e-01   1.2406682e-03   1.1916821e-04  -1.5675157e-03
  -3.6468282e-02  -6.3566262e-02   1.3498205e-01   1.2709360e-03   1.5861446e-04  -1.7253039e-03
  -3.4102725e-02  -1.0801216e-01   2.1321909e-01   9.0989992e-04   6.3100918e-05  -1.7026084e-03
  -3.5536442e-02  -4.2320244e-02   1.4963666e-01   9.2941009e-04  -2.3938855e-04  -1.6198488e-03
  -4.3881506e-02  -1.0225821e-01   1.8525976e-01   1.0237678e-03  -1.1585860e-04  -1.8849475e-03
  -3.5764405e-02  -8.2483188e-02   2.0545560e-01   1.4242684e-03  -1.8966768e-04  -1.8316010e-03
  -4.9867245e-02  -1.2367496e-01   1.5982349e-01   1.9481442e-03  -1.1709633e-05  -1.9751712e-03
  -5.7001097e-02  -1.2164651e-01   2.4629961e-01   1.1736335e-03   1.1829578e-04  -1.8902300e-03
  -6.6380877e-02  -1.4629878e-01   1.5864879e-01   1.5754318e-03   5.0346719e-04  -1.6803724e-03
  -5.3735609e-02  -9.9680144e-02   2.2030980e-01   1.4619893e-03   4.5744982e-04  -1.4733723e-03
  -6.3035394e-02  -1.6898653e-01   1.7573798e-01   1.2529860e-03   4.8645535e-04  -1.6894394e-03
  -5.8393433e-02  -1.5629139e-01   2.1929246e-01   8.9608901e-04   2.2103899e-04  -1.8934297e-03
  -6.6572372e-02  -1.8970419e-01   1.4112581e-01   1.2871494e-03   2.1283089e-04  -2.1132158e-03
  -6.1890384e-02  -1.8973555e-01   2.2844111e-01   1.5904673e-03   4.5500215e-04  -1.8721510e-03
  -6.8737196e-02  -1.5950731e-01   1.7468791e-01   1.3005460e-03   3.5168555e-04  -1.9244069e-03
  -7.9409494e-02  -1.2966040e-01   2.2409415e-01   1.2965438e-03   6.6524279e-04  -2.1388737e-03
  -8.1281483e-02  -1.4683790e-01   1.7192460e-01   1.2026101e-03   5.6780607e-04  -2.0137495e-03
  -7.4696164e-02  -1.8370415e-01   2.2528962e-01   1.1133677e-03   7.5686984e-04  -1.9765362e-03
  -7.2235249e-02  -1.8635559e-01   1.6831655e-01   1.0085204e-03   5.4176934e-04  -2.0211144e-03
  -8.1677841e-02  -1.8040306e-01   2.0383385e-01   1.1836777e-03   4.9300554e-04  -2.1606485e-03
  -8.0069299e-02  -1.4404760e-01   2.0899055e-01   1.5388067e-03   4.1761368e-04  -2.2814527e-03
  -9.2172915e-02  -2.0795600e-01   2.0357891e-01   1.6892644e-03   7.1703081e-04  -2.4614804e-03
  -8.1754578e-02  -1.4246675e-01   1.9527850e-01   1.3445597e-03   8.7808406e-04  -1.9558613e-03
  -9.3944560e-02  -9.9042810e-02   1.6179586e-01   1.3491173e-03   1.3521698e-03  -1.9981861e-03
  -6.6344673e-02  -1.5256245e-01   1.5763165e-01   7.3890616e-04   1.2630970e-03  -1.8789145e-03
  -7.8244960e-02  -1.2183418e-01   1.5368344e-01   6.8831262e-04   1.2175958e-03  -2.2847892e-03
  -7.8369186e-02  -1.0405546e-01   1.8019838e-01   6.5722980e-04   9.1403111e-04  -2.2545457e-03
  -7.4973180e-02  -1.7914977e-01   8.6276286e-02   1.9610311e-03   1.2635063e-03  -2.0325281e-03
  -5.8424742e-02  -9.2998341e-02   2.0978934e-01   1.5334448e-03   1.6626175e-03  -1.5654056e-03
  -4.2226018e-02  -1.0281641e-01   8.1322942e-02   1.9895891e-03   3.2953379e-03  -9.8818902e-04
  -4.2986515e-02  -2.6885214e-02   1.7491051e-01   1.2297145e-03   3.8631889e-03  -6.4142544e-04
  -7.5308467e-02  -1.2900400e-01   1.8190021e-01   1.2076765e-03   3.0737693e-03  -1.3659383e-03
  -8.2582625e-02  -8.0538331e-02   2.5523971e-01   1.2258367e-03   2.2097461e-03  -1.4599481e-03
  -8.3521253e-02  -1.2407890e-01   1.3856194e-01   1.8405314e-03   1.8670844e-03  -1.7927274e-03
  -9.7418137e-02  -9.3040006e-02   2.1964638e-01   1.8054062e-03   1.9532934e-03  -1.7774481e-03
  -9.2927622e-02  -1.1189177e-01   1.8207976e-01   1.3463972e-03   1.6745127e-03  -1.9844509e-03
  -9.2107399e-02  -1.4700119e-01   2.2682676e-01   1.8733275e-03   1.8384610e-03  -2.2402746e-03
  -8.4184695e-02  -1.9431819e-01   2.6765030e-01   2.2137699e-03   1.5157958e-03  -2.0684814e-03
  -7.9208250e-02  -1.1336713e-01   2.0606623e-01   1.7821691e-03   1.4728245e-03  -2.3449864e-03
  -8.3193435e-02  -1.4057640e-01   2.5404040e-01   1.8133886e-03   1.8005663e-03  -2.1289225e-03
  -7.3016168e-02  -1.4444620e-01   2.2372424e-01   1.8562861e-03   1.3467118e-03  -2.0721007e-03
  -7.2455975e-02  -1.6313608e-01   2.0675038e-01   1.8871634e-03   1.2733287e-03  -2.3611460e-03
  -6.7456577e-02  -1.8063696e-01   2.7035514e-01   1.1947610e-03   1.1695025e-03  -2.3050339e-03
  -7.1146263e-02  -1.3500289e-01   2.1648654e-01   2.1265076e-03   1.2252918e-03  -2.2963011e-03
  -7.3517214e-02  -1.4866149e-01   2.6530002e-01   2.1497333e-03   1.4136772e-03  -2.2937725e-03
  -6.9434918e-02  -1.4541785e-01   2.0686990e-01   1.7074021e-03   1.4521637e-03  -2.1044193e-03
  -7.1329095e-02  -1.5725107e-01   2.3206099e-01   1.9303808e-03   2.0093082e-03  -1.9248980e-03
  -4.0263261e-02  -1.1213095e-01   1.6121280e-01   1.5397570e-03   2.1969427e-03  -1.2679609e-03
  -4.7557617e-02  -1.3158715e-01   2.0183360e-01   1.9558679e-03   3.5979023e-03  -1.0937695e-03
  -5.5817222e-02  -6.0910322e-02   2.4477809e-01   1.3796879e-03   3.2572223e-03  -1.0041509e-03
  -7.6092134e-02  -2.2516313e-01   2.0592618e-01   1.5575311e-03   2.7975232e-03  -1.2757841e-03
  -7.3160501e-02  -1.0206820e-01   2.0631151e-01   1.2788858e-03   2.3286715e-03  -1.0806417e-03
  -8.8134256e-02  -9.2764263e-02   2.1611245e-01   1.9770682e-03   2.2476350e-03  -1.1087226e-03
  -7.9825317e-02  -1.5553576e-01   1.3241312e-01   2.6404861e-03   1.5267313e-03  -1.1123464e-03
  -9.6536868e-02  -2.0192410e-01   2.2893967e-01   1.7865702e-03   9.4815803e-04  -1.5330264e-03
  -1.0527031e-01  -1.7425069e-01   1.8373310e-01   1.5903486e-03   7.5930719e-04  -1.7651911e-03
  -1.1471153e-01  -2.2124762e-01   1.9869987e-01   1.2763510e-03   8.0978735e-04  -1.6983796e-03
  -1.0596842e-01  -1.6425429e-01   2.0109021e-01   1.4058967e-03   6.6332917e-04  -1.6134778e-03
  -1.1251892e-01  -1.9399984e-01   2.1489154e-01   1.8913445e-03   6.0953967e-04  -1.7246647e-03
  -1.1444323e-01  -1.9874822e-01   2.4377182e-01   1.7183499e-03   7.4414629e-04  -1.6635892e-03
  -1.1936678e-01  -2.2124975e-01   1.7738367e-01   1.9865808e-03   7.5149204e-04  -1.4909638e-03
  -1.0280028e-01  -2.4055777e-01   2.1940100e-01   1.8159781e-03   5.5000207e-04  -1.3415064e-03
  -1.1441605e-01  -2.1476349e-01   1.6623437e-01   1.7897089e-03   1.1960072e-03  -1.5803758e-03
  -9.5229732e-02  -1.6292395e-01   1.9571255e-01   2.2137773e-03   1.7431077e-03  -8.4705216e-04
  -9.8363945e-02  -2.4722025e-01   1.9068754e-01   3.0816297e-03   2.2636776e-03  -6.5371478e-04
  -8.1472351e-02  -1.8257334e-01   2.1577659e-01   2.7690550e-03   2.7837967e-03  -1.3083894e-04
  -6.7103245e-02  -2.4627763e-01   1.7753910e-01   2.9977526e-03   3.8540186e-03  -1.6792228e-04
  -6.2401524e-02  -2.5800932e-01   2.2336603e-01   2.2182268e-03   2.8994417e-03  -5.6789139e-04
  -6.2343382e-02  -2.9467426e-01   1.9312116e-01   2.2527463e-03   1.6105948e-03  -8.8679875e-04
  -5.9288688e-02  -1.8802400e-01   1.9154787e-01   2.7121658e-03   1.5121340e-03  -1.0025858e-03
  -5.7355502e-02  -1.8615157e-01   1.3930234e-01   3.5177523e-03   1.4610331e-03  -1.1890456e-03
  -7.2838307e-02  -2.5770104e-01   2.0491621e-01   3.0610545e-03   1.7985570e-03  -1.0765014e-03
  -6.1506650e-02  -2.3359182e-01   2.2804848e-01   3.3386988e-03   1.2657124e-03  -1.3231873e-03
  -6.4412903e-02  -2.9650605e-01   2.4452413e-01   3.6672614e-03   1.2850159e-03  -1.5315179e-03
  -6.5288949e-02  -2.5373150e-01   2.7986832e-01   3.1328657e-03   1.2028437e-03  -1.4258121e-03
  -6.5140359e-02  -2.3908055e-01   2.1059529e-01   2.8720424e-03   1.0257718e-03  -1.6166491e-03
  -7.3919533e-02  -2.4700817e-01   2.7239845e-01   2.9720489e-03   1.3768959e-03  -1.1512656e-03
  -4.9473205e-02  -2.8511904e-01   2.0806359e-01   3.1292927e-03   1.2396236e-03  -9.6546270e-04
  -5.1899709e-02  -3.0987699e-01   2.7368020e-01   2.9782828e-03   2.0490196e-03  -7.3628301e-04
  -3.6667251e-02  -2.9658717e-01   2.2105766e-01   3.6270019e-03   2.1495248e-03  -6.1864563e-04
  -4.2315276e-02  -2.8320974e-01   3.1233076e-01   3.7911812e-03   2.9623662e-03  -1.7063304e-04
  -3.1793905e-02  -2.6799639e-01   2.2820362e-01   3.5303334e-03   3.4233498e-03  -1.6136995e-05
  -8.8766388e-02  -2.7968620e-01   3.7526631e-01   2.5850176e-03   4.1580234e-03   2.1331671e-06
  -4.7450359e-02  -1.9655394e-01   2.6038117e-01   2.8261231e-03   3.8341573e-03   3.3738360e-06
  -8.8653167e-04  -1.9677183e-01   2.4305640e-01   3.7855951e-03   6.3329247e-03   1.4795804e-03
   2.2994959e-02  -1.7069750e-01   2.2633046e-01   1.8714919e-03   4.3385581e-03   5.7378653e-04
  -1.4637533e-02  -2.1765031e-01   3.0368932e-01   2.0105641e-03   3.6834193e-03  -3.8270530e-04
  -7.6593635e-03  -1.9856526e-01   2.4988969e-01   2.7500757e-03   3.4712334e-03  -1.2339332e-04
  -3.4524127e-02  -2.0948835e-01   2.9589227e-01   3.2642906e-03   4.4443739e-03   4.6953495e-06
   9.3935724e-03  -1.4987669e-01   3.0799697e-01   3.3102189e-03   5.8346063e-03   7.3483596e-04
  -3.6359237e-02  -1.7906157e-01   3.8245635e-01   4.7112583e-03   8.7317912e-03   4.0635651e-04
  -8.4393581e-03  -1.2401635e-02   1.4703970e-01   1.7124015e-03   9.6911572e-03   4.9595170e-04
  -1.9844013e-02  -1.1312473e-01   3.3394857e-01  -1.4719043e-05   9.2679603e-03   6.2861072e-04
  -2.9908268e-02  -2.0833297e-01   2.7953440e-01  -1.8130158e-04   6.9814364e-03  -2.4573314e-04
  -3.6050699e-02  -1.8189888e-01   2.9743457e-01   1.1292186e-04   5.7937546e-03  -9.0388213e-04
  -4.9112050e-02  -8.1425355e-02   2.2409162e-01   6.1238299e-04   5.3528135e-03  -1.1570717e-03
  -4.9380868e-02  -1.7818504e-01   2.5911143e-01   1.8334019e-03   5.3250236e-03  -1.5010813e-03
  -5.0622552e-02  -1.9755251e-01   3.5350661e-01   9.7727120e-04   5.1320235e-03  -1.3405402e-03
  -4.9958299e-02  -2.4542044e-01   2.9455959e-01   1.6732207e-03   4.5575329e-03  -1.7075447e-03
  -4.9735988e-02  -1.7549639e-01   4.3888185e-01   1.6163286e-03   5.1228845e-03  -1.3717802e-03
  -4.2906206e-02  -2.1609875e-01   2.9671951e-01   2.1105227e-03   7.8807001e-03  -8.4116891e-04
  -7.2340323e-02  -4.3341258e-02   3.9725559e-01  -3.0132525e-04   1.0156945e-02  -9.1876934e-04
  -9.7531204e-02  -2.3579752e-01   3.9986560e-01  -1.1486167e-04   8.9483506e-03  -1.3321103e-03
  -1.0209586e-01  -1.7870132e-01   4.7059145e-01  -1.0444890e-03   8.0238137e-03  -1.4817262e-03
  -8.7528280e-02  -1.7579401e-01   3.2959958e-01  -2.2108108e-04   7.2664946e-03  -1.3527412e-03
  -7.8884307e-02  -1.0566273e-01   4.4715701e-01   3.9592910e-04   7.6833245e-03  -8.5901817e-04
  -3.4468888e-02  -3.8120157e-02   2.5900329e-01   6.2939377e-04   9.1722030e-03   2.1309044e-04
  -7.1603114e-02  -1.4208675e-01   4.9588727e-01   2.2885969e-04   7.9400127e-03  -5.0154005e-04
  -4.7939264e-02  -1.4978408e-01   3.3843534e-01   8.0564613e-04   7.6436814e-03  -2.6134292e-04
  -6.2370586e-02  -1.3801597e-01   4.1848986e-01   2.4329426e-04   7.0781143e-03  -4.0906340e-04
  -7.8279441e-02  -1.3688746e-01   3.9795846e-01   1.7593104e-03   8.6298024e-03  -5.9893611e-04
  -2.1138652e-02   4.1788138e-02   2.1170313e-01   3.1842196e-04   8.9977955e-03   3.9414428e-04
  -6.4221134e-03  -1.1800513e-01   4.6272975e-01   1.5048828e-03   7.6335685e-03   5.7172062e-04
  -8.1342589e-03  -9.3576516e-02   3.4414567e-01   1.6343013e-03   7.5785909e-03   5.7819060e-04
  -4.3113676e-02  -7.4774951e-02   4.4208237e-01   9.3167848e-04   8.5993127e-03   2.0506598e-04
  -1.9510154e-02   5.0067647e-02   1.8383879e-01  -1.7770363e-04   9.9193556e-03   8.5661247e-04
   4.0854888e-03   9.0119509e-02   1.8357468e-01  -1.0100405e-03   9.7666115e-03   1.3301634e-03
  -2.7611696e-02  -8.8357127e-03   2.5784372e-01  -6.2377383e-05   8.6889891e-03   3.9031494e-04
  -5.4915579e-02  -5.5742765e-02   4.2349055e-01  -6.2155662e-04   7.2224033e-03  -6.5480768e-04
  -6.7377696e-02  -4.5931267e-02   2.5841128e-01   3.0149415e-04   6.9871378e-03  -7.4448369e-04
  -6.8555632e-02   3.2811086e-02   3.1751030e-01  -1.5503065e-04   7.0267957e-03  -9.9328444e-04
  -6.9941372e-02  -4.4090598e-02   3.0343961e-01   4.3732669e-04   6.7471327e-03  -1.1530691e-03
  -6.8056079e-02  -1.8808240e-01   3.7635043e-01   7.0484556e-04   6.5770745e-03  -1.7127588e-03
  -7.1851236e-02  -1.1191449e-01   3.7082011e-01   1.3706812e-04   6.5175591e-03  -1.5470827e-03
  -6.4885219e-02  -1.3840332e-01   3.4318938e-01   7.0388129e-04   6.6934670e-03  -1.4626148e-03
  -4.3183575e-02  -4.8025694e-02   4.1474110e-01   7.0093759e-04   6.8714681e-03  -7.7213323e-04
  -3.6089810e-02  -1.8265886e-01   3.9459129e-01   2.0425426e-03   7.5846459e-03  -8.0913131e-04
  -6.2608153e-03  -1.0149225e-01   3.9397706e-01   2.3291836e-03   9.2993519e-03   6.6726606e-04
  -4.3511882e-02  -1.0654606e-01   3.8931244e-01   2.1575724e-03   1.0938894e-02   3.8678091e-04
   5.9362861e-03  -1.4042039e-02   3.7122569e-01   8.6051139e-04   1.0309996e-02   1.0217758e-03
  -5.2636519e-02  -1.1566970e-01   3.8965985e-01   1.5750474e-03   1.1324995e-02   4.7119314e-04
  -6.7513463e-02  -1.3008935e-01   4.0246788e-01   3.5030426e-04   8.9620532e-03  -5.5484216e-04
  -9.7133905e-02  -1.0756434e-01   3.8409713e-01   1.6603243e-04   7.6740486e-03  -1.1708340e-03
  -1.1371889e-01  -1.2448734e-02   3.5272132e-01   3.3253033e-04   7.6264963e-03  -1.0956591e-03
  -1.1806249e-01  -9.3245239e-02   2.7279353e-01   9.2064657e-04   7.4028588e-03  -1.0449452e-03
  -1.1045374e-01  -4.8035259e-02   3.5016175e-01   1.2727101e-03   7.3367689e-03  -9.8993101e-04
  -9.8299292e-02  -1.5268025e-01   3.2708578e-01   1.6705150e-03   6.8369600e-03  -1.3672259e-03
  -9.5691650e-02  -1.5492180e-01   3.7009754e-01   1.3381375e-03   6.7504724e-03  -1.4217364e-03
  -9.4296627e-02  -6.8753243e-02   3.8059577e-01   8.0706760e-04   6.7306323e-03  -1.1636911e-03
  -8.7955670e-02  -1.4093453e-01   3.8496085e-01   1.1897944e-03   7.0565683e-03  -9.3740822e-04
  -6.0082023e-02  -8.1615195e-02   3.9926866e-01   1.0297270e-03   8.1380654e-03  -5.6438948e-04
  -4.8108941e-02  -7.0960123e-02   3.7967971e-01   1.5392972e-03   9.1522065e-03   3.4308053e-05
  -2.1560725e-02   1.7912311e-02   3.6996065e-01   5.8944016e-05   1.0125324e-02   7.4011779e-04
  -2.6622750e-02  -3.6112914e-02   3.2122423e-01   6.0590414e-04   1.0798300e-02   8.2833990e-04
  -1.3882173e-02  -1.6214674e-02   2.9809302e-01  -7.7767285e-04   9.6596134e-03   8.7014838e-04
  -8.0568744e-02  -1.0492837e-01   3.6409785e-01  -1.0215623e-03   8.6573530e-03  -7.4600480e-04
  -1.0438233e-01  -1.0793715e-02   3.0689660e-01  -7.9857819e-04   8.3326752e-03  -9.6501021e-04
  -1.0931905e-01  -4.9875058e-02   2.8677270e-01   3.2494308e-04   8.0711097e-03  -1.4394214e-03
  -1.0436121e-01   7.2943607e-03   3.1566320e-01   2.1887509e-04   8.3339390e-03  -1.0503800e-03
  -1.0299210e-01  -4.4287427e-02   3.1464235e-01   9.8162650e-04   8.0309408e-03  -1.4150422e-03
  -4.0180355e-02   6.2996538e-03   3.1662436e-01   1.0273129e-03   9.6903036e-03   7.8133492e-05
  -6.9150879e-02  -7.5705113e-03   3.5955252e-01   1.2755143e-03   1.1327668e-02   3.3223455e-04
   1.5277717e-02   8.3506052e-02   2.8090477e-01   3.5093450e-04   1.0203431e-02   1.4423003e-03
  -1.0769174e-01  -1.2886760e-01   4.3926319e-01   6.0985728e-04   1.0367182e-02  -4.9965131e-04
  -1.0914824e-01  -1.3014216e-01   4.2605701e-01  -1.1407285e-03   8.7681734e-03  -1.2446103e-03
  -1.0722250e-01  -2.0882579e-02   2.3098314e-01  -1.5139023e-04   8.0356668e-03  -1.1779673e-03
  -1.0839573e-01  -4.6939362e-02   2.9145485e-01  -1.8945823e-04   7.9730753e-03  -1.1967691e-03
  -9.1565587e-02  -8.0653384e-02   2.9240103e-01   4.0442548e-04   7.7593843e-03  -1.1176842e-03
  -6.8152551e-02  -1.1781370e-01   3.8218198e-01   9.4020993e-04   8.8796731e-03  -5.7129493e-04
   5.5978453e-03  -4.8494425e-02   2.2914070e-01   9.3102404e-04   1.0384363e-02   1.2796223e-03
  -2.9780506e-02  -6.7650287e-02   4.6520143e-01   6.9208457e-04   1.1469303e-02   4.4317925e-04
  -5.7677248e-02  -1.3434919e-01   4.3049190e-01   1.9153691e-04   1.0726429e-02   5.0646396e-04
  -8.5598707e-02  -1.6091119e-01   3.7294416e-01  -3.1827444e-04   9.2338716e-03  -8.3662879e-04
  -8.8490103e-02  -2.9088309e-02   3.4833087e-01  -9.3163927e-04   8.6547788e-03  -9.2613704e-04
  -8.7766387e-02  -5.0222043e-02   2.8240683e-01   4.1160544e-05   8.1644152e-03  -1.1054938e-03
  -9.2134126e-02  -1.6888967e-02   3.5900197e-01   2.1503283e-04   8.0775169e-03  -1.2608894e-03
  -9.3420774e-02  -4.6948626e-02   2.6259753e-01   2.1983897e-04   7.9101773e-03  -1.1442980e-03
  -8.1138482e-02  -7.3444608e-02   4.0477425e-01   6.5669293e-04   8.6694147e-03  -5.6447530e-04
   9.2470614e-03  -4.0916919e-02   2.3604190e-01   1.1630294e-03   9.9717552e-03   1.1720148e-03
   2.0696633e-04   1.3632945e-02   3.2403341e-01   7.8675015e-06   9.9762188e-03   1.3516140e-03
  -2.1917259e-02  -6.9690390e-02   2.3909460e-01  -1.8299238e-05   1.0292134e-02   6.7898329e-04
  -5.5198490e-02  -4.5817160e-02   3.4847289e-01  -2.0980075e-03   8.6973597e-03  -3.4933215e-04
  -9.5938513e-02  -6.0050839e-02   2.6321316e-01  -1.5860778e-03   8.2829194e-03  -1.1213118e-03
  -9.3010527e-02  -2.6103397e-02   3.1880288e-01  -1.5641962e-03   8.0419555e-03  -1.1465807e-03
  -8.1864875e-02  -2.6776682e-02   2.2920081e-01   4.4917846e-04   8.3080640e-03  -7.9903671e-04
  -6.9681302e-02  -2.3822865e-02   4.0701684e-01   8.7307144e-04   9.6306412e-03  -2.7637699e-04
  -3.1443627e-02   2.5386830e-02   2.2191646e-01   6.2417194e-04   1.0956038e-02   8.5498611e-04
  -4.3366152e-02  -4.3472947e-02   4.8744622e-01   1.1486790e-03   1.1181328e-02   3.3218745e-04
  -4.7429660e-02  -2.8125573e-02   2.9930399e-01   7.4487238e-04   1.1559464e-02   8.7275386e-04
  -4.1110162e-02  -5.7440971e-02   3.9052837e-01  -2.8713952e-04   1.1219376e-02   9.3181570e-04
  -6.2703087e-02  -7.2978159e-02   4.2328037e-01   9.1364046e-04   1.1774970e-02   7.4008059e-04
  -2.5854910e-02   3.3102200e-02   2.6499536e-01  -4.7279503e-05   1.1566294e-02   1.2207730e-03
  -7.6020714e-02  -6.4612811e-02   4.0437830e-01  -6.2610440e-04   1.0429439e-02  -1.2986301e-04
  -1.0090413e-01   2.9483048e-02   2.9318390e-01  -9.3783693e-04   9.6049481e-03  -2.5348405e-04
  -9.9258531e-02   6.4187347e-03   2.5080307e-01  -4.8279559e-04   9.0714020e-03  -6.5463815e-04
  -6.4681104e-02   6.5251538e-02   3.5453977e-01   8.2880131e-04   1.0345930e-02   5.9713298e-05
  -6.2419477e-02   7.1136747e-02   2.5921478e-01   1.4066251e-03   1.1645945e-02   7.6490614e-04
  -3.0847118e-02   8.8771336e-02   2.3132995e-01   9.9452547e-04   1.1378754e-02   9.3274343e-04
  -8.3841885e-02  -9.9427777e-02   3.3952021e-01   6.1459360e-04   1.0452753e-02  -1.4418321e-04
  -8.7148974e-02   5.8995634e-02   3.7859092e-01  -4.7384257e-04   9.4138466e-03  -2.2784630e-04
  -6.0772858e-02   4.1741910e-02   2.6319746e-01   7.0919947e-04   1.0193500e-02   4.2066654e-04
  -1.7035498e-02   1.0859143e-01   1.9020722e-01   2.9457032e-04   1.0733395e-02   9.0685531e-04
  -4.5698578e-02  -6.2167525e-02   2.9843447e-01   7.6490645e-04   1.0824636e-02   6.8519453e-04
  -6.6704301e-02  -5.0927276e-03   3.0316782e-01  -3.9491031e-04   8.6927055e-03  -6.8432393e-04
  -9.0564799e-02  -6.7202896e-02   2.7637384e-01   1.7445031e-04   8.9730744e-03  -1.2507896e-03
  -5.2897611e-02   4.7305165e-02   2.9583470e-01   1.1444459e-04   1.0070401e-02  -2.4094359e-04
  -3.8138545e-02   5.1636725e-02   3.4673445e-01   9.9088200e-04   1.1603040e-02   1.1032553e-04
   2.4981283e-02  -1.3972374e-03   2.6229623e-01   2.1542389e-04   1.0922058e-02   1.3332065e-03
  -6.5554446e-02  -5.0621020e-02   3.8277128e-01   1.9751269e-04   1.0899923e-02  -1.9212913e-04
  -7.8771844e-02  -3.9101824e-02   3.6549979e-01  -2.0080777e-03   8.6348456e-03  -1.1684096e-03
  -1.1521725e-01   2.3024202e-02   2.0482260e-01  -1.5111730e-03   9.0496244e-03  -1.3560250e-03
  -1.3237775e-01   5.2986982e-02   2.8270458e-01  -1.4729777e-03   8.5772318e-03  -1.8496567e-03
  -1.3282259e-01   1.4210806e-02   2.1364851e-01  -1.1985023e-03   8.4318742e-03  -1.5697477e-03
  -1.2413231e-01  -4.8651800e-02   3.2663383e-01   1.7092140e-04   9.0470538e-03  -1.9625200e-03
  -9.6909240e-02  -3.7553426e-02   2.6259501e-01  -5.4793933e-04   9.4508284e-03  -9.9168936e-04
  -1.1260720e-01  -4.3640390e-02   3.8069411e-01  -1.6261133e-03   8.5072534e-03  -1.7682254e-03
  -8.7757540e-02  -8.4424222e-02   2.3566538e-01  -1.0062990e-03   8.9423210e-03  -1.0704227e-03
   6.1394281e-03   1.9697446e-02   3.5778830e-01  -3.7454912e-04   1.0746423e-02   2.1749262e-04
  -5.5014837e-02  -8.3800833e-02   3.8483149e-01   4.6585950e-04   1.1783508e-02   9.4498656e-05
   3.0245935e-03   4.7738261e-02   3.0780961e-01  -9.5969646e-04   1.1328165e-02   8.2895104e-04
   2.6607425e-02  -7.4775997e-03   2.4806514e-01  -6.5062649e-04   1.1568859e-02   1.7215933e-03
  -3.8375752e-02  -2.2360724e-02   2.8036586e-01  -1.3808825e-03   1.0985267e-02   7.5792123e-04
  -9.5475483e-02  -6.9775860e-02   3.0401597e-01  -2.4542194e-03   9.0008313e-03  -1.5663668e-03
  -1.0879878e-01  -2.1936965e-02   2.9732414e-01  -2.2808902e-03   8.5294193e-03  -1.6944670e-03
  -1.1358974e-01   5.3163036e-03   1.7738597e-01  -7.6388826e-04   9.0154981e-03  -1.1102298e-03
  -7.9339250e-02   3.0888648e-02   2.9253765e-01   1.8259402e-04   9.1874204e-03  -7.9694395e-04
  -6.3805982e-02   5.2974906e-02   2.0011858e-01   8.8220310e-04   1.1329489e-02   4.3712560e-04
  -7.3044112e-02  -3.3891532e-03   3.7700076e-01   4.0298590e-04   1.1538412e-02  -8.2282459e-05
  -9.5360045e-02  -5.8715113e-02   2.5919455e-01  -3.4496575e-04   1.0428596e-02  -1.0824144e-03
  -1.2087313e-01  -7.1196368e-02   3.3759580e-01  -1.0058883e-03   1.0135755e-02  -1.5824183e-03
  -7.4712426e-02   2.8542047e-02   1.1807883e-01  -2.6476150e-04   1.1583375e-02   2.9219776e-04
  -3.8895377e-02  -2.7599645e-02   3.4758091e-01   6.4909736e-04   1.2274776e-02   3.2276583e-04
  -1.6003553e-02   2.6594154e-02   1.5351144e-01  -2.6754499e-05   1.1860555e-02   1.2971046e-03
  -4.3737652e-02  -4.2303057e-02   3.0777002e-01  -1.2197604e-04   1.2342645e-02   7.1792559e-04
  -9.5758620e-02  -1.4867044e-01   2.7700153e-01  -5.5458085e-04   1.0676565e-02  -6.4938497e-04
  -1.0727142e-01  -4.4002079e-02   3.4140876e-01  -8.6852375e-04   1.0786708e-02  -1.0568635e-03
  -8.6928519e-02   7.0317731e-02   1.8917998e-01   1.9250035e-04   1.2714020e-02   6.8227263e-04
  -9.2900937e-02   6.6742137e-02   3.2869817e-01   5.3435687e-04   1.3133766e-02   6.2322657e-04
  -1.0086789e-01  -1.1602901e-02   2.0600163e-01  -2.8109092e-04   1.1527467e-02   3.0730333e-04
  -1.3353428e-01  -6.5758454e-02   3.0806753e-01  -1.9295514e-03   9.5575203e-03  -1.1180430e-03
  -1.3436152e-01  -2.9126795e-02   1.6899439e-01  -1.4443967e-03   8.8257839e-03  -1.2841866e-03
  -1.2855422e-01  -5.6295234e-02   2.5028357e-01  -8.3386010e-04   8.0257998e-03  -1.5129499e-03
  -1.1772523e-01  -1.0639720e-02   2.0697141e-01  -8.1600782e-04   7.8958043e-03  -1.1851565e-03
  -1.2703578e-01  -6.3244936e-02   2.9001434e-01  -4.2729238e-04   8.2366283e-03  -1.2724815e-03
  -1.0351301e-01  -1.2595961e-01   2.9813769e-01  -2.8211798e-04   8.2068484e-03  -1.0641301e-03
  -7.3204664e-02  -9.2790200e-02   3.8004155e-01   1.0526219e-04   1.0370676e-02  -1.9097077e-04
  -2.9888320e-02  -2.0298823e-02   2.8542220e-01   4.9828107e-06   1.1668396e-02   1.2269222e-03
  -6.2608531e-02  -1.7719858e-02   4.5082766e-01   3.9196259e-04   1.3194644e-02   6.9833457e-04
  -7.1507915e-02  -1.0324957e-01   3.4205362e-01   1.3091398e-04   1.2352574e-02   1.0377349e-03
  -1.0098282e-01  -7.7612585e-02   4.0748461e-01  -1.2636849e-04   1.2122691e-02   7.5602996e-04
  -5.5342899e-02  -2.1327423e-02   2.1965933e-01   4.6860821e-04   1.2555179e-02   1.5708615e-03
  -6.3930845e-02   1.6318116e-02   3.3792633e-01   6.9108311e-04   1.2503902e-02   1.4404278e-03
  -8.1262842e-02   4.7710007e-02   3.0621430e-01   1.4273931e-03   1.2922578e-02   1.3128668e-03
  -6.0324360e-02   7.1264155e-02   2.3120533e-01   8.0418347e-04   1.2670578e-02   1.6494359e-03
  -5.0068301e-02   3.2347581e-02   3.3016415e-01   6.9713509e-04   1.2673689e-02   1.4396245e-03
  -1.1355637e-01  -3.3315679e-02   2.6206278e-01  -3.1453191e-04   1.1737765e-02   1.1319586e-04
  -1.4293125e-01  -3.9382002e-02   3.1001484e-01  -1.4826839e-03   1.0450834e-02  -1.1273901e-03
  -1.5873319e-01   3.5558627e-02   8.9634463e-02  -1.0621083e-03   9.2853174e-03  -1.5115116e-03
  -1.4818984e-01  -1.7363451e-02   2.0623206e-01  -1.3027712e-04   8.9750793e-03  -1.5540078e-03
  -1.0997564e-01   3.6247672e-02   9.4206522e-02   9.3441546e-04   1.0724095e-02   9.6310106e-05
  -7.5526985e-02   7.6282872e-03   3.6997553e-01   1.3443588e-03   1.2586639e-02   7.0577607e-04
  -4.5766642e-02  -4.8690721e-02   1.6405237e-01   1.7529367e-03   1.2393871e-02   1.5666475e-03
  -7.0977175e-02  -2.0642089e-02   3.3624579e-01   9.8139608e-04   1.3086101e-02   1.0393153e-03
  -1.7543431e-01  -2.2076547e-01   1.6277121e-01   1.0452725e-04   9.7989911e-03  -1.0302060e-03
  -1.3483164e-01  -9.7991637e-02   2.0198518e-01  -3.8175335e-03   6.2708623e-03  -1.4695649e-03
  -1.1946126e-01  -5.1033157e-02   1.8805943e-01  -3.8161989e-03   6.2723838e-03  -8.1974890e-04
  -1.0130884e-01  -1.5344870e-02   1.7198492e-01  -3.4328239e-03   6.3361154e-03  -2.0132514e-04
  -1.0284268e-01  -7.7766806e-02   2.4866893e-01  -4.5077240e-03   6.3602920e-03  -1.6942153e-04
  -8.7425026e-02   1.5264796e-02   3.2271064e-01  -4.9967685e-03   6.2488860e-03   4.0548002e-05
