   0.0000000e+00   0.0000000e+00   0.0000000e+00   0.0000000e+00   0.0000000e+00   0.0000000e+00
  -1.5446618e-02   1.1611945e-02   9.4951169e-03  -1.5760426e-04   7.1085912e-05  -6.4241622e-05
  -4.0045074e-02   3.8661632e-03  -1.4258718e-02  -1.9122301e-04   2.9524713e-04   4.5906757e-05
  -4.2528483e-02   3.0246254e-02   5.9532522e-02  -1.0930125e-03   3.4438335e-04  -4.1898720e-04
  -5.2519961e-02  -9.2983291e-02   1.2890037e-01  -9.9388662e-04   9.0986614e-04  -3.9707437e-04
  -4.2343233e-02   7.5028362e-02   5.5150599e-02  -3.7113630e-04   5.4927035e-04  -2.5715026e-04
  -5.5763317e-02   1.1293906e-01   7.5418284e-02  -1.2580013e-03   7.8273039e-04  -3.5819674e-04
  -5.0113276e-02   6.6328519e-02   5.5365006e-02  -6.8561706e-04   4.8708169e-04  -2.4095681e-04
  -5.4301932e-02   2.4918905e-02   3.0905489e-02  -9.3683526e-04   5.2619376e-04  -1.6870581e-04
  -4.4843826e-02   8.8672112e-02   6.2969617e-02  -9.9787567e-04   2.1886557e-04  -1.0405659e-04
  -5.4544338e-02   3.7919216e-02   3.2692138e-02  -1.0697521e-03   4.7218185e-04   1.3201978e-04
  -4.5265304e-02   1.2028494e-01   7.2185578e-02  -1.7112936e-03   4.9479434e-04   1.8679793e-04
  -4.3899271e-02   1.2015182e-01   9.1560026e-02  -1.5190972e-03   4.2015453e-04   3.1706041e-04
  -4.7278029e-02  -2.7144622e-02   8.5736522e-02  -1.0536550e-03   7.1207019e-04   2.5047106e-04
  -4.7772776e-02   1.4823656e-01   1.3313403e-01  -2.0685541e-03   7.0569391e-04   3.1527135e-04
  -2.4073459e-02   8.6285534e-02   4.1462780e-02  -1.7398419e-03   2.8215987e-04   7.1073711e-04
  -3.3725748e-02   1.7858809e-01   9.4580605e-02  -1.9873620e-03   4.6238929e-04   4.1650582e-04
  -4.2780399e-02   1.2071739e-01   9.9981354e-02  -2.6034431e-03   4.4424133e-04   3.4952992e-04
  -3.6152017e-02   9.0552098e-02   8.7117336e-02  -2.2596178e-03   5.0985159e-04   3.3886429e-04
  -5.6595879e-02   1.6738823e-01   1.0535184e-01  -2.5807411e-03   4.9033990e-04   2.4158850e-04
  -4.8210474e-02   8.7059635e-02   2.0226609e-01  -2.4150474e-03   5.7343249e-04  -1.9693603e-04
  -5.5221266e-02   1.7998259e-01   1.1310701e-01  -2.2479013e-03   4.1071199e-04   8.6206664e-05
  -6.1919295e-02   2.4660667e-01   8.9465824e-02  -2.7292586e-03   4.5319673e-04   2.8549911e-04
  -6.0243467e-02   1.7101649e-01   5.6261535e-02  -2.7030150e-03   5.3489091e-04   4.4605282e-04
  -6.4639111e-02   1.7026441e-01   4.6544479e-02  -2.7110014e-03   5.4827588e-04   5.0598820e-04
  -5.2571208e-02   1.8452996e-01   3.5316341e-02  -3.5443447e-03   4.0418634e-04   5.1715889e-04
  -6.4801354e-02   1.8936417e-01   3.2407745e-02  -3.3514199e-03   4.0583543e-04   4.6766736e-04
  -7.4299142e-02   2.8362950e-01   3.9712314e-02  -4.1363073e-03   3.2463668e-04   5.4784888e-04
  -7.0849512e-02   2.5007946e-01   1.0601890e-02  -4.3782905e-03   3.7969440e-04   6.4755456e-04
  -6.4362717e-02   3.4128583e-01   9.3595161e-03  -4.9695359e-03   3.5227764e-04   9.0563474e-04
  -3.8906222e-02   2.5740268e-01  -7.9338672e-02  -4.8348228e-03   2.6628084e-05   1.2763862e-03
  -7.2817929e-02   2.6645764e-01  -1.7821063e-02  -5.2318573e-03   3.8941854e-04   8.7773332e-04
  -6.9241804e-02   2.8198794e-01  -2.7455257e-02  -5.3901827e-03   1.5725235e-04   1.0489246e-03
  -7.2032876e-02   2.6850026e-01  -8.3562960e-02  -5.4423756e-03   2.3382716e-04   9.6940886e-04
  -6.1985666e-02   1.5876034e-01   7.7606544e-02  -4.6496029e-03   3.6021394e-04   6.5341651e-04
  -4.2892752e-02   2.4663329e-01  -2.4291573e-02  -4.3593136e-03   7.7154730e-05   8.5518414e-04
  -4.9966249e-02   2.9096388e-01   1.6534591e-02  -4.6499802e-03   2.3230788e-04   5.7934601e-04
  -6.4130866e-02   4.0720041e-01  -2.2734821e-03  -5.2472005e-03   1.2354292e-04   5.9596497e-04
  -6.6575185e-02   3.3190495e-01  -2.4013485e-02  -5.3704980e-03   1.2956959e-04   5.5742509e-04
  -7.5283094e-02   3.6822521e-01   1.3512710e-02  -6.1655722e-03   2.9271711e-04   7.3519937e-04
  -8.0684034e-02   3.6714824e-01  -3.3251909e-02  -6.5202764e-03   3.5856534e-04   9.1324454e-04
  -7.4767144e-02   3.5491506e-01  -4.8464172e-02  -6.7621769e-03   3.1957297e-04   8.2831446e-04
  -7.9966906e-02   3.7084753e-01  -1.8291586e-02  -6.8002478e-03   2.5690499e-04   8.1465943e-04
  -8.1129866e-02   3.6728382e-01  -5.8337590e-02  -6.5775562e-03   1.3863977e-04   9.0776197e-04
  -9.0403564e-02   4.0158614e-01  -2.0952758e-02  -6.9224372e-03   3.1436600e-04   6.7467927e-04
  -8.0173780e-02   3.9427329e-01  -6.3968722e-03  -6.9744264e-03   7.7216465e-05   7.8181362e-04
  -5.7499967e-02   3.8192634e-01  -6.0401220e-02  -7.3610226e-03  -1.0274333e-04   1.0325152e-03
  -7.5808161e-02   4.4223563e-01   3.5950627e-03  -7.5898640e-03   4.7577199e-05   8.1990228e-04
  -6.2385353e-02   4.1403404e-01  -4.6119262e-02  -7.5249091e-03  -1.3006519e-04   9.7191941e-04
  -8.0015598e-02   4.1593237e-01  -4.8857005e-02  -7.4727124e-03  -3.1450614e-05   8.7314196e-04
  -8.2126368e-02   4.2520233e-01  -3.1940952e-02  -7.7254090e-03  -7.5335197e-05   7.9285860e-04
  -7.3585471e-02   4.7198785e-01  -7.7088972e-02  -7.6480537e-03  -2.3493924e-04   9.4571750e-04
  -6.8029473e-02   4.3790052e-01  -4.2920886e-02  -7.8993255e-03  -1.1994099e-04   9.7903126e-04
  -7.1701199e-02   4.0937856e-01  -4.9384354e-02  -7.8639892e-03  -1.9506743e-04   9.3495210e-04
  -5.5852902e-02   3.2329115e-01  -6.0693903e-03  -7.5758744e-03   4.1156559e-05   5.8263182e-04
  -7.4505352e-02   5.2401544e-01  -2.6835180e-02  -8.1533727e-03   1.9550797e-04   9.0252261e-04
  -6.2075204e-02   4.3598784e-01  -5.2519947e-02  -8.1530197e-03   2.6501375e-05   7.1740458e-04
  -7.4009704e-02   4.7508202e-01  -3.3673570e-02  -8.6006593e-03   5.8551100e-05   9.1659288e-04
  -6.8140603e-02   4.6924938e-01  -7.2858700e-02  -8.2478957e-03  -1.1943045e-05   1.1184188e-03
  -6.6673886e-02   5.4535686e-01  -3.6026376e-02  -9.1774910e-03   5.3736252e-05   1.1234250e-03
  -8.0184463e-02   4.9857356e-01  -6.8583076e-02  -8.0911308e-03  -6.3705644e-05   1.2853705e-03
  -8.0989158e-02   5.1183029e-01  -5.3335171e-02  -9.0259010e-03  -2.2161106e-05   1.1034150e-03
  -7.0768665e-02   4.1352808e-01  -2.9589989e-02  -8.9733472e-03  -1.2929916e-04   9.6929481e-04
  -7.0807096e-02   4.1245671e-01  -7.7826497e-02  -8.5294107e-03  -2.2675524e-04   9.8109689e-04
  -6.6408631e-02   4.8981171e-01   1.9971158e-02  -9.2531932e-03  -5.6708641e-05   6.3069486e-04
  -7.2213579e-02   5.0721820e-01  -5.5626635e-02  -8.5694087e-03  -1.5723416e-04   9.9201577e-04
  -8.0125910e-02   5.5391557e-01   3.8058740e-02  -9.3238101e-03   7.7175402e-05   5.4267624e-04
  -7.6855536e-02   4.7854484e-01  -1.0013106e-02  -8.9634501e-03   1.3127707e-04   8.7885068e-04
  -8.8073607e-02   1.4340020e-01  -3.6247787e-01  -2.4922764e-03   4.3466012e-04   9.9532966e-04
  -7.1180794e-02   3.1204546e-01  -1.9672641e-01  -4.8472154e-03   5.5108611e-04   2.2845206e-03
  -8.5390954e-02   3.6973985e-01  -1.4720076e-01  -6.6300359e-03   6.9553945e-04   1.7485671e-03
  -1.0273760e-01   4.1475444e-01  -1.4014961e-01  -6.8552918e-03   6.8292809e-04   1.8800280e-03
  -1.1055325e-01   4.2167336e-01  -1.2991511e-01  -7.4541273e-03   1.0322716e-03   1.7076914e-03
  -1.2531892e-01   4.8028553e-01  -9.8002690e-02  -7.9956088e-03   1.0191217e-03   1.6288915e-03
  -1.2694108e-01   4.1659744e-01  -1.3048145e-01  -7.9464109e-03   1.3370759e-03   2.0054910e-03
  -1.2255294e-01   4.5078658e-01  -7.0327272e-02  -8.2267190e-03   1.4483938e-03   1.8291602e-03
  -1.2601446e-01   4.1896362e-01  -1.3171784e-01  -7.8507381e-03   1.4074715e-03   2.1248706e-03
  -1.2347124e-01   4.5020675e-01  -9.3308991e-02  -8.3060469e-03   1.4231989e-03   2.1012034e-03
  -1.2945742e-01   4.6735639e-01  -1.4835133e-01  -8.3262758e-03   1.1644818e-03   2.2942931e-03
  -1.3625336e-01   4.9867184e-01  -1.4967806e-01  -8.7625029e-03   1.3332713e-03   2.2791075e-03
  -1.1429186e-01   5.4382259e-01  -1.5208544e-01  -8.9947589e-03   1.0878210e-03   2.5275794e-03
  -1.1578538e-01   4.9523775e-01  -2.0682116e-01  -8.8398363e-03   1.0202513e-03   2.5845200e-03
  -1.3553997e-01   5.5520810e-01  -1.5523211e-01  -9.3945249e-03   1.3169365e-03   2.4892947e-03
  -1.1711028e-01   4.9529742e-01  -2.1762399e-01  -9.4756301e-03   8.4722549e-04   2.6760960e-03
  -1.6443293e-01   4.4619411e-01  -1.3309240e-01  -9.4197068e-03   1.5587166e-03   2.1221010e-03
  -1.3704391e-01   5.5122184e-01  -1.3901145e-01  -1.0187576e-02   1.0506048e-03   2.1467818e-03
  -1.2102523e-01   5.8748024e-01  -2.2283229e-01  -9.9887351e-03   7.3753884e-04   2.4256448e-03
  -1.4112148e-01   5.8445144e-01  -1.6688431e-01  -1.0130472e-02   1.0632733e-03   2.4424586e-03
  -1.1748195e-01   5.6239922e-01  -2.1073731e-01  -1.0631412e-02   3.7780726e-04   2.3482898e-03
  -1.3964358e-01   5.1922731e-01  -2.0299795e-01  -1.0265732e-02   8.6255067e-04   2.2972789e-03
  -1.4000501e-01   5.8725088e-01  -1.5039036e-01  -1.0723402e-02   9.9921793e-04   2.1310241e-03
  -1.3626465e-01   5.6228639e-01  -2.2018443e-01  -1.0177617e-02   8.6900978e-04   2.4523242e-03
  -1.4386820e-01   5.5758097e-01  -1.9206344e-01  -1.0562827e-02   1.1464571e-03   2.2512627e-03
  -1.3760647e-01   6.0391358e-01  -1.6579771e-01  -1.0865269e-02   9.0640218e-04   2.1904746e-03
  -1.3955963e-01   4.7181937e-01  -2.3191458e-01  -1.0451888e-02   1.2628485e-03   2.5976438e-03
  -1.0759024e-01   6.0569969e-01  -6.6612414e-03  -1.0871829e-02   1.1544741e-03   2.0779796e-03
  -1.2731923e-01   3.6047312e-01   1.4325842e-02  -9.5466447e-03   1.7393999e-03   1.7916725e-03
  -9.6826767e-02   4.3332989e-01  -3.2445717e-01  -6.8653645e-03   1.2746355e-03   2.7319354e-03
  -1.1405040e-01   4.4430140e-01  -1.4688687e-01  -9.3302580e-03   1.7098296e-03   2.7765527e-03
  -1.2741456e-01   4.7900461e-01  -1.4059191e-01  -9.3967704e-03   1.7902459e-03   2.7730689e-03
  -1.2459532e-01   6.0693100e-01  -9.3443370e-02  -1.0621721e-02   1.6903923e-03   2.7753947e-03
  -1.3519574e-01   4.7862353e-01  -1.4643981e-01  -1.0358453e-02   1.8217904e-03   2.9425188e-03
  -1.3579667e-01   6.1628663e-01  -1.0848179e-01  -1.1298845e-02   1.8674430e-03   2.8913106e-03
  -1.4342426e-01   5.7372880e-01  -1.5764424e-01  -1.0646197e-02   2.0457188e-03   3.1997342e-03
  -1.1594184e-01   4.8481245e-01  -1.3383839e-02  -1.1196085e-02   2.0231280e-03   2.7030850e-03
  -1.2211127e-01   3.6570615e-01  -7.5370378e-02  -9.7014966e-03   2.3403769e-03   2.6876827e-03
  -1.1482146e-01   6.4561104e-01  -9.9845743e-02  -1.1031352e-02   2.0264860e-03   2.8788254e-03
  -1.2191663e-01   5.7667471e-01  -1.3315914e-01  -1.1086927e-02   1.9051455e-03   2.8095425e-03
  -1.2754750e-01   6.3353300e-01  -1.1096622e-01  -1.1277165e-02   1.8767513e-03   2.9053017e-03
  -1.3829443e-01   5.3401212e-01  -1.4355344e-01  -1.0717122e-02   2.0305423e-03   2.8346939e-03
  -1.3872609e-01   5.7876296e-01  -1.2430312e-01  -1.1098383e-02   2.0252213e-03   2.9248489e-03
  -1.4268420e-01   5.5801038e-01  -1.4230778e-01  -1.0860878e-02   2.0201147e-03   3.0586454e-03
  -1.4322775e-01   5.8127152e-01  -1.0438403e-01  -1.1455348e-02   2.1440654e-03   2.9214589e-03
  -1.5041793e-01   6.1188434e-01  -1.5029044e-01  -1.1019549e-02   2.1240356e-03   3.1268018e-03
  -1.3289820e-01   6.3363075e-01  -1.2878383e-01  -1.1573939e-02   1.9029801e-03   3.0441631e-03
  -1.2387512e-01   5.2101565e-01  -1.6717001e-01  -1.1007684e-02   1.7033300e-03   3.2978808e-03
  -9.5946028e-02   3.5125879e-01   6.3848670e-02  -1.0043340e-02   1.8017299e-03   2.7268144e-03
  -1.1074439e-01   5.3909019e-01  -1.1254919e-02  -1.0236923e-02   1.8035828e-03   2.7699149e-03
  -1.2173919e-01   6.1382369e-01  -1.7453916e-02  -1.1599713e-02   1.8055467e-03   2.8931698e-03
  -1.3486185e-01   4.6142180e-01  -1.7302352e-02  -1.0188949e-02   2.1652925e-03   2.7118802e-03
  -1.1050209e-01   6.9013103e-01  -4.5905986e-02  -1.1031182e-02   1.7172740e-03   3.3012471e-03
  -1.0983266e-01   5.7458957e-01  -8.9300950e-02  -1.0935813e-02   1.8479679e-03   3.6037944e-03
  -1.0476941e-01   6.0798114e-01  -6.2436709e-02  -1.1740172e-02   1.9262130e-03   3.6983175e-03
  -1.1570592e-01   6.1238782e-01  -8.8858572e-02  -1.1652255e-02   1.9633400e-03   3.7930526e-03
  -1.4000382e-01   1.2421495e-01  -3.1450457e-01  -4.4017970e-03   2.7353175e-03   4.1098458e-03
  -4.6120942e-02   2.3016310e-01  -3.1734640e-01  -4.6189102e-03   1.3806939e-03   4.5080990e-03
  -8.8275492e-02   4.8008683e-01  -1.8242744e-01  -7.3557972e-03   1.9827255e-03   4.5264166e-03
  -8.5862461e-02   3.7136364e-01  -1.7582113e-01  -7.6817595e-03   2.1110161e-03   4.3765627e-03
  -9.8592469e-02   4.4551198e-01  -1.4450476e-01  -8.6693434e-03   2.1522986e-03   4.3745937e-03
  -1.0394057e-01   3.8767578e-01  -2.1794970e-01  -8.2863755e-03   2.2141847e-03   4.6262969e-03
  -8.3285485e-02   4.2958839e-01   6.2628361e-02  -9.0631822e-03   2.3105966e-03   3.9255330e-03
  -1.0634166e-01   2.2316390e-01   1.4750648e-01  -6.9427256e-03   3.0977485e-03   3.7886353e-03
  -9.3988515e-02   4.9533332e-01   7.7155335e-02  -8.0865924e-03   2.8051550e-03   3.9624283e-03
  -8.8959754e-02   5.2001599e-01   5.3963735e-02  -9.2854849e-03   2.8230110e-03   4.1900418e-03
  -1.0292195e-01   4.8487830e-01  -2.7711203e-02  -9.5684968e-03   2.7255191e-03   4.4698194e-03
  -9.3546283e-02   5.6448897e-01   1.2041361e-01  -1.0348470e-02   2.8618308e-03   4.0643499e-03
  -7.2612365e-02   4.8267078e-01   5.8655852e-02  -9.9154752e-03   2.5800685e-03   4.1240487e-03
  -8.9315349e-02   5.5651935e-01   9.1482611e-02  -1.0660067e-02   2.7172615e-03   4.1964279e-03
  -9.1408502e-02   6.0804280e-01   1.9986804e-02  -1.0936930e-02   2.5077642e-03   4.4095136e-03
  -9.9410713e-02   5.1242396e-01   4.8838277e-02  -1.1023490e-02   2.6839120e-03   4.2503448e-03
  -9.6146268e-02   5.0585281e-01  -3.7922216e-03  -1.0988008e-02   2.4669866e-03   4.4728225e-03
  -7.6105222e-02   5.3592135e-01   7.5595673e-04  -1.0892925e-02   2.5103495e-03   4.4857952e-03
  -8.0998429e-02   5.6192333e-01   3.6291482e-02  -1.1253777e-02   2.3880985e-03   4.3472791e-03
  -6.9672253e-02   5.7025882e-01  -4.9678938e-03  -1.1425708e-02   2.3624188e-03   4.4886753e-03
  -6.5855439e-02   6.5220898e-01   5.5268755e-02  -1.1462129e-02   2.2856798e-03   4.5482088e-03
  -5.1502859e-02   5.2383886e-01  -2.1979903e-03  -1.0932034e-02   2.2184083e-03   4.5830359e-03
  -8.3188729e-02   6.3378497e-01   1.8173340e-02  -1.1020275e-02   2.3254038e-03   4.7125930e-03
  -8.3895004e-02   5.2088555e-01  -5.2809488e-02  -1.1276374e-02   2.3363858e-03   4.8004555e-03
  -6.4950566e-02   6.3858689e-01  -2.4561546e-02  -1.1404243e-02   2.0988648e-03   4.8930828e-03
  -6.0278580e-02   5.9559561e-01  -8.4729961e-02  -1.1377532e-02   2.0322879e-03   5.0991908e-03
  -4.9121897e-02   6.0948673e-01  -4.7859818e-02  -1.1476037e-02   2.0484030e-03   5.1358434e-03
  -5.1228798e-02   6.3626252e-01  -6.7285023e-02  -1.1540042e-02   2.0196891e-03   5.3239450e-03
  -6.2902753e-02   5.7570426e-01  -8.4378273e-02  -1.1643101e-02   2.2091005e-03   5.3496786e-03
  -5.3764663e-02   6.4500939e-01   1.7306186e-02  -1.2523869e-02   2.0350030e-03   4.9218843e-03
  -7.1437753e-02   4.0393669e-01   2.0721196e-01  -1.1674483e-02   3.0149631e-03   4.1331789e-03
  -1.3255429e-02   6.0996873e-01   1.0490699e-01  -1.1392052e-02   1.7806140e-03   4.6352227e-03
  -4.0284696e-02   7.3302897e-01   7.9883636e-02  -1.2487685e-02   1.9835496e-03   4.9538841e-03
  -3.7467127e-02   6.3112631e-01   2.0882641e-02  -1.1980692e-02   1.8632658e-03   5.2136572e-03
  -7.8204041e-02   6.8552972e-01   5.1051518e-02  -1.2527920e-02   2.4476129e-03   5.1233417e-03
  -4.7438633e-02   6.6134958e-01   3.6625160e-02  -1.2172920e-02   1.9368232e-03   5.3579924e-03
  -2.6670691e-02   6.7214783e-01   4.5758545e-02  -1.2691448e-02   1.7777125e-03   5.3139194e-03
  -3.2971457e-02   7.4926886e-01   4.5939922e-02  -1.2749232e-02   1.9149537e-03   5.4259569e-03
  -3.5386019e-02   6.4092334e-01  -7.9440404e-04  -1.2570813e-02   2.0243826e-03   5.6335625e-03
  -1.4251315e-02   7.4328807e-01   4.4260419e-02  -1.3182023e-02   1.7616901e-03   5.5788016e-03
  -4.6718428e-02   6.5867879e-01   8.3624185e-03  -1.2944125e-02   1.8523433e-03   5.6676864e-03
  -4.7499072e-02   7.1848248e-01  -1.8325495e-02  -1.3230169e-02   1.8279009e-03   5.4786771e-03
  -3.5590907e-02   7.5153841e-01   1.5074030e-02  -1.3542747e-02   1.7626971e-03   5.4712005e-03
  -3.7377332e-02   6.9923942e-01  -3.2241342e-02  -1.2807472e-02   1.6836809e-03   5.4387598e-03
  -4.5783496e-02   6.6521657e-01  -3.5056729e-02  -1.3124339e-02   1.7404875e-03   5.3490790e-03
  -4.4872098e-02   6.9989216e-01   2.4722320e-03  -1.3347477e-02   1.7482702e-03   5.1420109e-03
  -4.8895678e-02   6.5811443e-01  -3.8711787e-02  -1.2937654e-02   1.6927673e-03   5.1020137e-03
  -4.6883409e-02   5.6759591e-01   2.7042563e-01  -1.3031453e-02   2.1188395e-03   4.0647631e-03
  -8.6325061e-02   5.1374097e-01   2.8362618e-01  -1.1907240e-02   3.1101033e-03   3.9626850e-03
  -1.0702332e-01   7.6281349e-01   1.4658120e-01  -1.2044613e-02   2.8157715e-03   4.0815709e-03
  -7.8988222e-02   6.6074594e-01   1.4125345e-01  -1.3014346e-02   2.3123911e-03   4.2414109e-03
  -5.5818716e-02   6.7072907e-01   9.3314233e-02  -1.2776196e-02   1.9858647e-03   4.3175643e-03
  -7.4354500e-02   6.3042603e-01   1.6992227e-01  -1.2673710e-02   2.2355276e-03   4.1664833e-03
  -6.4643592e-02   6.8844882e-01   1.0398260e-01  -1.2576264e-02   1.9204418e-03   4.5252188e-03
  -8.7288402e-02   6.9189860e-01   2.1997981e-01  -1.3560328e-02   2.3611662e-03   4.1949316e-03
  -6.3409759e-02   5.4984008e-01   9.7856755e-02  -1.2410180e-02   2.1304876e-03   4.2298855e-03
  -5.0236814e-02   4.3876452e-01  -3.2959320e-01  -7.6094929e-03   1.6920798e-03   5.3183743e-03
   2.8745787e-02   4.7713941e-01  -7.6867243e-02  -9.7666268e-03   5.3780580e-04   5.0100603e-03
  -1.8861554e-02   4.3091158e-01   2.5763791e-03  -9.9505379e-03   1.2822552e-03   4.6629325e-03
  -4.3129470e-02   5.8146636e-01  -2.5368934e-02  -1.0161090e-02   1.5053598e-03   4.9240339e-03
  -4.4343677e-02   5.3229932e-01  -1.7240642e-02  -1.0590210e-02   1.6047073e-03   4.8768847e-03
  -3.2991910e-02   4.8719102e-01  -3.3876721e-02  -1.0357745e-02   1.3563245e-03   4.9068621e-03
  -3.3366796e-02   1.7833495e-01  -2.1325168e-01  -4.9897294e-03   1.2267692e-03   5.0552157e-03
   6.5273077e-02  -1.4415995e-02  -2.7272354e-01  -1.4086537e-03   4.5992053e-04   5.8261029e-03
   2.1283717e-02   2.5536773e-01  -1.7785571e-01  -4.7812175e-03   8.8001851e-04   5.8032588e-03
   2.1781359e-02   3.6328053e-01  -1.1031488e-01  -7.0726838e-03   8.3402180e-04   5.5978583e-03
   5.1012135e-03   3.5623580e-01  -1.8096472e-01  -7.1648935e-03   8.9125503e-04   5.8046321e-03
   1.4847482e-03   4.0919050e-01  -1.8612139e-01  -8.0383146e-03   8.1171783e-04   5.7351148e-03
   5.0804830e-03   3.5863658e-01  -8.3630519e-02  -8.4678876e-03   9.2566491e-04   5.1823577e-03
   5.1387558e-03   4.1554717e-01  -1.1635048e-01  -8.0301566e-03   9.1832146e-04   5.5515584e-03
  -6.3818982e-03   5.0857930e-01  -7.1637463e-02  -9.1138707e-03   1.0923609e-03   5.5848211e-03
  -1.5084925e-02   4.6740388e-01  -1.1915064e-01  -9.1121340e-03   1.1140154e-03   5.7205781e-03
  -1.4888557e-02   4.3172631e-01  -1.1013451e-01  -9.3666340e-03   1.1759122e-03   5.7446312e-03
  -1.6832730e-02   4.8892026e-01  -1.3835936e-01  -9.5157724e-03   1.1465170e-03   5.9059037e-03
  -1.3821192e-02   5.3881007e-01  -1.0844257e-01  -9.7325277e-03   1.1078592e-03   5.7888864e-03
  -1.9743472e-02   4.6642335e-01  -1.6166978e-01  -9.7872777e-03   1.0572330e-03   5.8019654e-03
   6.1940592e-03   5.4508041e-01  -1.3190512e-01  -1.0648435e-02   9.0678973e-04   5.7487809e-03
   3.4865245e-03   5.2830976e-01  -1.3224514e-01  -1.0067027e-02   8.1453255e-04   5.7630186e-03
   1.5532958e-02   3.3232446e-01   1.1475313e-01  -9.2440318e-03   1.3096990e-03   5.2024122e-03
   9.0188285e-03   4.1245770e-01   3.2161142e-03  -8.7488859e-03   1.1891741e-03   5.2398498e-03
  -7.0298526e-04   6.0275151e-01  -2.5942709e-02  -9.4269623e-03   8.7976563e-04   5.5053756e-03
  -1.0659355e-02   5.4456104e-01  -6.3919443e-02  -9.8235115e-03   9.4852895e-04   5.5901440e-03
  -4.0663416e-02   5.6037717e-01  -5.4048433e-02  -1.0273960e-02   1.1186725e-03   5.6384672e-03
  -3.0733205e-02   5.6410938e-01  -9.1634276e-02  -9.9719991e-03   9.8875927e-04   5.7003956e-03
  -2.7648000e-02   5.2317741e-01  -5.0120924e-02  -1.0227353e-02   9.6295010e-04   5.6959670e-03
  -2.5173131e-02   5.2590197e-01  -1.1985584e-01  -1.0009720e-02   9.4011612e-04   5.9333658e-03
  -1.6360050e-02   6.0164780e-01  -3.9922586e-02  -1.0383544e-02   9.6771655e-04   5.8250846e-03
  -2.4173184e-02   5.0719359e-01  -1.1603050e-01  -1.0261697e-02   1.1071636e-03   6.0767631e-03
  -1.6977704e-02   4.6895515e-01   3.5077411e-02  -1.0224805e-02   1.2243856e-03   5.4564701e-03
  -1.1837926e-02   4.2632123e-01   4.5470067e-02  -9.4245306e-03   1.3248935e-03   5.1668401e-03
  -9.4868940e-03   6.2154615e-01   2.2325790e-02  -9.8498023e-03   1.0848527e-03   5.4454792e-03
  -1.6304638e-02   6.2472744e-01   2.5566735e-02  -1.0445170e-02   1.1850758e-03   5.4978267e-03
  -3.9663371e-02   2.0385428e-01  -4.0779766e-01  -3.8043494e-03   1.0871133e-03   5.8525590e-03
   3.8798110e-02   4.0885830e-01  -2.6051966e-01  -6.4190186e-03   2.5349633e-04   6.5390301e-03
   1.9567580e-02   4.7463920e-01  -1.8275555e-01  -8.2653436e-03   5.5465911e-04   6.3992279e-03
   1.8435751e-02   5.3184660e-01  -1.9869745e-01  -9.2516645e-03   5.0294808e-04   6.5521638e-03
   1.3578705e-02   5.1234207e-01  -1.5937859e-01  -9.5361456e-03   5.9874760e-04   6.5134684e-03
   5.3281085e-03   5.0631714e-01  -2.0955162e-01  -9.8265706e-03   4.7072290e-04   6.4716063e-03
   6.8651996e-03   5.5572038e-01  -2.2637568e-01  -9.9338844e-03   6.3639186e-04   6.4603451e-03
   3.7247121e-02   4.8263489e-01  -1.2533704e-01  -1.0021083e-02   1.4045925e-04   5.8743724e-03
   4.4572560e-02   4.0839370e-01  -1.1742328e-01  -9.5862911e-03   1.9959102e-04   5.6467582e-03
   2.5525317e-02   5.3329785e-01  -5.1043418e-02  -1.0172676e-02   3.3278305e-04   5.7046204e-03
   1.5739892e-02   4.6515906e-01  -8.7691772e-02  -9.7772759e-03   4.9598950e-04   5.5070883e-03
   1.1616297e-02   6.0812605e-01  -5.4816554e-02  -1.0635007e-02   5.3612544e-04   5.7468002e-03
  -1.1736092e-02   5.5811879e-01  -1.1968218e-01  -1.0570395e-02   7.5611515e-04   5.8802205e-03
   1.1214465e-02   5.5398228e-01  -8.6145695e-02  -1.0242854e-02   5.9754128e-04   5.9130632e-03
   8.3215553e-03   5.3584657e-01  -1.0640534e-01  -1.0257441e-02   4.9658289e-04   5.9840842e-03
   7.0741314e-04   5.0940061e-01  -8.4151229e-02  -1.0697912e-02   6.4544266e-04   5.7865811e-03
   3.4061472e-03   5.6497502e-01  -4.5039123e-02  -1.1192731e-02   5.4848644e-04   5.7692331e-03
   7.5952053e-03   3.4017813e-01   1.0736519e-01  -1.0343117e-02   1.1460571e-03   5.2156746e-03
  -1.9109577e-03   4.8469582e-01  -6.2358768e-02  -9.6803913e-03   8.8026836e-04   5.3496879e-03
   1.4649244e-02   4.7997711e-01  -8.9777271e-02  -9.3640370e-03   6.3869590e-04   5.7273724e-03
   2.5492701e-02   4.5244508e-01  -1.0759202e-01  -9.1437763e-03   4.5130834e-04   5.7859155e-03
   2.2592439e-02   5.5169876e-01  -3.1885912e-02  -9.7685359e-03   4.6630707e-04   5.8197938e-03
   3.7643964e-02   4.7395148e-01  -1.0890953e-01  -9.3555920e-03   2.1305697e-04   6.0335869e-03
   4.1035688e-02   7.5773846e-02  -4.1208925e-01  -1.2549697e-03   1.4977010e-04   6.8831737e-03
   9.1799666e-02   2.5354732e-01  -1.3388059e-01  -6.6843566e-03  -3.8676889e-04   6.1369910e-03
   8.9842988e-02   4.1082261e-01  -1.4316367e-01  -7.0771729e-03  -4.9721726e-04   6.1512706e-03
   7.9677408e-02   3.9549871e-01   4.2064861e-02  -7.8565660e-03  -1.9850061e-04   5.4877090e-03
   8.6492873e-02   3.9930446e-01  -4.2860454e-02  -7.5137696e-03  -3.6436851e-04   5.6511610e-03
   5.4357553e-02   4.7521374e-01  -7.6430028e-02  -7.4997731e-03  -5.9143497e-05   5.9647985e-03
   6.1743087e-02   4.2479031e-01  -1.2376578e-01  -8.0233535e-03  -8.2538336e-05   6.1497992e-03
   5.1837251e-02   4.8759210e-01  -1.1669758e-01  -8.6794118e-03  -7.5965202e-05   6.0123339e-03
   4.5625370e-02   3.8157641e-01  -8.5609609e-02  -8.5799103e-03   4.7237896e-05   5.7478130e-03
   2.5481577e-02   5.8371010e-01  -1.2106006e-01  -8.9606408e-03   1.2500661e-05   5.9822783e-03
   3.1153705e-02   4.2160324e-01  -4.9888650e-02  -9.4988055e-03   1.8035327e-04   5.7384952e-03
   2.1995525e-02   5.4281530e-01  -6.7783241e-02  -1.0130118e-02   1.8886896e-04   5.9137644e-03
   2.2838611e-02   4.0084170e-01   1.8281824e-01  -1.0249180e-02   8.9815840e-04   4.8914570e-03
   5.2509314e-02   2.4716371e-01   4.7227090e-01  -1.0093474e-02   2.1079113e-03   5.5598421e-03
   6.9534890e-02   5.4856725e-01   3.3889305e-01  -1.0948164e-02   1.3754606e-03   5.4599509e-03
   7.7940506e-02   7.4796592e-01   2.6769304e-01  -1.2328114e-02   9.4088911e-04   5.3875325e-03
   4.2761400e-02   6.9491872e-01   2.3286344e-01  -1.2388922e-02   1.0783084e-03   5.4920789e-03
   3.6265960e-02   5.9583443e-01   2.5539097e-01  -1.2135551e-02   1.2686000e-03   5.6390292e-03
   4.1272058e-02   6.5251656e-01   2.0486393e-01  -1.2604729e-02   1.1806306e-03   5.8045904e-03
   3.5325921e-02   7.0087322e-01   2.0052869e-01  -1.2569585e-02   1.1715619e-03   5.9961934e-03
   3.0284385e-02   6.2088506e-01   1.8283887e-01  -1.3021180e-02   1.1378393e-03   5.8574123e-03
   1.1767315e-02   7.0049433e-01   1.2858422e-01  -1.3242771e-02   1.2754972e-03   6.0248104e-03
   9.0523966e-03   7.3618266e-01   1.1293397e-01  -1.3617024e-02   1.1292797e-03   6.1271438e-03
   3.4169661e-02   6.3464776e-01   1.5184913e-01  -1.3962467e-02   9.2524665e-04   6.0167495e-03
   5.7460712e-02   7.2975835e-01   1.2593723e-01  -1.3412760e-02   7.7015924e-04   6.4057204e-03
   4.2591851e-02   8.0418869e-01   1.4391090e-01  -1.3815678e-02   1.0085842e-03   6.4218218e-03
   5.1805147e-02   7.0188702e-01   1.3143035e-01  -1.3729719e-02   8.3531338e-04   6.2611280e-03
   6.0345822e-02   5.9507299e-01   1.8546245e-01  -1.3630532e-02   1.0585660e-03   6.0486652e-03
   3.6530317e-02   7.7484503e-01   1.7158367e-01  -1.3550093e-02   1.0528232e-03   6.0859913e-03
   3.2996208e-02   6.9865019e-01   1.3261108e-01  -1.3480203e-02   1.0910779e-03   6.2329049e-03
   2.9847135e-02   6.7816300e-01   1.4905480e-01  -1.3597577e-02   9.7902222e-04   6.1631197e-03
   3.2644194e-02   6.9846658e-01   1.3554364e-01  -1.3878860e-02   9.2246469e-04   6.2639350e-03
   1.9778692e-02   7.7769722e-01   1.6783114e-01  -1.3784472e-02   1.2274396e-03   6.4877809e-03
   1.8780691e-02   6.6684531e-01   8.1094205e-02  -1.3463143e-02   1.1286049e-03   6.7819656e-03
   1.0721216e-02   6.6509299e-01   1.1294368e-01  -1.3320024e-02   1.4319112e-03   6.7608667e-03
   2.0325496e-03   6.6596521e-01   4.8837956e-02  -1.3248282e-02   1.2740706e-03   6.9638213e-03
  -3.6052077e-03   6.5225632e-01   4.1211434e-02  -1.3534640e-02   1.3244562e-03   7.1016194e-03
   1.1425770e-02   7.1813186e-01   5.5889410e-02  -1.3720206e-02   1.0412962e-03   7.0141610e-03
   1.4861380e-02   6.7851948e-01   2.7252048e-02  -1.3779037e-02   1.1426898e-03   7.0437924e-03
   3.0745745e-02   7.5676167e-01   9.9135662e-02  -1.4420023e-02   9.7359759e-04   6.9853499e-03
   1.3939488e-02   6.9998349e-01   4.6710028e-02  -1.3523818e-02   1.2098815e-03   7.0325586e-03
   1.9848806e-02   8.0731552e-01   1.0336224e-01  -1.4621428e-02   1.0062146e-03   6.8730901e-03
   1.3814651e-02   7.1010653e-01  -4.3804502e-03  -1.3652261e-02   9.4876135e-04   7.0790950e-03
   3.4599198e-03   4.6275698e-01  -1.8297106e-01  -9.3621543e-03   1.3341130e-03   7.4079847e-03
   8.7248633e-02   5.3302088e-01  -1.7918634e-01  -9.5949993e-03   1.4359922e-04   7.6455710e-03
   4.8583258e-02   6.3504612e-01  -9.0811636e-02  -1.1090154e-02   5.8483471e-04   7.3763654e-03
   3.3169485e-02   6.7259398e-01  -8.6958395e-02  -1.1846312e-02   6.5905882e-04   7.4191836e-03
   2.7451540e-02   6.3911323e-01  -1.1559029e-01  -1.1604406e-02   7.5930868e-04   7.5738980e-03
   3.8376690e-02   6.8548869e-01  -4.4637174e-02  -1.2273930e-02   6.7338096e-04   7.4342525e-03
   2.5901460e-02   4.7604655e-01  -8.2976308e-02  -1.1829695e-02   9.0201307e-04   7.1999026e-03
   8.9006119e-03   6.5303189e-01  -9.0405249e-02  -1.2172913e-02   8.6708659e-04   7.5314975e-03
   3.1156981e-02   4.4551642e-01   1.2067054e-01  -1.1950586e-02   1.1183609e-03   6.7228055e-03
   6.1708339e-02   2.4121094e-01   2.9778582e-01  -9.7431107e-03   1.2736674e-03   6.5758993e-03
   5.6943963e-02   6.3846802e-01   2.2683052e-01  -1.1312732e-02   1.0498461e-03   6.1117576e-03
   5.2408453e-02   8.2159148e-01   1.4507602e-01  -1.2281244e-02   8.5617863e-04   6.5197276e-03
   4.5260797e-02   6.3986867e-01   1.2938613e-01  -1.2940422e-02   9.1217591e-04   6.6293074e-03
   4.4657821e-02   5.6280540e-01   1.0488650e-01  -1.2150281e-02   1.1664429e-03   6.7907545e-03
   3.7457996e-02   6.8170379e-01   8.8844500e-02  -1.2897061e-02   1.1456331e-03   7.0178712e-03
   2.7243910e-02   7.1560058e-01   1.1071265e-01  -1.3401887e-02   1.3711377e-03   7.1469786e-03
   2.8553324e-02   6.8846189e-01   7.5230213e-02  -1.3337104e-02   1.1572111e-03   7.2523778e-03
   5.7349677e-02   6.7486052e-01   6.4185587e-02  -1.3572433e-02   9.9329251e-04   7.3711376e-03
   4.6969484e-02   6.9889341e-01   4.7153196e-02  -1.3618826e-02   1.0799658e-03   7.4949978e-03
   5.0809588e-02   7.5717434e-01   2.6251290e-02  -1.3790673e-02   1.0576040e-03   7.6064928e-03
   5.6474832e-02   7.3961207e-01   9.4031095e-02  -1.4201079e-02   9.6047342e-04   7.3271092e-03
   5.0345160e-02   5.4223277e-01   1.5218519e-01  -1.3975838e-02   1.3685122e-03   6.6390421e-03
   3.4173388e-02   7.5010894e-01   6.3067101e-02  -1.3478429e-02   1.2381517e-03   6.7782525e-03
   2.5273688e-02   7.8725273e-01   4.9645586e-02  -1.3860391e-02   1.2228749e-03   6.8631561e-03
   2.3441802e-02   6.8796157e-01   1.7528362e-02  -1.3473616e-02   1.1672061e-03   6.9427371e-03
   1.6532300e-02   8.2279614e-01   5.4436922e-02  -1.4065789e-02   1.3005496e-03   6.9668701e-03
   2.4458089e-02   7.1479507e-01  -5.8541678e-03  -1.3624925e-02   1.1681048e-03   7.1020736e-03
   3.1589935e-02   7.2396498e-01   7.2390306e-03  -1.3844213e-02   1.1098764e-03   7.0012739e-03
   2.7884897e-02   7.9058576e-01   3.6012390e-02  -1.4365205e-02   1.0685816e-03   6.8068519e-03
   3.0971942e-02   4.4776808e-01  -1.7155263e-01  -1.0289188e-02   6.4688965e-04   6.9354822e-03
   8.3792213e-02   5.2752410e-01  -1.4293371e-01  -9.8725992e-03  -1.9034682e-06   6.8228534e-03
   6.9684797e-02   6.3497693e-01  -4.5161433e-02  -1.1759156e-02   1.1818047e-04   6.8484936e-03
   5.9065758e-02   6.0227874e-01  -8.0508021e-02  -1.1535490e-02   3.2429027e-04   6.9152730e-03
   5.8014814e-02   6.3655967e-01  -7.8969456e-02  -1.1985396e-02   2.3774804e-04   6.9153959e-03
   2.0183653e-02   5.9834852e-01  -1.2354353e-01  -1.2435974e-02   4.8251588e-04   6.7885163e-03
   3.0364274e-02   6.6052757e-01  -1.0151333e-01  -1.3003128e-02   4.4370221e-04   6.8101448e-03
   9.0217484e-03   6.7498988e-01  -7.6521353e-02  -1.2820781e-02   6.2218951e-04   6.8298888e-03
   9.5178219e-03   5.7882160e-01  -9.3949736e-02  -1.2773089e-02   6.5155312e-04   6.8595007e-03
   2.0235555e-02   6.7259280e-01   1.7232192e-01  -1.4211507e-02   8.9263706e-04   6.1184885e-03
   1.0701178e-02   6.0606211e-01   8.3758329e-02  -1.3206660e-02   9.8230796e-04   6.1150425e-03
   8.1223310e-03   7.3916744e-01   9.6604183e-02  -1.3798709e-02   6.7911839e-04   6.1286138e-03
   3.1911961e-02   6.2629226e-01   7.9652132e-03  -1.3133812e-02   4.5494651e-04   6.4465556e-03
  -2.9246441e-03   7.9778302e-01   4.8061322e-02  -1.3688865e-02   9.3022524e-04   6.5956929e-03
  -1.4629640e-02   6.5178975e-01  -1.2324546e-03  -1.3495592e-02   8.6350984e-04   6.4962478e-03
  -4.2960052e-03   6.6234018e-01  -1.9107437e-02  -1.3506613e-02   8.7729900e-04   6.7133854e-03
   1.0759461e-02   6.8389699e-01   6.2077529e-03  -1.4002514e-02   6.2636940e-04   6.6595872e-03
  -1.6894574e-02   6.5259261e-01  -3.3058727e-02  -1.3210351e-02   9.8924195e-04   6.8402578e-03
  -1.1636085e-02   7.0940329e-01   7.0219561e-02  -1.4556761e-02   1.1116650e-03   6.5507504e-03
  -2.0913402e-02   6.4107247e-01  -1.4207901e-02  -1.3461918e-02   1.0424654e-03   6.5802334e-03
  -2.3716553e-02   7.5651928e-01   9.6055685e-03  -1.4740878e-02   1.1142765e-03   6.6523001e-03
  -2.3563176e-02   7.6090911e-01  -6.5996613e-02  -1.3816453e-02   9.9969919e-04   6.6561765e-03
  -1.9064928e-02   7.4278225e-01  -3.7568235e-02  -1.4354884e-02   1.0291807e-03   6.6045471e-03
  -1.7190796e-02   7.9306197e-01  -7.8091848e-02  -1.4102787e-02   8.7676796e-04   6.6789344e-03
  -1.1981572e-02   7.8851625e-01  -9.3617684e-02  -1.4122628e-02   8.2486550e-04   6.9058801e-03
   1.9194457e-02   7.8000038e-01  -8.5876984e-02  -1.4291566e-02   4.2954723e-04   6.8979096e-03
   2.9254746e-02   7.4974634e-01  -1.2849052e-01  -1.4308908e-02   3.0046125e-04   7.0959383e-03
  -1.0440760e-02   6.8969237e-01   2.7932750e-02  -1.4690849e-02   1.0496151e-03   6.6285270e-03
  -3.3534766e-03   7.1004072e-01  -1.0852890e-01  -1.4105593e-02   9.0044261e-04   7.0017187e-03
   1.0045797e-02   7.1826014e-01   4.0717514e-02  -1.4159689e-02   8.6018471e-04   6.5250705e-03
