   0.0000000e+00   0.0000000e+00   0.0000000e+00   0.0000000e+00   0.0000000e+00   0.0000000e+00
  -2.8601910e-02   1.1624797e-02   2.3048418e-02  -1.7783926e-04   3.7028424e-04  -2.8252055e-04
  -9.0007014e-04  -3.7215530e-02  -5.8272547e-02   1.0678826e-04   6.6302331e-05  -3.4343236e-06
  -3.2423918e-02  -7.4729843e-03  -1.6621318e-02  -3.9869735e-04   6.6737987e-04  -1.6170384e-04
  -1.3644504e-02  -6.3726280e-02  -7.4533250e-02   4.3118636e-04   2.9643117e-04  -7.4079518e-05
  -2.4038238e-02   2.0654593e-02  -4.5682931e-02  -1.0812189e-04   5.4271399e-04  -4.1835544e-06
  -2.5347915e-02  -1.6493463e-02  -6.5992328e-02   2.2234823e-04   3.2487415e-04  -1.2346945e-04
  -3.3980398e-02  -1.6577396e-02  -9.3479997e-02   8.4029916e-05   3.0295935e-04  -2.9578758e-04
  -5.3806149e-02  -9.3000135e-02  -4.9388795e-02   5.7519008e-04   7.9144873e-04  -7.2934581e-05
  -5.0404568e-02  -7.7430465e-02  -4.5726296e-02   6.3260731e-04   7.9978737e-04  -1.6772368e-04
  -5.2763885e-02  -6.5485437e-02  -1.8769809e-02   3.7115275e-04   8.2908724e-04  -1.4028699e-04
  -6.0661913e-02  -5.7245648e-02  -5.0153101e-02   6.4989274e-04   1.1817260e-03   1.0140663e-04
  -2.4190874e-02  -2.6842917e-02  -5.5911074e-02   3.0785256e-04   6.2449305e-04   3.0922364e-04
  -4.2698454e-02  -1.7905216e-02  -1.6849721e-02   3.5886321e-05   6.5200995e-04  -8.0201072e-05
  -1.2036714e-02  -2.9085239e-02  -5.8679203e-02  -2.2952648e-04   2.3475387e-04  -1.7560269e-04
  -6.1329030e-02   2.1196837e-03  -7.4686936e-03   6.3272536e-06   1.0618816e-03  -1.9777589e-04
  -2.8216363e-02  -3.5836799e-02  -9.2501122e-02  -2.8484012e-04   5.3455521e-04   3.6283303e-05
  -3.3746378e-02   5.7176407e-02  -3.5844483e-02  -4.2703760e-04   6.6159457e-04  -1.2022683e-04
  -1.5088643e-02  -2.1057387e-02  -8.7773563e-02  -2.4542769e-04   2.4559740e-04  -4.1554856e-05
  -3.9122804e-02   1.7071793e-02  -2.7598891e-02  -9.1468683e-04   5.5922708e-04  -1.3142367e-04
  -1.9983353e-02  -2.7163047e-02  -6.3891403e-02  -6.6509964e-04   1.9867228e-04  -2.1901873e-04
  -1.6945684e-02   6.7170345e-02  -7.7038345e-02  -7.2768330e-04   8.7162546e-05  -1.9476432e-04
  -3.4873903e-02  -2.2563160e-02  -6.2986750e-02  -5.0398835e-04   2.4804507e-04  -1.2114615e-04
  -5.1992068e-02   2.2889935e-02  -6.7289263e-02  -3.0370484e-04   5.0503319e-04  -3.3636259e-04
  -4.0247827e-02   8.7516372e-02  -1.0203884e-01  -8.7655314e-04   4.5134107e-04  -2.8688387e-04
  -3.4732129e-02  -1.7113303e-02  -8.3301333e-02  -5.2814800e-04   3.6253244e-04  -2.8765283e-04
  -5.4084102e-02  -2.1378823e-03  -5.4769834e-02  -6.6902661e-04   6.3000035e-04  -4.9020039e-04
  -3.8165068e-02   1.4049631e-02  -9.8830951e-02  -7.7901945e-04   1.9811527e-04  -4.9867228e-04
  -3.7469182e-02   7.3866499e-02  -5.8344569e-02  -1.0189022e-03   1.4148958e-04  -6.1086702e-04
  -5.6635755e-02  -5.0134073e-02  -5.9725235e-02  -1.0526242e-03   3.8083555e-04  -8.6709168e-04
  -4.6357187e-02   2.2524281e-02  -6.2557781e-02  -1.0216775e-03   1.5668885e-04  -7.0305199e-04
  -7.6823615e-02   7.9708977e-02  -3.4738159e-03  -1.6081630e-03   5.3831863e-04  -1.1183161e-03
  -5.3945328e-02  -1.4529527e-02  -8.9564616e-02  -1.0699783e-03   2.9541809e-04  -8.4069272e-04
  -5.6215058e-02   1.1160943e-01  -4.3091779e-02  -1.4690556e-03   4.8643471e-04  -8.5001725e-04
  -3.6067188e-02  -1.2959262e-03  -7.3453174e-02  -1.1204399e-03   2.0644146e-04  -9.0894857e-04
  -4.0513387e-02   1.4800203e-02  -6.5168029e-02  -1.0702185e-03   1.5390251e-04  -7.8886791e-04
  -4.6714670e-02   4.1223054e-02  -3.2620445e-02  -1.5260086e-03   2.5375255e-04  -6.5148475e-04
  -5.7272604e-02   7.2803668e-02  -5.5663168e-02  -1.3970815e-03   4.0698314e-04  -7.3437056e-04
  -2.6490245e-02   6.9818785e-02  -1.1882017e-01  -1.7258309e-03   1.6930221e-04  -5.8824866e-04
  -3.2538369e-02   5.3176684e-02  -8.2839473e-02  -1.0785114e-03   2.0787034e-04  -7.0592300e-04
  -4.6274028e-02   3.9948261e-02  -8.4061974e-02  -1.0653981e-03   2.0133154e-04  -8.3003013e-04
  -2.8421685e-02   1.0685022e-01  -9.8829611e-02  -1.5934431e-03   5.6813010e-05  -6.0189413e-04
  -4.9716570e-02  -7.9547551e-03  -6.4140629e-02  -1.5561992e-03   4.1563639e-04  -6.3769472e-04
  -1.2157274e-02   2.3584174e-02  -9.9427414e-02  -1.1098729e-03  -1.6758677e-04  -5.2402535e-04
  -4.6096298e-02  -2.3295323e-02  -5.8825411e-02  -1.5746192e-03   3.3797132e-04  -5.6185574e-04
  -5.5559338e-02  -1.8416187e-02  -7.3421669e-02  -1.3004593e-03   3.5325640e-04  -5.9402669e-04
  -5.6482621e-02   9.8460868e-02  -1.0303880e-01  -1.4387085e-03   4.2441212e-04  -4.9384504e-04
  -6.7259074e-02   1.2769602e-01  -1.0645236e-01  -1.6677702e-03   5.9490523e-04  -4.6901545e-04
  -7.6651287e-02   5.7028435e-02  -9.4205194e-02  -9.4658778e-04   7.3693716e-04  -5.4941029e-04
  -6.5102694e-02  -1.3274354e-02  -8.5043147e-02  -9.6676485e-04   6.1575013e-04  -6.2250103e-04
  -6.0757611e-02  -1.8422783e-02  -1.1520180e-01  -1.2888626e-03   5.4116832e-04  -5.0611175e-04
  -4.0899602e-02   7.2925782e-02  -1.0373997e-01  -1.3485483e-03   2.0510163e-04  -4.0141045e-04
  -5.6351400e-02  -1.4511832e-02  -1.0426323e-01  -7.7228081e-04   3.6498318e-04  -4.2777754e-04
  -7.1867170e-02   8.5920248e-02  -1.0702690e-01  -1.0744676e-03   7.2299524e-04  -4.4959938e-04
  -5.7799538e-02  -5.3001476e-02  -8.0399981e-02  -4.8817829e-04   6.1895348e-04  -3.4164814e-04
  -7.1648932e-02   4.9104473e-02  -1.0536707e-01  -1.2394505e-03   7.7721415e-04  -4.7034601e-04
  -6.1584801e-02   1.0596886e-02  -7.6797899e-02  -6.9445882e-04   6.7304548e-04  -5.8345141e-04
  -7.1029025e-02  -4.1431839e-02  -1.1664683e-01  -8.6929928e-04   8.8784145e-04  -4.6336149e-04
  -5.5601320e-02   1.7389073e-02  -1.0052236e-01  -1.0457287e-03   5.0127837e-04  -4.4729830e-04
  -7.2562253e-02  -1.2140963e-03  -8.5323612e-02  -9.9894642e-04   7.9130909e-04  -6.1947078e-04
  -4.0808696e-02   1.6630404e-02  -1.3272081e-01  -1.0231337e-03   4.2303991e-04  -4.1225973e-04
  -7.0177183e-02   2.6016096e-02  -7.6886722e-02  -1.4241535e-03   8.6665633e-04  -3.6568808e-04
  -5.1148755e-02   5.7910914e-02  -1.3297061e-01  -8.8613029e-04   4.5581375e-04  -4.4519648e-04
  -7.1685332e-02   4.4474043e-02  -1.3291438e-01  -9.3167675e-04   8.1463274e-04  -3.8260842e-04
  -7.2687096e-02  -5.1236869e-02  -1.1493401e-01  -5.7158395e-05   8.7041189e-04  -4.3610253e-04
  -6.3591519e-02   6.5792952e-02  -1.4528832e-01  -5.8684354e-04   8.4466246e-04  -2.7779032e-04
  -9.2857174e-02  -4.6877529e-03  -9.2420389e-02  -2.5876340e-04   1.5139775e-03  -4.0796960e-04
  -2.3804435e-02  -4.2800125e-02  -3.6281524e-02  -4.9695052e-04   1.5665876e-04  -2.4479432e-04
  -4.6371108e-02   9.3837543e-02  -1.2100155e-01  -1.1540716e-03   1.6335706e-04  -7.9031224e-04
  -6.1190240e-02   1.0584295e-01  -8.7745526e-02  -1.6580048e-03   4.8262027e-04  -5.3321438e-04
  -7.3288131e-02   4.1493494e-02  -8.9219771e-02  -1.4358118e-03   4.9004139e-04  -6.4912822e-04
  -8.5549592e-02   4.6479256e-02  -1.0642256e-01  -2.1014244e-03   7.9641101e-04  -9.9749988e-04
  -1.1392614e-01   7.9243884e-02  -6.2997445e-02  -1.2391548e-03   1.1699507e-03  -1.1548952e-03
  -6.6974239e-02  -9.2182465e-03  -7.7410644e-02  -1.1815303e-03   5.3347028e-04  -7.1329464e-04
  -9.8410932e-02   1.0974933e-01  -1.7047129e-02  -1.8751097e-03   1.0923611e-03  -9.5686583e-04
  -4.9728003e-02   3.8935739e-03  -8.1476323e-02  -1.8761485e-03   4.3729309e-04  -5.3769633e-04
  -8.8775642e-02   9.4484525e-02  -1.0849337e-01  -1.5745555e-03   8.7844613e-04  -8.0915388e-04
  -7.9952867e-02   9.2569952e-02  -1.2156641e-01  -1.3483223e-03   6.3333158e-04  -7.2909379e-04
  -7.7830469e-02  -2.5881967e-02  -8.5645293e-02  -1.1982209e-03   6.3440931e-04  -6.8839990e-04
  -9.0938806e-02   5.9815788e-02  -1.2830377e-01  -1.3484402e-03   7.9893114e-04  -9.2135002e-04
  -8.3817632e-02   1.0475905e-01  -1.3841194e-01  -2.1410384e-03   7.3846170e-04  -7.5412563e-04
  -8.8426851e-02   3.3477347e-02  -1.3044426e-01  -1.2565460e-03   8.0788221e-04  -7.9529090e-04
  -8.1425306e-02   1.7785373e-01  -1.5026858e-01  -2.2939858e-03   8.3213276e-04  -5.1851649e-04
  -7.5698899e-02   8.7732997e-02  -1.2959742e-01  -1.7540227e-03   6.0614639e-04  -7.0969112e-04
  -1.0026253e-01   7.2932401e-02  -1.4244832e-01  -1.8311791e-03   1.0562381e-03  -8.9862317e-04
  -8.7222770e-02   5.1710795e-02  -1.4660551e-01  -1.7329858e-03   9.2395248e-04  -7.5411743e-04
  -1.0685512e-01   4.9854915e-02  -1.0099423e-01  -1.5053574e-03   1.2126353e-03  -9.3985621e-04
  -6.9064917e-02   4.1137072e-02  -1.5080400e-01  -1.6525144e-03   7.5243997e-04  -6.6420966e-04
  -8.3741426e-02   8.5626182e-02  -1.4270781e-01  -1.5954923e-03   1.0508384e-03  -5.6661250e-04
  -1.0324449e-01   1.2813866e-01  -1.4120474e-01  -1.9905333e-03   1.3463084e-03  -6.4746657e-04
  -6.9713413e-02   1.0026353e-01  -1.8713999e-01  -1.4880001e-03   7.7471075e-04  -4.6613056e-04
  -8.0412881e-02   8.5822686e-02  -1.0904192e-01  -1.4168507e-03   9.7176489e-04  -6.3504179e-04
  -7.8769653e-02   1.8302543e-02  -1.3267349e-01  -8.6862149e-04   7.2410999e-04  -7.7159196e-04
  -8.0696068e-02   1.1795256e-01  -1.4533960e-01  -2.2012955e-03   9.2464495e-04  -5.4936084e-04
  -8.6340777e-02   6.3831536e-02  -1.3395619e-01  -1.1986665e-03   9.6017683e-04  -6.9438559e-04
  -5.9901595e-02   7.2513683e-02  -1.7107353e-01  -1.7178930e-03   6.6130669e-04  -6.9293041e-04
  -6.8548740e-02   2.1289886e-02  -1.1555871e-01  -7.9488740e-04   1.0004873e-03  -5.7117642e-04
  -4.8736156e-02   7.7645666e-02  -1.7737775e-01  -1.7242932e-03   5.1381639e-04  -4.2276809e-04
  -4.6893001e-02   1.3300205e-01  -1.7095646e-01  -1.7817415e-03   4.1393766e-04  -4.8058628e-04
  -5.4100402e-02   7.3587042e-02  -1.3648567e-01  -1.3803962e-03   5.4679548e-04  -6.3260555e-04
  -4.2859348e-02   1.0367136e-01  -1.2596620e-01  -1.3979611e-03   4.2642598e-04  -5.5982565e-04
  -6.3943190e-02   7.0183088e-02  -9.6689111e-02  -1.8945100e-03   7.2444016e-04  -6.9824410e-04
  -4.2417589e-02   3.9783879e-02  -1.5395451e-01  -1.4949841e-03   4.0262262e-04  -5.3240498e-04
  -7.5961199e-02   1.5352732e-01  -1.2494507e-01  -1.7818832e-03   1.0401437e-03  -4.6755777e-04
  -5.9359996e-02   4.2941677e-02  -1.4812735e-01  -1.0876908e-03   6.8739964e-04  -6.4330405e-04
  -8.0163865e-02   7.8522244e-02  -1.1829395e-01  -1.4334802e-03   1.1353168e-03  -4.3253694e-04
  -7.8384393e-02  -9.5086460e-02  -1.3072185e-01  -4.6430027e-04   1.0533369e-03  -4.2368646e-04
  -7.1508999e-02   7.2131841e-02  -1.3691706e-01  -1.6314657e-03   9.5526836e-04  -4.2840059e-04
  -8.5161456e-02   4.5617093e-02  -1.3245988e-01  -1.1890128e-03   1.1475954e-03  -3.5677589e-04
  -7.3326329e-02   4.0967442e-02  -1.4613053e-01  -1.3543857e-03   1.0865757e-03  -4.3900637e-04
  -5.5112046e-02   3.7332927e-02  -1.5959840e-01  -1.3672237e-03   1.0269643e-03  -1.5278260e-04
  -7.6397799e-02   7.0752406e-02  -1.2777489e-01  -1.1459614e-03   1.2950428e-03  -2.6965979e-04
  -5.2940996e-02   4.1033356e-02  -1.8618926e-01  -1.1980264e-03   9.2544822e-04  -3.3915924e-04
  -5.5683546e-02   9.0973590e-02  -1.1697422e-01  -1.3151447e-03   8.4883649e-04  -2.2449888e-04
  -7.8233369e-02   2.9631861e-03  -1.3624698e-01  -1.0129325e-03   1.0987963e-03  -4.2679450e-04
  -6.9090068e-02   6.1406928e-02  -1.6163572e-01  -1.1150101e-03   1.1512036e-03  -1.5008936e-04
  -9.9192676e-02  -4.2715698e-03  -1.4558294e-01  -4.5452471e-04   1.4101048e-03  -2.8568196e-04
  -8.9988591e-02   5.5906797e-02  -1.5175714e-01  -1.4084631e-03   1.5238864e-03  -1.7581828e-04
  -8.3003881e-02   5.0709122e-02  -1.4508429e-01  -7.5711938e-04   1.3478507e-03  -1.7977052e-04
  -9.4216869e-02   1.8629006e-02  -1.4873432e-01  -6.2341695e-04   1.7711562e-03   3.2429820e-05
  -1.1633402e-01   2.8766717e-02  -1.3367214e-01  -1.5401216e-04   1.9694118e-03   5.4373104e-07
  -6.2736128e-02   7.3423117e-03  -1.7491282e-01  -3.8111898e-04   1.1778712e-03  -2.9971847e-05
  -8.1216704e-02  -2.3788197e-02  -1.5153205e-01  -1.4210350e-04   1.4733736e-03   1.6837410e-05
  -1.1459830e-01   1.3307508e-03  -1.5058602e-01  -3.4220977e-04   1.8348490e-03  -6.0516186e-04
  -6.7674738e-02   9.6333247e-02  -8.2812881e-02  -2.5335590e-03   9.4022617e-04  -1.1912537e-03
  -4.6458623e-02   1.0397961e-01  -9.4158962e-02  -3.2206674e-03   4.8482649e-04  -1.3277822e-03
  -4.4140720e-02   1.6477254e-01  -6.3094606e-03  -3.6759232e-03   5.1654321e-04  -1.2799449e-03
   8.1604776e-03   2.7267613e-01   1.1187191e-01  -4.6878462e-03  -4.7184402e-04  -1.7013950e-03
  -2.6477046e-02   2.3043029e-01  -6.5148412e-02  -3.5615596e-03  -9.4616382e-05  -1.2714692e-03
  -8.0491475e-02   4.1408473e-02  -1.3234932e-01  -1.3494066e-03   8.0749609e-04  -8.5769706e-04
  -5.9094215e-02   7.9334391e-02  -9.9321985e-02  -2.1126880e-03   7.9855832e-04  -4.3647989e-04
  -6.3703515e-02   1.5451443e-01  -1.1230394e-01  -2.0262941e-03   5.9487382e-04  -8.8462378e-04
  -4.2873411e-02   2.0371426e-01  -1.4334449e-01  -2.8754648e-03   4.6607809e-04  -6.0580317e-04
  -3.8261237e-02   1.2023063e-01  -1.1814469e-01  -2.3542094e-03   5.5140151e-04  -5.1400887e-04
  -2.0330702e-02   1.2932194e-01  -1.6935990e-01  -2.0788465e-03   3.3722616e-04  -3.0064034e-04
  -2.4610870e-02   2.1161470e-01  -1.2617523e-01  -2.3891894e-03   4.0680014e-04  -3.2079993e-04
  -4.1029440e-02   1.1914553e-01  -1.6827137e-01  -2.1386171e-03   5.2894443e-04  -4.7681612e-04
  -2.9146528e-03   2.0142290e-01  -1.3710933e-01  -2.4072571e-03  -1.3470955e-04  -5.1700867e-04
  -5.7537624e-02   1.1311979e-01  -1.3996126e-01  -6.8130642e-04   6.1075619e-04  -7.3642571e-04
  -2.1229466e-02   3.7004150e-02  -9.2152007e-02  -1.2764666e-03   2.7837692e-04  -5.8568073e-04
  -4.2635515e-02   4.4983006e-02  -1.0593044e-01  -4.2584535e-04   6.0159136e-04  -6.9621537e-04
  -1.7475840e-02   1.5553223e-01  -9.7098631e-02  -1.2495066e-03   1.5587731e-04  -3.5413841e-04
  -1.2299297e-02   1.1337701e-01  -9.4436657e-02  -7.8381902e-04   3.8754381e-05  -5.9386570e-04
   3.4014509e-02   6.2981194e-02  -5.0651792e-02  -1.7182088e-03  -6.5199193e-04  -5.9324536e-04
   6.8090877e-02   2.8336725e-01   1.2637285e-01  -4.2436578e-03  -1.7861745e-03  -1.8313138e-03
   8.2356261e-02   2.1316044e-01  -5.4997166e-03  -3.7510842e-03  -1.8356404e-03  -1.6000850e-03
   5.8154643e-02   2.4705922e-01  -3.8691517e-02  -2.6564530e-03  -1.5444128e-03  -1.5464344e-03
   3.9619788e-02   1.5000695e-01  -8.7830127e-02  -2.2346588e-03  -1.2987477e-03  -1.4512886e-03
   2.3568571e-02   1.9939941e-01  -3.1705151e-02  -2.6162086e-03  -9.3986887e-04  -1.7018793e-03
   3.0990604e-02   1.8620250e-01  -1.0347262e-01  -2.1556315e-03  -1.0725423e-03  -1.9740384e-03
   5.2881624e-02   2.5116954e-01  -4.8054880e-02  -3.4432642e-03  -1.3914183e-03  -1.5256079e-03
   8.6620314e-02   1.2729484e-01  -6.2206769e-02  -2.7415866e-03  -1.7837700e-03  -1.4964877e-03
   7.3119868e-02   1.8139135e-01  -2.8176392e-02  -2.7629325e-03  -1.5312102e-03  -1.4106675e-03
   9.5158578e-02   1.1396641e-01  -6.7387729e-02  -2.5365905e-03  -1.8876179e-03  -1.1891400e-03
   7.8224956e-02   1.5205647e-01  -5.1340103e-02  -3.0137512e-03  -1.5016580e-03  -8.8527284e-04
   4.4120217e-02   1.8695133e-01  -1.1354464e-01  -2.5183317e-03  -1.1071461e-03  -7.7638943e-04
   8.0476821e-02   1.8853759e-01  -1.1659566e-01  -2.8036154e-03  -1.6345011e-03  -4.1999932e-04
   5.3499032e-02   1.4553854e-01  -7.8398656e-02  -2.4559251e-03  -1.3278129e-03  -6.9845018e-04
   8.6080706e-02   1.6597303e-01  -1.2587335e-01  -2.4249545e-03  -1.7326307e-03  -5.4258915e-04
   6.6404522e-02   1.6850913e-01  -5.7251006e-02  -2.2389498e-03  -1.2773790e-03  -5.6323408e-04
   6.7321188e-02   1.3918307e-01  -9.7934437e-02  -1.7865420e-03  -1.3747545e-03  -7.5547892e-04
   3.9459770e-02   1.6868650e-01  -5.8400442e-02  -2.6278021e-03  -1.0382040e-03  -8.0406191e-04
   4.5790721e-02   1.5583195e-01  -1.4243181e-01  -2.2876922e-03  -1.3580684e-03  -1.2463040e-03
   3.5582512e-02   2.3806557e-01  -1.0192714e-01  -2.2765757e-03  -1.2255573e-03  -1.2755038e-03
   3.8012766e-02   6.9580366e-02  -1.2738293e-01  -1.5129458e-03  -1.4727683e-03  -1.5062460e-03
   2.7268259e-02   1.5019324e-01  -7.8942945e-02  -1.9841232e-03  -1.2245343e-03  -1.2934491e-03
   4.7115073e-02   1.1858236e-01  -1.0760924e-01  -2.1117382e-03  -1.4550628e-03  -1.3551916e-03
   5.7474465e-02   2.1663307e-01  -1.0862133e-01  -2.2526827e-03  -1.5486281e-03  -1.1619839e-03
   1.4595971e-02   1.0695633e-01  -9.9015860e-02  -1.3507079e-03  -1.0103146e-03  -1.4932174e-03
   2.2405383e-02   1.3328736e-01  -1.4255571e-01  -8.4627524e-04  -1.0416607e-03  -1.3315951e-03
   3.3447783e-02   1.5927576e-01  -7.6379268e-02  -1.5820228e-03  -1.2049818e-03  -9.0643803e-04
   8.9491863e-02   1.1986520e-01  -9.2926087e-02  -2.6772409e-03  -2.2145007e-03  -1.0480003e-03
   5.6405437e-02   9.3838506e-02  -7.2234158e-02  -1.9322826e-03  -1.8558015e-03  -1.6598507e-03
   6.5458573e-02   1.9415760e-01  -1.4220332e-01  -1.7852219e-03  -2.0549857e-03  -1.6235578e-03
   4.3844926e-02   1.7427541e-01  -8.5834181e-02  -2.6785270e-03  -1.4704470e-03  -1.3504169e-03
   6.3640922e-02   1.0058665e-01  -1.5749350e-01  -1.5637033e-03  -1.8762833e-03  -1.2593424e-03
   4.6356024e-02   1.7124862e-01  -1.3712260e-01  -1.4328901e-03  -1.6168186e-03  -1.1330385e-03
   3.2523382e-02   1.2408530e-01  -1.0026073e-01  -1.1444121e-03  -1.4998653e-03  -1.0814907e-03
   2.6821747e-02   1.2976596e-01  -1.0940892e-01  -1.1828371e-03  -1.2114812e-03  -1.1382453e-03
   4.5981093e-02   3.2269966e-02  -1.0552545e-01  -1.1449090e-03  -1.3854170e-03  -5.2644124e-04
   7.9189913e-02   1.4621306e-01  -1.3736786e-01  -2.2958774e-03  -1.7762032e-03  -1.9463149e-04
   7.8040966e-02   1.7358632e-01  -1.3181120e-01  -1.5175537e-03  -1.7607925e-03  -5.3906784e-04
   7.5006141e-02   1.9657856e-01  -1.0359329e-01  -1.3667869e-03  -1.8899658e-03  -6.5667580e-04
   6.0833835e-02   1.0792455e-01  -1.2615986e-01  -1.2585918e-03  -1.7679491e-03  -1.1193469e-03
   1.4317390e-02   1.9535613e-01  -8.2283318e-02  -1.4192712e-03  -1.0563245e-03  -9.7025119e-04
   2.8248575e-02   9.4227847e-02  -1.8610347e-01  -1.1267743e-03  -1.3792891e-03  -7.3521248e-04
   2.0471889e-02   1.9884628e-01  -1.6999975e-01  -9.1229346e-04  -1.1310181e-03  -7.7884389e-04
   2.9433642e-02  -8.7699146e-03  -1.3918688e-01   8.1447492e-05  -1.3378752e-03  -8.3951068e-04
   3.9367959e-02   6.5726775e-02  -1.1722286e-01  -3.8408442e-04  -1.3182215e-03  -5.0824376e-04
   6.7940267e-02   5.8766577e-02  -1.3573478e-01  -9.3426821e-04  -1.5186709e-03  -2.2190167e-04
   9.2115433e-02   1.4888115e-01  -1.9792948e-01  -1.7850710e-03  -1.7443721e-03  -4.6863570e-05
   5.9673014e-02   9.0907693e-02  -1.4923011e-01  -4.3414819e-04  -1.2200386e-03  -1.3890158e-04
   9.0982296e-02  -4.1889955e-02  -1.8580131e-01   7.9737746e-05  -1.6475511e-03  -1.0691005e-04
   7.9976703e-02   3.2983889e-02  -1.4079192e-01   2.8741225e-04  -1.2704783e-03   3.6763155e-04
   8.0322569e-02   7.6126896e-02  -1.5854455e-01  -9.9197789e-04  -1.4987549e-03  -1.0205038e-04
   1.1167797e-01   1.2828270e-01  -1.9951390e-01  -8.9688495e-04  -1.9246145e-03   3.3500043e-05
   6.4664749e-02   8.3138134e-02  -1.2494880e-01  -2.5121874e-04  -1.1910580e-03   1.6813425e-04
   6.6959603e-02   5.1295124e-02  -1.0843074e-01   5.5225855e-04  -1.1437305e-03   4.0534766e-05
   5.5508802e-02   8.3974298e-02  -1.1565275e-01   1.7015335e-05  -9.3474640e-04  -1.1128439e-04
   3.1689096e-02   2.3737121e-02  -1.5423806e-01  -3.7377514e-05  -5.5714227e-04  -2.3542051e-04
   4.5280197e-02   2.0273896e-02  -1.5930371e-01   3.8581707e-04  -7.2353375e-04  -1.2711752e-04
   3.0878509e-02   2.9377586e-02  -1.3342470e-01   6.0977519e-04  -3.4533077e-04   2.4054344e-04
   5.7383605e-02  -1.9609101e-02  -1.1748131e-01   7.4523855e-04  -7.1111710e-04   3.3123000e-04
   9.4987712e-02   1.2418742e-02  -1.1369826e-01  -2.9887306e-05  -1.3042470e-03   1.2343959e-03
   4.2690680e-02   4.2655230e-02  -1.7884116e-01   1.4089457e-04  -7.2253916e-04  -2.1959945e-04
   1.8304037e-02   8.4906264e-02  -1.4518135e-01   1.0305606e-03  -4.0081371e-04   2.5924314e-05
   7.9832572e-03  -2.3662803e-03  -1.6002794e-01   1.6659030e-03  -2.5554875e-04   1.1458544e-04
   2.7575895e-02  -6.2649311e-03  -1.7331151e-01   8.3683817e-04  -5.3746364e-04   1.6847289e-04
   5.9420728e-02   6.8095635e-02  -1.9056143e-01  -2.1606604e-04  -1.0553051e-03   3.2885348e-04
   7.4157990e-02   1.2452570e-01  -1.5744764e-01  -3.6520828e-04  -1.2159634e-03   1.1122972e-04
   7.0034437e-02   4.9747098e-02  -1.9043560e-01   4.7049740e-04  -1.4085041e-03  -1.3387397e-04
   8.7461785e-02   1.5265718e-02  -1.4372959e-01   8.0473996e-04  -1.3916431e-03   2.8529454e-04
   7.3722789e-02   4.5717760e-02  -1.5295740e-01   3.5737744e-04  -1.1946902e-03   4.4257156e-04
   3.4848668e-02  -5.9645397e-02  -1.5447841e-01   1.3247380e-03  -5.8255151e-04   2.0353123e-05
   1.4689924e-02   2.1559461e-02  -1.3485001e-01   8.9784198e-04  -3.4220791e-04   1.2160167e-04
   1.1013354e-02   2.3646358e-02  -1.4388995e-01   9.0249685e-04  -4.3215098e-05   2.4344237e-04
   1.6421019e-03   7.1974397e-03  -1.4848095e-01   1.2976245e-03   1.3420093e-04   3.0946975e-04
   2.7162734e-02  -3.5859561e-02  -1.8436067e-01   8.5706957e-04  -2.8910785e-04   3.7121418e-04
   2.6842201e-02   1.2385611e-02  -1.4740701e-01   6.4067536e-04  -2.9238871e-04   7.0409664e-04
   2.1193034e-02   4.9566090e-02  -2.4409256e-01   7.3215824e-04  -2.6845368e-04   5.3558680e-04
   3.5140552e-02   7.3343134e-02  -2.0333078e-01   8.5110990e-04  -3.7927965e-04   9.1695609e-04
   1.5999792e-02  -9.1812597e-02  -1.7307160e-01   2.3193061e-03  -1.3703263e-04   4.6688547e-04
   7.7870308e-02  -3.7557634e-02  -2.0363309e-01   2.3489911e-03  -9.8460925e-04   1.1577944e-03
   6.5457220e-02  -5.0731627e-02  -1.6627509e-01   1.3921832e-03  -7.6724975e-04   8.8503047e-04
   1.0095420e-01   3.5014932e-03  -2.2475973e-01   8.9599148e-04  -1.4865257e-03   7.1627860e-04
   1.0825716e-01  -2.5700516e-02  -1.8135192e-01   1.1126579e-03  -1.3853560e-03   8.3984228e-04
   6.4218346e-02  -7.2993883e-03  -1.8769060e-01   1.2568545e-03  -9.8269045e-04   5.0119016e-04
   7.4683078e-02  -3.2445924e-02  -1.8698088e-01   1.2018390e-03  -1.0790986e-03   6.9320709e-04
   5.3446478e-02  -5.5460739e-02  -1.6669860e-01   1.2752394e-03  -7.6534733e-04   6.3487476e-04
   6.9679101e-02  -4.9346500e-02  -1.7097886e-01   1.1280229e-03  -9.2197736e-04   7.7268098e-04
   4.4070037e-02  -1.9418192e-02  -1.6944519e-01   1.4379094e-03  -4.9010552e-04   6.3425770e-04
   5.1005286e-02  -2.0103035e-02  -1.9297674e-01   1.1293901e-03  -4.3610837e-04   5.0698537e-04
   1.2585219e-02  -9.8904976e-03  -1.9797867e-01   1.6500581e-03  -3.1866908e-04   1.1590971e-04
   1.5164830e-02  -6.2956246e-04  -1.5972902e-01   1.4323103e-03   7.0061491e-05   6.9778175e-04
   7.5996106e-03  -6.2825706e-03  -2.2688659e-01   5.3059256e-04  -1.1214521e-04   4.8091186e-04
   2.6946194e-02  -2.4622702e-02  -2.2522808e-01   7.7617078e-04  -1.7680963e-04   6.0892990e-04
   3.9752895e-02   2.2676002e-02  -2.2497619e-01   9.6961473e-04  -3.7811753e-04   1.2143160e-03
   5.9898918e-02   2.3361557e-02  -1.9958965e-01   1.0402398e-03  -6.1514777e-04   1.2340012e-03
  -2.1937582e-04  -6.3090492e-03  -1.8222030e-01   2.0701761e-03  -3.1958615e-05   4.3529237e-04
  -4.6380435e-03   1.1306534e-02  -1.7161421e-01   1.5264512e-03   2.6610552e-04   4.7290223e-04
  -1.3216555e-02  -2.2950989e-02  -1.7481838e-01   2.3245079e-03   3.6952051e-04   4.2614127e-04
   3.5409154e-03  -5.2407793e-02  -1.5619767e-01   1.2447717e-03   2.1619127e-04   8.5336555e-04
  -7.1161335e-03  -1.7931928e-02  -1.7542702e-01   2.0537379e-03   1.6589228e-04   4.9440524e-04
   5.1796166e-02   3.1976923e-02  -2.1894680e-01   6.5159448e-04  -5.6237572e-04   1.0860576e-03
   4.2109653e-02   2.9548028e-02  -2.1637181e-01   1.2853599e-03  -5.2875848e-04   8.9768605e-04
   5.2503543e-02  -7.3758531e-02  -2.4256066e-01   2.2359808e-03  -7.7480173e-04   7.0973791e-04
   3.8666728e-02  -3.3179900e-02  -1.8928082e-01   1.7166384e-03  -4.3277972e-04   8.0665108e-04
   7.6977281e-02  -7.4727335e-02  -2.0611818e-01   1.5390578e-03  -1.0614270e-03   6.5596585e-04
   5.8065099e-02  -7.0422311e-03  -1.8879032e-01   1.6180284e-03  -8.0849889e-04   6.5332027e-04
   8.4338646e-02  -6.3580164e-02  -1.6135774e-01   1.9249986e-03  -1.1437492e-03   8.7581197e-04
   6.3928126e-02  -4.7488090e-02  -1.3121486e-01   1.9040831e-03  -7.4867159e-04   1.0152297e-03
   6.3024134e-02  -7.9423690e-02  -1.5355246e-01   2.1562176e-03  -6.8308554e-04   8.0537758e-04
   9.1144362e-03  -2.6485314e-02  -1.6267185e-01   2.4994186e-03  -1.6195121e-04   5.0517108e-04
   5.8904529e-02  -3.7518377e-03  -1.8071383e-01   1.0343092e-03  -7.1970344e-04   7.2782461e-04
   4.4702974e-02  -4.3147632e-02  -1.9436792e-01   9.7472761e-04  -6.6580331e-04   8.6209043e-04
   7.4982661e-02  -1.2911176e-03  -2.5735503e-01   7.7031230e-04  -1.1251688e-03   7.9841274e-04
   7.3849789e-02   4.0715977e-02  -1.9921739e-01   1.4716593e-03  -1.0789582e-03   7.5424861e-04
   6.8737694e-02  -2.7989923e-02  -2.0014283e-01   1.8548976e-03  -1.1674019e-03   4.8427461e-04
   5.9943968e-02  -1.3664586e-02  -2.0462930e-01   7.0558377e-04  -8.8490585e-04   4.4756986e-04
   7.2859847e-02   1.4905866e-02  -1.9668655e-01   1.2129915e-03  -1.2600376e-03   4.8100625e-04
   8.6225887e-02  -5.9607955e-02  -2.4310418e-01   1.1145018e-03  -1.3924903e-03   3.3654978e-04
   5.2462244e-02  -1.2925044e-03  -1.8152012e-01   1.6687642e-03  -9.1407935e-04   3.8049701e-04
   6.6554396e-02  -2.6263542e-02  -2.0518623e-01   1.2315761e-03  -1.0808439e-03   4.3225011e-04
   7.1211627e-02   3.8131840e-02  -2.0882803e-01   1.0245639e-03  -9.8556169e-04   6.8763253e-04
   1.3344819e-02  -1.4105441e-02  -1.8685988e-01   1.1411060e-03  -1.5995035e-04   3.7106548e-04
   4.9057232e-02  -2.6480219e-02  -2.3556991e-01   1.4912148e-03  -6.5269889e-04   5.7307339e-04
   1.0566081e-02  -9.8990826e-02  -1.5170147e-01   1.9793024e-03   3.7887343e-07   4.6264792e-04
   5.6011506e-02  -9.3487374e-02  -1.6698782e-01   2.0186210e-03  -5.8073573e-04   8.0387098e-04
   8.2250685e-03   4.1111486e-04  -1.4620554e-01   1.7670361e-03   2.0160812e-04   8.4812301e-04
  -5.5427196e-03  -2.8941716e-02  -1.6198201e-01   1.3728693e-03   5.5490956e-04   1.2047379e-03
  -1.1143030e-03   4.3682228e-03  -1.8318008e-01   1.3442168e-03   2.0128177e-04   8.2976632e-04
  -3.0562289e-02  -1.9545959e-02  -2.0102077e-01   1.7379394e-03   5.3636019e-04   5.8195554e-04
  -1.0072218e-02  -6.4957243e-02  -1.8747615e-01   1.6871215e-03   5.2230648e-04   7.9808833e-04
  -2.6707615e-03   3.6385697e-02  -1.7581424e-01   1.6165889e-03   3.5875937e-04   1.0518091e-03
   5.7651889e-02  -3.1311346e-02  -2.5534072e-01   1.0721184e-03  -6.7196216e-04   1.2981313e-03
   2.3325979e-02   8.0740292e-02  -2.0451806e-01   9.6503620e-04  -3.2069700e-04   9.3418505e-04
   4.8952406e-02   1.8235967e-03  -2.6331832e-01   1.4447501e-03  -7.5091671e-04   7.0660343e-04
   2.6929317e-02  -2.6163459e-02  -2.4835388e-01   1.4952044e-03  -3.6662563e-04   6.0968909e-04
  -2.7182203e-02  -3.9955259e-02  -2.1040733e-01   1.9548114e-03   3.1563897e-04   2.0295719e-04
  -1.7801573e-03  -4.8437601e-02  -2.1216263e-01   1.9304517e-03   1.2894169e-04   3.4802295e-04
  -3.1975725e-02  -5.1369161e-02  -1.7990202e-01   2.0614492e-03   5.0541769e-04   4.5331370e-04
  -7.1081357e-03   1.6622289e-02  -2.1554798e-01   1.3359055e-03   3.3859368e-04   7.0320289e-04
  -2.6983336e-02  -8.6760617e-02  -1.9343968e-01   2.1875249e-03   6.9743197e-04   4.9248964e-04
  -1.4463563e-02   2.4902255e-02  -1.9412325e-01   1.3261106e-03   8.0041498e-04   8.6707867e-04
  -3.3364622e-02  -1.9712105e-02  -2.1190715e-01   2.0084220e-03   9.0259453e-04   6.0204290e-04
   2.2815108e-02   5.0862553e-02  -2.3302466e-01   7.9430512e-04   7.6752662e-05   1.2756943e-03
   2.2352565e-02  -1.3415221e-02  -2.0374373e-01   1.8981785e-03  -6.7863644e-05   8.4173004e-04
   4.6336496e-02  -7.9533503e-02  -2.2289914e-01   2.4258330e-03  -3.6694717e-04   9.3696101e-04
  -9.1514694e-03  -7.9662084e-03  -1.7266720e-01   2.1843899e-03   1.9915423e-04   6.3136326e-04
  -2.1270956e-02  -4.6683845e-02  -2.1844308e-01   2.4195265e-03   4.7546316e-04   3.9878447e-04
  -4.4921600e-02   6.8027669e-02  -2.0068415e-01   1.3721823e-03   7.9677307e-04   7.8401895e-04
  -2.3461239e-02   2.5386189e-03  -2.3634471e-01   1.8399412e-03   5.9973777e-04   9.4797556e-04
  -5.1764310e-02  -3.0145195e-02  -2.2148412e-01   2.0267289e-03   9.2258659e-04   8.5936529e-04
  -2.4059230e-02  -8.5670847e-02  -1.8866478e-01   1.7969241e-03   6.8407433e-04   9.5785183e-04
   6.4081577e-04  -2.2934005e-02  -2.2063637e-01   1.1222023e-03   7.1608257e-05   1.0884317e-03
   2.3108934e-03  -4.2894634e-02  -3.0263353e-01   1.2612618e-03  -1.7060501e-04   6.8621300e-04
  -2.1096631e-02   7.3874430e-03  -2.7848541e-01   1.7318631e-03   1.5646981e-04   5.0032330e-04
  -7.3047006e-03  -8.3205147e-03  -2.7927071e-01   2.6239170e-03  -1.3307609e-04   2.3175306e-04
  -7.6528256e-03  -2.5817307e-02  -2.3944750e-01   2.0669563e-03  -3.2660404e-05   2.5608200e-04
  -1.1788662e-02  -1.1380822e-01  -2.2976521e-01   2.0089571e-03   1.3149760e-04   3.0284608e-04
  -1.6070488e-02  -5.6334394e-02  -2.6271467e-01   2.2321602e-03   8.3058521e-05   2.6332005e-04
  -1.0525166e-02  -4.1981569e-02  -2.5678241e-01   1.7634317e-03  -1.8168079e-05   3.4431385e-04
  -3.6713302e-02   1.7581596e-02  -2.1614475e-01   1.9110239e-03   1.6599438e-04   1.0725811e-04
  -3.2133298e-02  -3.1810201e-02  -2.3175841e-01   2.3203414e-03   4.2452034e-05   2.4163226e-04
  -8.0960474e-02  -1.4731273e-02  -1.9625077e-01   2.1398604e-03   7.4861773e-04  -2.0345998e-04
  -1.1304360e-02  -3.4153145e-02  -2.7625272e-01   1.5068375e-03  -1.3792197e-04   3.9915912e-04
  -1.8086938e-02  -7.7906000e-02  -2.4735130e-01   1.4029492e-03   4.3159114e-05   4.9361214e-04
  -1.2483417e-02   2.9966230e-03  -2.6520513e-01   1.9294002e-03  -3.1850445e-05   5.4487249e-04
  -4.8517712e-02  -3.2326993e-03  -2.3541734e-01   2.1060287e-03   5.6413416e-04   2.1726456e-04
  -6.3485534e-02  -6.2250415e-02  -2.7890314e-01   2.8038364e-03   7.7765554e-04   1.9359969e-04
  -6.6910867e-02   5.5098674e-02  -2.0008304e-01   1.7755025e-03   1.0550437e-03   4.1951670e-04
   2.5276949e-02   3.0174722e-02  -2.5614786e-01   1.6699130e-03  -2.9697971e-04   1.6748198e-03
  -1.4450459e-03  -1.4416271e-03  -2.8104805e-01   1.0880461e-03   2.8083037e-04   1.4036943e-03
  -2.9565354e-02  -2.3340227e-02  -2.8197574e-01   2.1446472e-03   4.4484838e-04   1.0851167e-03
  -2.3087635e-02   2.3504927e-02  -2.7250390e-01   1.7201768e-03   3.5559609e-04   1.1771576e-03
  -7.4940736e-02  -5.6437835e-02  -2.4253928e-01   2.3690386e-03   6.8026683e-04  -2.0071518e-04
  -3.1198270e-02   3.8316717e-02  -3.1890898e-01   1.5950258e-03   1.3492331e-04   1.9129059e-04
  -3.7461483e-02   5.6242734e-03  -2.9235002e-01   1.6490482e-03   2.2757405e-04   3.5299774e-04
  -2.2300577e-02  -9.7889484e-03  -3.2103565e-01   1.9741022e-03  -8.6086726e-05   2.0932017e-04
  -1.0059912e-02  -1.7427143e-02  -3.3866675e-01   1.9474124e-03  -9.5916167e-05   4.3703972e-04
  -3.2069039e-02   2.9153475e-03  -2.9148494e-01   1.3520249e-03   4.5369602e-04   3.1639466e-04
  -1.8958326e-04  -6.9152000e-02  -3.5004422e-01   2.1080638e-03  -1.1468986e-04   4.7669002e-04
  -3.6739600e-02   9.5115404e-03  -2.6985823e-01   2.0359080e-03   5.3207034e-04   5.5310849e-04
  -9.1932634e-03  -3.0126348e-02  -3.0250277e-01   2.1473594e-03   3.0806040e-05   5.0390220e-04
  -3.0387710e-02   2.0590830e-02  -2.6925258e-01   1.8312512e-03   5.3491770e-04   6.1217308e-04
  -5.5628013e-02   7.2094020e-02  -3.0170652e-01   1.8411317e-03   6.8453866e-04   3.2566919e-04
  -4.8742635e-02   2.4525120e-02  -2.8554424e-01   2.4703489e-03   6.2825146e-04   7.0096143e-04
  -6.8116511e-02   1.9995649e-02  -2.4481595e-01   2.3779580e-03   1.0151002e-03   6.3946978e-04
  -2.8358570e-02  -3.5264352e-02  -3.4145424e-01   1.9470724e-03   2.5337779e-04   6.4495701e-04
  -5.8449305e-02  -3.3934702e-02  -2.7094128e-01   2.3472201e-03   6.6696981e-04   8.9175919e-05
  -5.1609882e-02  -4.2662192e-02  -3.0037927e-01   3.2167921e-03   5.3809110e-04   3.5611480e-04
  -5.7221675e-02   3.4678312e-02  -2.6125746e-01   2.2337457e-03   6.2510670e-04   2.7938670e-04
  -3.8258774e-02  -8.5107086e-02  -3.2835879e-01   2.2155529e-03   1.0288195e-04   1.8569525e-04
  -1.8486541e-02   1.0846978e-02  -3.3662737e-01   1.9195418e-03  -6.0350045e-05   2.9657327e-04
  -2.5747744e-02  -5.3259146e-02  -3.3712843e-01   2.7824214e-03  -6.4508764e-06   2.1799273e-04
  -1.2844975e-02  -7.3189657e-02  -2.8763202e-01   3.0080403e-03   9.6485614e-06   3.9465099e-04
  -6.0637052e-02  -6.3435693e-02  -2.6292370e-01   3.1073292e-03   6.4071350e-04   2.2799058e-04
  -6.2404301e-02  -3.0575245e-02  -3.1084720e-01   2.6804942e-03   6.0978659e-04  -6.3873364e-05
  -6.0882802e-02  -7.9217564e-02  -2.9620950e-01   2.9871184e-03   4.9960314e-04  -1.1433718e-04
  -6.4681316e-02  -3.6734761e-02  -3.2105784e-01   2.7939995e-03   6.6502489e-04  -4.1828796e-05
  -3.9913035e-02  -6.2188208e-02  -2.9447226e-01   2.0975728e-03   3.5842043e-04   4.7856914e-04
