   0.0000000e+00   0.0000000e+00   0.0000000e+00   0.0000000e+00   0.0000000e+00   0.0000000e+00
   4.2923436e-02   7.7818813e-02   2.9198904e-02  -1.1747379e-03  -8.2603994e-05  -2.2992016e-04
   5.7621933e-02   9.7442354e-02   3.0914856e-02  -1.3924483e-03  -4.2061858e-05  -5.1459353e-04
   4.5285512e-02   1.2809560e-01  -7.9324607e-02  -1.6054326e-03  -2.5710824e-04  -8.9386433e-04
  -1.1086207e-03   1.2004785e-01  -1.1509741e-01  -1.6607815e-03   6.1843944e-05  -7.2319760e-04
  -1.7068917e-03   8.1723217e-02  -1.4568621e-01  -1.8196530e-03   1.1127941e-04  -6.2720289e-04
  -1.6364669e-03   4.0204356e-02  -8.1144417e-02  -2.0372723e-03   4.5451424e-04  -2.9166568e-04
   1.5717874e-02  -2.1346921e-01  -1.3574885e-01  -1.9843393e-03   4.6413600e-04  -1.7382993e-04
   3.1344841e-03   5.0862684e-02  -1.0362251e-01  -1.5137420e-03   4.4350048e-04  -2.0219219e-04
  -2.3678450e-02   2.9294148e-01  -6.4048642e-02  -1.5447365e-03   4.2902878e-04  -4.6343443e-04
  -5.4355208e-02   2.0813958e-01   3.2860824e-02  -2.9312141e-03   4.2911439e-04  -1.8082409e-03
  -2.5068612e-02   1.6592579e-01   5.5624510e-03  -3.7534007e-03   2.1425109e-04  -1.2171501e-03
  -1.8422570e-02   4.4662830e-02  -6.5414071e-02  -2.2541443e-03   2.3985130e-04  -9.5508636e-04
  -3.9814515e-02   3.2883119e-01  -4.3061609e-02  -3.5696360e-03   5.4708614e-04  -1.0452507e-03
  -2.3860595e-02   6.6831499e-02  -3.4718183e-02  -3.1150723e-03   4.4183707e-04  -1.2556216e-03
  -3.6265583e-02   2.3512460e-01  -5.5360331e-02  -3.9094705e-03   2.3265082e-04  -9.8184826e-04
  -1.0300104e-02   7.4414931e-02  -6.4507568e-02  -2.3177751e-03   5.2061670e-05  -5.4953138e-04
  -1.5952300e-02   8.8916575e-02  -7.7493910e-02  -2.6492714e-03   6.0290137e-05  -9.9840087e-04
  -5.2029482e-02   1.3983577e-01  -6.7860198e-02  -2.2998098e-03   9.4268575e-05  -1.1007617e-03
  -6.7479779e-02   2.8032990e-01  -7.0469356e-02  -2.5545361e-03   5.0310502e-04  -1.0119603e-03
  -5.7274605e-02   1.4645422e-01  -5.2260009e-02  -3.3141777e-03   4.5811879e-04  -1.0692395e-03
  -6.5985169e-02   4.2912846e-02  -9.0541470e-02  -1.8627074e-03   4.1041572e-04  -9.6778092e-04
  -7.8112674e-02   1.6231844e-01  -5.1598555e-02  -2.8273582e-03   6.4457535e-04  -1.0490944e-03
  -9.5825727e-02   1.6094419e-01  -1.0433677e-01  -3.2556510e-03   6.1386464e-04  -1.1942513e-03
  -5.4180076e-02   8.7809268e-02  -1.1497421e-01  -3.7653973e-03   1.5921292e-04  -1.4603018e-03
  -4.5146565e-02  -1.0952859e-01  -1.8436259e-01  -3.0628757e-03  -3.2390696e-05  -1.9966668e-03
  -8.9551359e-02   3.6155292e-01  -1.2888718e-01  -3.2019839e-03   1.1709572e-04  -1.8671594e-03
  -1.2874536e-01   4.3403185e-01  -5.6365745e-02  -3.4413248e-03   5.4389945e-04  -2.2240957e-03
  -1.3910187e-01   2.6155277e-01  -8.6514963e-02  -3.4321898e-03   7.8429022e-04  -2.1508331e-03
  -9.2615769e-02   2.5152766e-01  -5.3935245e-02  -4.1672854e-03   5.1471744e-04  -1.9130717e-03
  -1.0851405e-01   2.5288994e-01  -2.1953971e-02  -4.7347502e-03   7.1874945e-04  -1.8198066e-03
  -1.1944459e-01   2.0885479e-01  -6.0253802e-02  -4.1364423e-03   8.1157944e-04  -1.8503122e-03
  -1.2560687e-01   2.3124995e-01  -8.5855302e-02  -3.9919217e-03   7.8792573e-04  -1.7992968e-03
  -1.3736596e-01   2.9661500e-01  -1.6838162e-01  -3.3804615e-03   4.7411550e-04  -2.1648193e-03
  -1.2642942e-01   1.4812840e-01  -9.7964639e-02  -4.5850017e-03   8.4741933e-04  -1.8991537e-03
  -8.7459457e-02  -6.7795470e-02  -1.7139925e-01  -4.1095617e-03   6.1316288e-04  -1.7106313e-03
  -1.3197365e-01   3.0501098e-01  -1.2380327e-01  -4.2508974e-03   1.0373559e-03  -1.8433422e-03
  -1.3870472e-01   3.0883543e-01  -1.4973827e-01  -3.5708463e-03   8.7177261e-04  -2.0015099e-03
  -1.7397539e-01   3.2684027e-01  -9.5385436e-02  -4.1834400e-03   1.2526363e-03  -1.8914362e-03
  -1.7486290e-01   2.3086703e-01  -1.0525350e-01  -3.8947390e-03   1.1063990e-03  -2.1180805e-03
  -1.7557336e-01   2.0764761e-01  -1.0013249e-01  -4.1941282e-03   1.1537823e-03  -2.1119162e-03
  -1.9355953e-01   2.1015348e-01  -6.3061543e-02  -3.8123981e-03   1.5233210e-03  -1.9927277e-03
  -1.8631097e-01   1.8145713e-01  -2.5335869e-02  -3.7428826e-03   1.2905381e-03  -2.1517278e-03
  -2.1121178e-01   2.0649149e-01  -1.4531557e-02  -4.0337118e-03   1.5387537e-03  -2.2432589e-03
  -1.8820995e-01   2.8598578e-01  -1.4694874e-02  -4.4678110e-03   1.1287899e-03  -2.2955387e-03
  -1.5935159e-01   2.4860982e-01  -1.6376583e-02  -5.2409501e-03   8.8278903e-04  -2.3256437e-03
  -1.5003224e-01   1.0645423e-01  -7.4861057e-02  -4.4134633e-03   7.6908639e-04  -2.1399254e-03
  -1.9704433e-01   3.7611963e-01  -2.4311639e-03  -4.1850022e-03   1.0661531e-03  -2.3234847e-03
  -1.9164642e-01   3.4680200e-01   7.0194586e-03  -4.9646267e-03   1.3600406e-03  -2.2074698e-03
  -1.9487302e-01   1.7490379e-01  -5.9616384e-03  -4.2294225e-03   1.0736940e-03  -2.4220200e-03
  -2.1251424e-01   3.1227330e-01  -5.0542176e-02  -4.2409801e-03   1.6182547e-03  -2.0642911e-03
  -1.8561197e-01   3.2725058e-01  -6.9309276e-02  -4.8217149e-03   1.2260665e-03  -2.0435341e-03
  -1.7021403e-01   2.1430992e-01  -1.1120098e-01  -5.1261998e-03   1.0129561e-03  -2.1661837e-03
  -2.0936197e-01   1.9137683e-01  -1.1401177e-01  -3.6630076e-03   1.2326541e-03  -2.3714113e-03
  -2.1206324e-01   3.5781757e-01  -3.9326306e-02  -4.8019369e-03   1.0148885e-03  -2.6531448e-03
  -2.3779754e-01   1.9128453e-01  -4.8954551e-02  -4.7905406e-03   1.4778200e-03  -2.6218504e-03
  -2.3691569e-01   2.8552877e-01  -8.1864742e-02  -5.5935245e-03   1.4132606e-03  -2.2363016e-03
  -2.3486692e-01   2.7155766e-01  -1.3298752e-01  -5.4271589e-03   1.5088696e-03  -2.3277532e-03
  -2.3845029e-01   3.0345428e-01  -1.5264159e-01  -4.3977605e-03   1.4184206e-03  -2.2673896e-03
  -2.5133433e-01   4.9280980e-01  -8.0813224e-02  -5.5412909e-03   1.7963838e-03  -2.2878942e-03
  -2.2524405e-01   2.8192982e-01  -3.7566282e-02  -5.4124451e-03   1.6790790e-03  -2.2765638e-03
  -2.3643355e-01   2.4880185e-01  -5.2221645e-02  -5.3808567e-03   1.8081680e-03  -2.3783973e-03
  -2.3285629e-01   3.1833058e-01  -9.4910650e-02  -4.7659018e-03   1.6818983e-03  -2.3139952e-03
  -2.2293203e-01   3.6575595e-01  -5.5687512e-02  -5.9212643e-03   1.7825762e-03  -2.2439589e-03
  -2.1230501e-01   8.7525749e-02  -3.5705818e-02  -5.3618440e-03   1.5556940e-03  -2.3908351e-03
  -2.3630801e-01   3.8798985e-01   7.8223118e-03  -5.5676622e-03   1.5943715e-03  -2.6283986e-03
  -2.4984019e-01   3.6649116e-01   3.1088296e-02  -5.1657265e-03   1.6950842e-03  -2.5694959e-03
  -2.5292377e-01   4.0625648e-01  -7.2698899e-03  -5.4446414e-03   2.0206799e-03  -2.3743339e-03
  -2.4323427e-01   3.7414787e-01   9.5608067e-03  -6.0035208e-03   2.1247451e-03  -2.1408797e-03
  -2.1965884e-01   1.8217522e-01  -3.2107160e-02  -6.1358312e-03   2.0443182e-03  -1.9046884e-03
  -2.3903474e-01   2.4499745e-01  -8.8894530e-02  -4.9774416e-03   2.0265221e-03  -2.0660928e-03
  -2.6417211e-01   4.5023004e-01  -1.0185410e-02  -5.6485581e-03   2.2176320e-03  -2.1528957e-03
  -2.3797944e-01   3.3995880e-01   3.2389492e-02  -5.7765957e-03   1.9951891e-03  -2.1462677e-03
  -2.6069559e-01   2.7271762e-01   5.1747889e-02  -5.8510347e-03   2.1918604e-03  -2.3417214e-03
  -2.2764953e-01   2.9366972e-01   6.9558360e-02  -6.5387811e-03   2.0448630e-03  -2.2227880e-03
  -2.4014016e-01   2.6296602e-01  -1.5242496e-02  -5.7174169e-03   1.9803989e-03  -2.2821837e-03
  -2.5398766e-01   4.3550992e-01   3.5363598e-02  -5.7151725e-03   2.1766511e-03  -2.0733744e-03
  -2.5124291e-01   3.8739500e-01   4.9610393e-02  -5.9901765e-03   2.2406962e-03  -2.0517237e-03
  -2.5256700e-01   3.5658856e-01   2.3514990e-02  -6.0260336e-03   2.3360630e-03  -1.9174723e-03
  -2.3768092e-01   4.2555785e-01   3.3346110e-02  -6.2081934e-03   2.4039620e-03  -1.7881266e-03
  -2.3793187e-01   3.7985664e-01   3.2427485e-02  -6.6721241e-03   2.6318000e-03  -1.6376795e-03
  -2.0908321e-01   3.4261409e-01   4.1824434e-02  -6.1601867e-03   2.3079997e-03  -1.5859781e-03
  -1.9843207e-01   2.4740357e-01  -2.1120108e-02  -6.2539054e-03   2.2476471e-03  -1.6609943e-03
  -1.6898866e-01   2.1148852e-01  -5.9808901e-02  -6.4806144e-03   1.6825152e-03  -1.5613697e-03
  -2.2756761e-01   5.5951634e-01   8.0300296e-02  -6.6263838e-03   1.9680439e-03  -2.1073764e-03
  -2.4372488e-01   5.1789482e-01   9.9200961e-02  -6.8306284e-03   2.3963087e-03  -1.9037795e-03
  -2.3066996e-01   4.5031587e-01   7.0578187e-02  -6.6559157e-03   2.3750340e-03  -1.5114211e-03
  -2.5399493e-01   3.7462997e-01   8.3914463e-02  -7.3278875e-03   2.7184766e-03  -1.8498733e-03
  -2.6396357e-01   3.3565096e-01   6.1455989e-02  -6.5250816e-03   2.7688921e-03  -1.7045798e-03
  -2.7567414e-01   3.3660178e-01   4.5859942e-02  -6.2385998e-03   2.7852208e-03  -1.7189631e-03
  -2.5790767e-01   4.2324358e-01   2.2713640e-02  -6.9701197e-03   2.7526794e-03  -1.7010857e-03
  -2.4525822e-01   3.4369875e-01   5.0774200e-02  -7.2239365e-03   2.6554019e-03  -1.6163453e-03
  -2.2367387e-01   3.4141158e-01   4.2728288e-02  -8.2786047e-03   2.3849228e-03  -1.5306598e-03
  -2.0077887e-01   4.3900686e-01   1.0972871e-02  -7.7668897e-03   1.9034835e-03  -1.8131493e-03
  -2.3461774e-01   7.4349169e-01   1.4084876e-01  -8.0491108e-03   2.4059599e-03  -1.7787640e-03
  -2.3283882e-01   5.4363257e-01   1.5041654e-01  -7.9527906e-03   2.4195742e-03  -1.8872985e-03
  -2.6726503e-01   5.0203232e-01   1.0066123e-01  -7.9801785e-03   2.6987255e-03  -1.9409577e-03
  -2.7080198e-01   4.8524080e-01   4.8589656e-02  -7.8590750e-03   2.6516566e-03  -1.8923789e-03
  -2.5250694e-01   5.0069377e-01   9.0241487e-02  -8.8407967e-03   2.6491615e-03  -1.9054682e-03
  -2.3717186e-01   3.2809940e-01  -5.5444299e-03  -8.4319941e-03   2.4430797e-03  -1.3892799e-03
  -2.5063061e-01   4.6677011e-01   1.5528259e-02  -7.7460531e-03   2.2452845e-03  -1.7701839e-03
  -2.4579983e-01   7.5631847e-01   1.2635081e-01  -8.4572085e-03   2.2023836e-03  -2.0607813e-03
  -2.3379260e-01   4.5697932e-01   1.8680638e-01  -9.2572029e-03   2.5315634e-03  -2.0294986e-03
  -2.4698455e-01   3.7124995e-01   1.0677805e-01  -8.6628102e-03   2.6329464e-03  -1.9297584e-03
  -2.5648487e-01   5.6188842e-01   4.9339251e-02  -7.9331161e-03   2.3033222e-03  -2.0769006e-03
  -2.6989597e-01   6.6570830e-01   9.9453361e-02  -8.6355407e-03   2.4995261e-03  -2.0877313e-03
  -2.5380359e-01   4.3032243e-01   1.0859077e-01  -8.5049065e-03   2.2785601e-03  -1.9497281e-03
  -2.5676876e-01   4.8391851e-01   6.0720296e-02  -8.5040992e-03   2.2727349e-03  -2.1036275e-03
  -2.4533643e-01   5.5235087e-01   9.3227766e-02  -8.8934213e-03   2.1693993e-03  -2.1911190e-03
  -2.6803206e-01   5.3705198e-01   8.0659687e-02  -8.9415486e-03   2.5028225e-03  -2.1397983e-03
  -2.4008411e-01   4.0588051e-01   5.1958844e-02  -9.3123862e-03   2.4975297e-03  -1.9246367e-03
  -2.5055381e-01   4.7543380e-01   2.7362223e-02  -8.3208608e-03   2.5059415e-03  -1.8721725e-03
  -2.5750714e-01   6.5160970e-01   5.5507062e-02  -9.0081681e-03   2.3773687e-03  -2.0089905e-03
  -2.6431007e-01   5.0950319e-01   5.7074100e-02  -9.0400157e-03   2.5379071e-03  -1.9208492e-03
  -2.6694150e-01   5.5010344e-01   2.8013593e-02  -8.8671327e-03   2.5521166e-03  -1.7594695e-03
  -2.6388548e-01   5.9133272e-01   4.6841980e-02  -9.0473903e-03   2.4768112e-03  -1.9281699e-03
  -2.6050447e-01   5.4859527e-01   6.6286716e-02  -9.5284958e-03   2.4257749e-03  -1.8507450e-03
  -2.2506610e-01   3.4284003e-01   3.1028482e-02  -9.9640255e-03   1.9438622e-03  -2.1402137e-03
  -2.4152309e-01   6.1912825e-01   1.0062133e-01  -8.7343823e-03   1.8915496e-03  -2.4269739e-03
  -2.6043012e-01   8.4631861e-01   1.8037553e-01  -9.8249907e-03   2.3131693e-03  -2.2850009e-03
  -2.6342696e-01   4.8698256e-01   1.5581082e-01  -9.7094223e-03   2.5024725e-03  -2.1002964e-03
  -2.4599548e-01   5.2008796e-01   1.0534181e-01  -8.9803112e-03   2.0511824e-03  -2.1060090e-03
  -2.9675434e-01   6.8459644e-01   9.2389199e-02  -8.6878625e-03   2.7144905e-03  -1.9379204e-03
  -2.7181096e-01   5.0843296e-01   7.0625684e-02  -9.7475095e-03   2.5691098e-03  -1.8817675e-03
  -2.8920438e-01   3.1193021e-01   1.3223071e-02  -7.8844639e-03   2.5553764e-03  -2.0285559e-03
  -3.1098927e-01   7.5140197e-01   4.6148817e-02  -8.5830478e-03   2.6022308e-03  -2.1933911e-03
  -3.0628431e-01   5.4842849e-01   8.3639939e-02  -9.2598230e-03   2.6630275e-03  -2.1831568e-03
  -3.0536532e-01   5.7122866e-01   9.2789981e-02  -9.4882816e-03   2.7387285e-03  -2.1562379e-03
  -2.7242141e-01   4.3869315e-01   2.0066975e-02  -9.8300145e-03   2.4451541e-03  -2.1362902e-03
  -3.0461164e-01   4.8153768e-01  -7.7414460e-03  -8.8076468e-03   2.5567060e-03  -2.3770366e-03
  -3.0399103e-01   7.1621048e-01   6.7416860e-02  -9.2452919e-03   2.6214896e-03  -2.2342936e-03
  -3.1907415e-01   5.6849650e-01   7.1167210e-02  -9.2126493e-03   2.7737382e-03  -2.0241121e-03
  -2.8287266e-01   5.2005751e-01   6.0737682e-02  -1.0354001e-02   2.4535319e-03  -2.0740741e-03
  -2.9493699e-01   4.2495771e-01   2.3580085e-03  -9.3220796e-03   2.3584320e-03  -2.1244813e-03
  -3.0616195e-01   7.1348920e-01   7.7894387e-02  -9.6294828e-03   2.4396476e-03  -2.1886419e-03
  -2.5495505e-01   5.5440017e-01   1.1408913e-01  -1.0532012e-02   1.9680968e-03  -2.3930375e-03
  -2.4644358e-01   3.3387385e-01   7.4745602e-02  -8.7439629e-03   1.7530925e-03  -2.2825245e-03
  -2.9731852e-01   7.4047182e-01   2.1462934e-01  -8.8109210e-03   2.1256677e-03  -2.6216063e-03
  -3.0760322e-01   7.6627273e-01   2.1987869e-01  -9.3583955e-03   2.4227366e-03  -2.7161743e-03
  -3.0518273e-01   6.6043235e-01   2.2588773e-01  -9.7310103e-03   2.4068471e-03  -2.4758019e-03
  -3.1760484e-01   4.7537355e-01   1.5983798e-01  -9.2110552e-03   2.5864436e-03  -2.5665688e-03
  -3.1123739e-01   6.3221016e-01   1.5420905e-01  -9.9297262e-03   2.6172417e-03  -2.3655994e-03
  -3.2714334e-01   6.6622164e-01   1.9062111e-01  -1.0782034e-02   2.7720409e-03  -2.2497389e-03
  -2.9934867e-01   4.6083784e-01   7.4975363e-02  -1.0078873e-02   2.4684366e-03  -2.3264104e-03
  -3.0932837e-01   5.8463997e-01   7.1276922e-02  -9.9308648e-03   2.4108608e-03  -2.4473778e-03
  -3.5313839e-01   8.0280185e-01   9.3846136e-02  -1.0189883e-02   2.5883244e-03  -2.9948741e-03
  -3.1965241e-01   6.1707817e-01   8.9041102e-02  -1.0959112e-02   2.3174314e-03  -2.7038466e-03
  -3.2585467e-01   4.8197051e-01   2.9995677e-02  -1.0105830e-02   2.2597901e-03  -2.6056263e-03
  -3.5700448e-01   7.9813272e-01   5.4393816e-02  -1.0521134e-02   2.6502451e-03  -2.5015243e-03
  -3.3077332e-01   6.8009680e-01   6.0046128e-02  -1.1492882e-02   2.6443832e-03  -2.3849989e-03
  -3.1310649e-01   4.4689830e-01   3.5764627e-02  -1.0085825e-02   2.4405287e-03  -2.2954642e-03
  -3.4667857e-01   6.8208506e-01   6.9893940e-02  -1.0289484e-02   2.7395315e-03  -2.4481132e-03
  -3.3627500e-01   6.7579701e-01   6.8977709e-02  -1.0612590e-02   2.6807349e-03  -2.5310582e-03
  -3.3729926e-01   5.6048827e-01   3.8114788e-02  -1.0243240e-02   2.3967651e-03  -2.6796574e-03
  -3.2387659e-01   6.6955441e-01   1.0982454e-01  -1.1628229e-02   2.4530534e-03  -2.5829125e-03
  -2.7489736e-01   4.6186780e-01   4.2518556e-02  -1.1085871e-02   1.9074233e-03  -2.6232683e-03
  -3.3128942e-01   7.5698611e-01   4.1677408e-02  -1.0441237e-02   2.2728499e-03  -2.7126931e-03
  -3.5592646e-01   8.0681946e-01   8.8086879e-02  -1.0200180e-02   2.4301065e-03  -2.6922011e-03
  -3.4819238e-01   5.5842773e-01   8.8762256e-02  -1.0844633e-02   2.6759029e-03  -2.5691165e-03
  -3.5714714e-01   5.1593184e-01   2.6489716e-02  -1.0142448e-02   2.8181941e-03  -2.2989040e-03
  -3.6160087e-01   6.8607479e-01   7.3062761e-02  -1.1113829e-02   2.8964328e-03  -2.3928924e-03
  -3.6062362e-01   5.8090104e-01   4.2758211e-03  -1.0320420e-02   2.8300344e-03  -2.4447182e-03
  -3.6403536e-01   6.0177344e-01   5.3681645e-03  -9.8917792e-03   2.8336583e-03  -2.4787897e-03
  -3.4074106e-01   5.5112515e-01  -1.2751772e-02  -1.1015751e-02   2.7996135e-03  -2.3847993e-03
  -3.2419994e-01   4.6336933e-01  -9.4693845e-02  -1.0440564e-02   2.4816493e-03  -2.2458930e-03
  -3.6145818e-01   7.5554866e-01  -2.4629196e-02  -1.0939015e-02   2.8797734e-03  -2.3844695e-03
  -3.5302010e-01   5.4139535e-01  -1.3780890e-01  -1.0737129e-02   2.7606721e-03  -2.4026101e-03
  -3.7466412e-01   6.3614114e-01  -1.1968342e-01  -9.6620219e-03   2.7801227e-03  -2.4211542e-03
  -3.6355466e-01   8.7408213e-01   4.1778268e-02  -1.0624754e-02   2.7481621e-03  -2.4482619e-03
  -3.3980023e-01   5.4980161e-01   1.0378502e-02  -9.5974332e-03   2.3751939e-03  -2.5658084e-03
  -3.4097892e-01   7.0971774e-01   6.7887300e-02  -1.1455365e-02   2.6050930e-03  -2.5447150e-03
  -3.2451824e-01   3.5633749e-01  -2.5877250e-02  -9.8355567e-03   2.3470162e-03  -2.6585595e-03
  -3.6712569e-01   6.7298934e-01  -7.2477799e-02  -9.4842714e-03   2.5910597e-03  -2.5648209e-03
  -3.7893356e-01   6.3595826e-01  -2.8555110e-02  -9.8037014e-03   2.8800189e-03  -2.3380402e-03
  -3.5529571e-01   5.8867378e-01   7.2488296e-02  -1.0647171e-02   2.7579394e-03  -2.5001883e-03
  -3.4709614e-01   5.3127936e-01   2.2198820e-02  -1.0809949e-02   2.7100235e-03  -2.1802324e-03
  -3.4029553e-01   6.1553037e-01  -6.3593600e-02  -1.0947639e-02   2.5895769e-03  -2.2995824e-03
  -3.6597540e-01   5.9584707e-01  -7.6720884e-02  -9.6649134e-03   2.6861464e-03  -2.4832730e-03
  -3.6440949e-01   8.0887642e-01   3.4734042e-02  -1.0277417e-02   2.6448994e-03  -2.5149719e-03
  -3.6534671e-01   4.9512205e-01   1.1513980e-02  -1.0592388e-02   2.8790381e-03  -2.4519832e-03
  -3.4738403e-01   5.5581514e-01  -2.8970616e-02  -1.0641008e-02   2.6826393e-03  -2.2532494e-03
  -3.7337491e-01   8.0640369e-01   3.6418582e-02  -1.0639783e-02   2.8915026e-03  -2.2841328e-03
  -3.5781202e-01   7.2693664e-01   2.5592777e-02  -1.0846008e-02   2.7948928e-03  -2.3724135e-03
  -3.4007035e-01   6.4823691e-01   7.1684828e-02  -1.1811684e-02   2.8708721e-03  -2.0553567e-03
  -3.0242601e-01   3.8062705e-01  -1.1332174e-04  -1.0781788e-02   2.4301428e-03  -1.6597519e-03
  -3.3851097e-01   6.4208740e-01   3.2329785e-02  -9.7093634e-03   2.5766779e-03  -2.2485933e-03
  -3.7284347e-01   8.2443802e-01   9.7863037e-02  -1.0151306e-02   3.2174727e-03  -2.4914837e-03
  -3.6389063e-01   7.1128373e-01   8.8068478e-02  -1.1737501e-02   3.2711398e-03  -2.2676049e-03
  -3.6387782e-01   4.7213354e-01   3.2527138e-02  -1.1142613e-02   3.2778920e-03  -2.2897063e-03
  -3.7036553e-01   6.9277894e-01   4.0034070e-02  -1.1141256e-02   3.2567172e-03  -2.1900892e-03
  -3.8191151e-01   7.4969612e-01   9.2542958e-02  -1.0823457e-02   3.3620522e-03  -2.4966554e-03
  -3.7215098e-01   7.0960431e-01   1.0462474e-01  -1.1916237e-02   3.3206480e-03  -2.3230156e-03
  -3.7818105e-01   5.8444660e-01   8.5209972e-02  -1.1495275e-02   3.4913640e-03  -2.0479859e-03
  -3.6552398e-01   7.3930986e-01   8.7126710e-02  -1.1766382e-02   3.3973585e-03  -2.0161777e-03
  -3.8654444e-01   7.5331768e-01   1.1554188e-01  -1.2457616e-02   3.8030508e-03  -2.0553908e-03
  -3.5864830e-01   7.0300408e-01   8.0049439e-02  -1.1521993e-02   3.4703217e-03  -1.9814927e-03
  -3.6359560e-01   6.6231552e-01   7.2210350e-02  -1.1711551e-02   3.6816879e-03  -1.9316548e-03
  -3.4522718e-01   7.1838743e-01   9.9386394e-02  -1.2272301e-02   3.4438044e-03  -1.7308331e-03
  -3.8062893e-01   6.8396094e-01   8.0322920e-02  -1.1811390e-02   3.6153712e-03  -2.1842991e-03
  -3.6181974e-01   7.3556309e-01   6.4065024e-02  -1.1777376e-02   3.6328645e-03  -2.0332753e-03
  -3.6431048e-01   7.1679236e-01   9.6460632e-02  -1.1783062e-02   3.6637887e-03  -1.9571018e-03
  -3.6148841e-01   6.8358597e-01   1.2926648e-01  -1.1429033e-02   3.5032022e-03  -1.9725710e-03
  -3.3410520e-01   6.9067342e-01   1.4943399e-01  -1.2570187e-02   3.2058957e-03  -2.3522732e-03
  -3.2456203e-01   6.6981051e-01   1.5628382e-01  -1.1312148e-02   3.0244998e-03  -2.2137492e-03
  -3.4754850e-01   8.6581048e-01   1.9064749e-01  -1.2329484e-02   3.2333315e-03  -2.3021623e-03
  -3.3497464e-01   5.9844414e-01   1.0450711e-01  -1.1908574e-02   2.8672044e-03  -2.4484675e-03
  -3.8108929e-01   7.7721432e-01   1.6219663e-01  -1.1383561e-02   3.0707879e-03  -2.5042703e-03
  -4.0106576e-01   7.3426108e-01   9.4818174e-02  -1.1003645e-02   3.3632068e-03  -2.6479153e-03
  -3.8172586e-01   7.1250798e-01   7.4252467e-02  -1.2331782e-02   3.2873942e-03  -2.6873038e-03
  -3.8636231e-01   6.8276826e-01   6.5786669e-02  -1.1010553e-02   3.1862810e-03  -2.5522495e-03
  -3.7963410e-01   7.6013296e-01   1.2264771e-01  -1.1170302e-02   3.1505708e-03  -2.9628219e-03
  -3.7232048e-01   6.7750893e-01   7.3414361e-02  -1.1017117e-02   3.0465853e-03  -3.1160466e-03
  -3.5620342e-01   6.9244984e-01   1.2677412e-01  -1.1662089e-02   2.9791839e-03  -3.0701013e-03
  -3.4994371e-01   5.8906780e-01   9.9396297e-02  -1.1327294e-02   2.9165984e-03  -3.2371828e-03
  -3.4481468e-01   6.5137109e-01   8.2684484e-02  -1.1193753e-02   2.6225143e-03  -3.4175577e-03
  -3.4557411e-01   7.1284476e-01   1.0182428e-01  -1.1066081e-02   2.6645648e-03  -3.5191493e-03
  -2.9417101e-01   6.3823899e-01   8.0149599e-02  -1.2649604e-02   2.0239767e-03  -3.2746961e-03
  -3.1216273e-01   4.7186226e-01   4.2758444e-03  -1.1911855e-02   2.0410610e-03  -3.2231340e-03
  -3.5631920e-01   7.4517538e-01  -1.7142262e-03  -1.1213852e-02   2.3142340e-03  -3.3250303e-03
  -3.5624708e-01   7.0995557e-01  -3.8596438e-03  -1.1206800e-02   2.2924861e-03  -3.3535050e-03
  -3.4461105e-01   7.4271521e-01   2.2361694e-02  -1.1392042e-02   2.2109390e-03  -3.3699954e-03
  -3.6154359e-01   7.1713217e-01   3.5062651e-02  -1.2329688e-02   2.3934710e-03  -3.5035620e-03
  -3.5891203e-01   5.9862445e-01   4.6627409e-02  -1.1478062e-02   2.3889065e-03  -3.5069332e-03
  -3.5103485e-01   6.8209511e-01   4.3677988e-02  -1.1768999e-02   2.3632848e-03  -3.3964573e-03
  -3.5739349e-01   6.0610318e-01   2.4185242e-02  -1.1852044e-02   2.3944900e-03  -3.4638725e-03
  -3.3776209e-01   7.1406853e-01   8.0617638e-03  -1.1907198e-02   2.1879067e-03  -3.5900309e-03
  -3.4998216e-01   6.7567081e-01   2.3081499e-02  -1.1518783e-02   2.3119532e-03  -3.6971417e-03
  -3.2024329e-01   6.2514313e-01  -3.6455826e-03  -1.1940526e-02   2.0281266e-03  -3.5790732e-03
  -2.9866779e-01   5.2661792e-01  -1.2000348e-01  -1.2384622e-02   1.6808551e-03  -3.4038144e-03
  -3.1942619e-01   7.5644113e-01  -3.7374113e-02  -1.1739045e-02   1.8536803e-03  -3.5065093e-03
  -3.0524775e-01   9.0523486e-01   9.5770889e-02  -1.2301600e-02   1.7630491e-03  -3.6563489e-03
  -2.8989480e-01   5.9398301e-01   4.9647351e-02  -1.2725476e-02   1.7630747e-03  -3.5279026e-03
  -2.6993637e-01   5.7927588e-01  -1.5454205e-02  -1.2594424e-02   1.4083664e-03  -3.4876932e-03
  -3.0810911e-01   7.8015198e-01  -1.8538095e-02  -1.1648784e-02   1.5113083e-03  -3.6448992e-03
  -2.8399164e-01   8.2213031e-01   2.0395094e-02  -1.2992847e-02   1.4479263e-03  -3.6505903e-03
  -3.0044423e-01   6.0052386e-01  -1.0559633e-01  -1.1469208e-02   1.4709448e-03  -3.5037764e-03
  -3.2899114e-01   9.0064628e-01  -1.4058497e-03  -1.2368015e-02   1.6003339e-03  -3.8287225e-03
  -3.1825679e-01   7.8756500e-01  -4.6060289e-02  -1.2936310e-02   1.5793334e-03  -3.8861512e-03
  -3.0982759e-01   5.9680091e-01  -1.0207374e-01  -1.1442479e-02   1.2424652e-03  -3.9111065e-03
  -3.0735808e-01   8.3223588e-01  -7.0309608e-02  -1.1842441e-02   1.0860962e-03  -4.5390965e-03
  -2.3713676e-01   5.7598691e-01  -1.8641455e-01  -1.1784559e-02  -1.7699158e-04  -4.6834787e-03
  -2.1975607e-01   3.2643935e-01  -2.8327237e-01  -1.0611236e-02  -4.2218880e-05  -4.4971092e-03
  -2.5038351e-01   6.4772781e-01  -3.3044298e-01  -1.0293096e-02   1.4789797e-04  -4.3542207e-03
  -3.0258807e-01   8.6973748e-01  -1.7514716e-01  -1.0537208e-02   5.6976276e-04  -4.5089383e-03
  -2.6584108e-01   6.1858081e-01  -1.5591218e-01  -1.0768695e-02   1.9901345e-04  -4.6870591e-03
  -2.8270056e-01   7.1104402e-01  -1.4718112e-01  -1.0941222e-02   2.8436345e-04  -4.7750934e-03
  -2.6484046e-01   6.9542444e-01  -1.0701341e-01  -1.0663871e-02   1.6201516e-04  -4.7621282e-03
  -2.9135986e-01   5.7270848e-01  -1.6849260e-01  -1.0554472e-02   3.9104997e-04  -5.0655393e-03
  -2.4396844e-01   4.2646239e-01  -2.5976204e-01  -9.7826278e-03  -1.4150689e-04  -4.8613230e-03
  -2.7036123e-01   5.1299377e-01  -2.4932618e-01  -9.3249273e-03  -1.0644882e-04  -5.0351289e-03
  -3.0918103e-01   7.8306520e-01  -1.0819383e-01  -9.9859523e-03   1.7421844e-04  -5.4399600e-03
  -3.1319032e-01   6.0615881e-01  -7.9707932e-02  -1.0786882e-02   5.6841855e-04  -5.4026849e-03
  -2.7141532e-01   3.9800265e-01  -2.1152839e-01  -1.0809606e-02   1.4847775e-04  -5.2150748e-03
  -3.3337113e-01   6.8753247e-01  -1.7880599e-01  -1.0140478e-02   3.9932494e-04  -5.3909261e-03
  -3.3945492e-01   7.8159986e-01  -1.7362200e-01  -1.1043311e-02   6.7482250e-04  -5.4445319e-03
  -3.1527657e-01   6.2105623e-01  -9.4525730e-02  -1.0395337e-02   3.1548624e-04  -5.3739677e-03
  -3.1470680e-01   6.7321715e-01  -8.5898256e-02  -1.0692495e-02   4.7535973e-04  -5.1372138e-03
  -2.7994241e-01   5.1282114e-01  -9.5029165e-02  -9.7043875e-03   4.1316986e-04  -4.8590732e-03
  -2.9887967e-01   6.8036449e-01  -5.8909978e-02  -1.0516082e-02   1.6378351e-03  -4.1551551e-03
  -2.8023412e-01   4.3179894e-01  -1.2288340e-01  -9.5911032e-03   1.0038417e-03  -4.4851816e-03
  -3.0706048e-01   6.5785100e-01  -1.4375124e-01  -9.7050479e-03   7.1981743e-04  -5.0760918e-03
  -2.8537610e-01   6.3721404e-01  -8.5959847e-02  -1.0638044e-02   4.4444051e-04  -4.9803755e-03
  -2.4074381e-01   3.3242937e-01  -2.3143459e-01  -1.0344436e-02   7.1624645e-05  -4.9922367e-03
  -2.5822244e-01   5.4345928e-01  -1.9741898e-01  -9.1646568e-03  -1.1697601e-04  -5.1643889e-03
  -3.0199634e-01   8.4091326e-01  -5.6888423e-02  -1.0217186e-02   3.4630053e-04  -4.9787492e-03
  -2.6813671e-01   3.7365198e-01  -1.6526190e-01  -9.1446823e-03   5.6929612e-05  -5.0355472e-03
  -3.2322237e-01   6.6986213e-01  -1.6725088e-01  -9.1128846e-03   1.1723685e-04  -5.3641952e-03
  -2.9958537e-01   5.6985552e-01  -1.3580226e-01  -9.7685313e-03   1.0683319e-04  -5.2030354e-03
  -2.8714438e-01   2.5011555e-01  -1.9007850e-01  -9.0767494e-03   2.9395916e-05  -5.1460300e-03
  -3.0363665e-01   5.2410433e-01  -1.8593666e-01  -8.4124534e-03   8.9599609e-05  -5.3199747e-03
  -3.2933004e-01   7.5324581e-01  -8.9558050e-02  -8.9352609e-03   1.4796033e-04  -5.3955441e-03
  -3.1207062e-01   5.1735404e-01  -2.5980632e-02  -8.7050613e-03  -4.1446859e-05  -4.7451794e-03
  -3.2843784e-01   3.5741483e-01  -7.1237743e-02  -8.8273890e-03   2.6694525e-04  -4.9970677e-03
  -3.2525370e-01   5.6420163e-01  -1.3016160e-01  -9.2892831e-03   6.2050236e-05  -5.1141484e-03
  -3.5511341e-01   6.3648524e-01  -1.1372447e-01  -8.8440140e-03   1.6542950e-04  -5.2733183e-03
  -3.2294831e-01   5.2640870e-01  -8.8387991e-02  -9.8545668e-03   1.4850482e-04  -4.9264416e-03
  -2.9549771e-01   2.9718611e-01  -1.9009834e-01  -9.3518939e-03  -8.0772500e-05  -4.5902110e-03
  -3.1126106e-01   5.2907738e-01  -2.0053948e-01  -8.0327607e-03  -2.8452725e-04  -4.9502803e-03
  -3.2874444e-01   7.6687890e-01  -1.3633995e-01  -8.4054483e-03  -3.1178723e-06  -4.6643508e-03
  -3.3737734e-01   5.4126584e-01  -1.0567006e-01  -8.8701029e-03   1.0030416e-04  -4.8848410e-03
  -3.0416477e-01   4.0401030e-01  -1.5783050e-01  -9.7320266e-03  -4.0552487e-06  -4.8382535e-03
  -3.0133392e-01   4.3990666e-01  -2.0000252e-01  -9.5469356e-03  -9.9954772e-05  -4.8345853e-03
  -2.7766428e-01   5.1363010e-01  -2.8647765e-01  -9.3684986e-03  -4.3157323e-04  -4.8511034e-03
  -3.2084748e-01   6.0574623e-01  -2.2297996e-01  -8.3076906e-03  -4.5174669e-05  -4.9624790e-03
  -3.4095674e-01   7.5043631e-01  -1.1713750e-01  -8.9826719e-03   1.7118723e-04  -5.1387534e-03
  -3.3136308e-01   5.5482823e-01  -1.0211185e-01  -8.4662811e-03  -1.6091689e-05  -5.1070093e-03
  -3.2630350e-01   4.7632083e-01  -1.2197420e-01  -1.0077908e-02   2.4671185e-04  -5.1582646e-03
  -2.8049441e-01   3.3481728e-01  -2.6515455e-01  -9.5077370e-03  -2.3418948e-04  -4.8792089e-03
  -2.9744940e-01   5.2107996e-01  -2.8972937e-01  -9.5068942e-03  -1.5476393e-04  -4.8590873e-03
  -3.1563327e-01   6.7639350e-01  -1.4412672e-01  -8.0642976e-03  -1.5768808e-04  -4.9506852e-03
  -3.1785547e-01   7.1923436e-01  -5.8401057e-02  -8.5180277e-03  -2.4981300e-05  -5.0405272e-03
  -2.9554386e-01   4.9979789e-01  -1.9782814e-02  -8.4881564e-03  -1.3971893e-04  -5.0331435e-03
  -2.7901633e-01   4.1324524e-01  -1.4479270e-01  -9.4079204e-03  -3.7382974e-05  -4.8163589e-03
  -2.7380250e-01   3.9479084e-01  -3.5036013e-01  -8.0917061e-03  -2.7359570e-04  -4.8316632e-03
  -2.4051668e-01   6.4383832e-01  -4.4383098e-01  -7.6097857e-03  -3.4805809e-04  -4.3584313e-03
  -2.5111077e-01   5.2565167e-01  -7.0080204e-02  -9.4418819e-03   6.4701883e-05  -4.3699205e-03
  -2.4998411e-01   3.3000900e-01  -1.6817035e-01  -9.0225913e-03   6.0633444e-05  -4.3936544e-03
  -2.8276803e-01   5.3780402e-01  -1.5704465e-01  -8.5186514e-03   1.7732666e-04  -4.4135607e-03
  -2.9583306e-01   7.8738846e-01  -1.2622295e-01  -9.0296962e-03   5.2372807e-04  -4.0174966e-03
  -2.6808330e-01   5.8553265e-01  -6.8163198e-02  -9.8193967e-03   7.6595565e-04  -3.6161436e-03
  -2.1586837e-01   5.0273611e-01  -1.0913398e-01  -9.2138388e-03   5.3800896e-04  -3.2893015e-03
  -2.3381912e-01   5.5021238e-01  -1.0686201e-01  -9.0361635e-03   4.6671222e-04  -3.5262453e-03
  -2.1917407e-01   7.1388041e-01  -5.0304583e-02  -1.0885782e-02   1.5002081e-04  -3.7016034e-03
  -1.6227614e-01   3.8057311e-01  -1.4116106e-01  -9.9389949e-03  -3.7143515e-04  -3.4693882e-03
  -1.4283154e-01   5.8179392e-01  -2.2605915e-01  -1.0238056e-02  -6.3024553e-04  -3.4117214e-03
  -1.7369593e-01   6.6687148e-01  -1.3098633e-01  -8.6557734e-03  -6.3252202e-04  -3.8301819e-03
  -2.0719066e-01   8.3824693e-01  -2.7485639e-02  -8.3080508e-03  -4.1339627e-04  -4.1727372e-03
  -1.9405529e-01   6.6641545e-01   6.6995227e-02  -9.7655641e-03  -2.9350034e-04  -3.9068398e-03
  -1.7338089e-01   4.5089580e-01  -5.0564446e-02  -9.8370769e-03  -3.6850704e-04  -3.9696087e-03
  -1.3349360e-01   5.3485899e-01  -1.4560031e-01  -1.0126120e-02  -9.2512450e-04  -3.9025943e-03
  -1.7702642e-01   6.3303771e-01  -1.0120776e-01  -8.7755398e-03  -4.4851697e-04  -3.9762898e-03
  -1.8927963e-01   8.1536801e-01   2.7770520e-02  -9.0133381e-03  -3.7441193e-04  -3.9878060e-03
  -1.8424112e-01   6.4106142e-01   6.1740226e-02  -9.7142139e-03  -2.6349785e-04  -3.7154750e-03
  -1.6130815e-01   4.0597544e-01  -7.2665945e-02  -9.8589540e-03  -4.9412092e-04  -3.6044513e-03
  -1.5746165e-01   5.2566538e-01  -1.3453212e-01  -1.0418605e-02  -5.7055798e-04  -3.5622287e-03
  -1.9218410e-01   7.1778509e-01  -6.2618686e-02  -9.5448053e-03  -4.0771622e-04  -3.6793307e-03
  -1.8134515e-01   7.8965167e-01  -2.4955567e-02  -9.9111097e-03  -4.3500412e-04  -3.6345429e-03
  -1.4879437e-01   4.3849818e-01  -1.1211054e-01  -1.0153018e-02  -6.7995695e-04  -3.4986468e-03
  -1.7370566e-01   5.9289288e-01  -8.0348441e-02  -9.1834599e-03  -7.1220813e-04  -3.8806248e-03
  -2.0437019e-01   7.9758044e-01   3.4665812e-02  -9.3092093e-03  -3.9612102e-04  -4.1931042e-03
  -1.9853124e-01   7.1193745e-01   4.6963758e-02  -9.3693028e-03  -3.0083869e-04  -4.0299941e-03
  -1.8795849e-01   6.2284299e-01   5.1398851e-02  -1.0353800e-02  -3.4464127e-04  -3.9603677e-03
  -1.4988111e-01   4.0815349e-01  -1.2028768e-01  -1.0086795e-02  -7.1075925e-04  -3.6821258e-03
  -2.0291448e-01   6.9910791e-01  -5.0762147e-02  -9.6417860e-03  -3.1524534e-04  -3.9661490e-03
  -1.8621535e-01   8.4092935e-01   3.0498849e-02  -9.8633348e-03  -5.4998404e-04  -4.0079732e-03
  -1.7601434e-01   6.2378879e-01  -1.3640414e-04  -1.1120839e-02  -4.7837806e-04  -3.9077394e-03
  -1.5371810e-01   3.8994657e-01  -1.3167058e-01  -1.0226323e-02  -6.5936273e-04  -3.6396514e-03
  -1.8324494e-01   5.9652204e-01  -1.1939538e-01  -1.0639254e-02  -2.5745131e-04  -3.4730639e-03
  -1.7774647e-01   7.1467090e-01  -7.8982852e-02  -9.5523427e-03  -5.1058443e-04  -3.7128785e-03
  -1.9859412e-01   8.8481849e-01   5.1787306e-02  -9.9950901e-03  -1.5838200e-04  -3.9299961e-03
  -1.9160607e-01   7.3102889e-01   5.9656493e-02  -1.0150287e-02  -2.6530324e-04  -3.9408470e-03
  -1.6687709e-01   5.7276094e-01  -4.3502964e-02  -1.0811236e-02  -3.6352245e-04  -3.6467963e-03
  -1.4618823e-01   4.7947186e-01  -1.3523089e-01  -1.0488461e-02  -6.6493479e-04  -3.4723436e-03
  -1.6959039e-01   6.7223573e-01  -7.2524479e-02  -9.5508263e-03  -3.6516086e-04  -3.5595960e-03
  -1.7964289e-01   8.4149571e-01   5.7410962e-02  -9.8652397e-03  -2.7739950e-04  -3.6272910e-03
  -1.6923202e-01   6.3319107e-01   8.6796551e-02  -1.0317579e-02  -2.4922688e-04  -3.6496795e-03
  -1.2448336e-01   4.2075248e-01  -1.5528892e-02  -1.0794841e-02  -6.0128296e-04  -3.3485886e-03
  -1.2294686e-01   5.1483146e-01  -1.2991253e-01  -1.0838244e-02  -7.2919786e-04  -3.1953005e-03
  -1.7308436e-01   7.5407234e-01  -6.2890669e-02  -1.0051397e-02  -3.9365089e-04  -3.4245110e-03
  -1.9556198e-01   8.4698878e-01   2.6766376e-02  -9.8586339e-03  -8.1807629e-05  -3.7076902e-03
  -1.9429472e-01   7.8401670e-01   9.8086976e-02  -1.0312469e-02  -1.3882406e-04  -3.8648715e-03
