   0.0000000e+00   0.0000000e+00   0.0000000e+00   0.0000000e+00   0.0000000e+00   0.0000000e+00
  -1.1349480e-02   1.1424321e-02  -2.7038490e-02   8.1371560e-05   2.8607843e-04   1.4295655e-04
   3.7810831e-03   9.1956102e-03  -8.2726796e-02  -6.6372790e-05   2.2322405e-05   1.7623959e-04
  -3.1202760e-03  -4.0232664e-02  -1.5930506e-02   2.0518100e-04   1.6868538e-04   4.3552153e-05
   1.6032475e-03   8.5237342e-03  -8.6870689e-02   2.4513287e-06   9.0284822e-05   2.4357450e-04
   2.5907533e-03  -2.2871306e-02  -1.4000783e-02   3.4135553e-04   2.0123426e-04   1.6804219e-04
  -1.1066141e-02   6.3232003e-03  -7.0725100e-02  -2.0823315e-04   3.6883352e-04   4.5677627e-04
   1.1274606e-02  -5.8761476e-02  -3.1681922e-02   6.7979068e-04   2.7269126e-04   4.7777363e-04
  -1.1474258e-03  -1.7205868e-02  -2.2583646e-02  -9.3937347e-05   4.7142551e-04   5.0620718e-04
   1.1630853e-02  -7.2313306e-02  -5.5994877e-02   4.8602321e-04   2.4503029e-04   3.3825775e-04
   1.1160409e-02   3.0085224e-02  -2.5846967e-02   6.3265229e-04   3.0350170e-04   5.0666125e-04
   7.6118170e-03  -4.1654982e-02  -4.2620269e-04   7.9385489e-05   3.1677957e-04   2.0175449e-04
   1.3460646e-02  -1.4859993e-02  -1.7880845e-02   2.3209325e-05   3.0483948e-04   4.9944648e-04
   1.6026525e-02  -2.0181654e-02   1.7996189e-02   1.0897038e-04   1.3842558e-04  -1.6308103e-04
  -3.9580081e-03  -5.1447364e-03  -1.6608148e-02  -1.9787607e-04   5.8052210e-04   4.1109408e-04
   1.5165278e-02  -4.8519439e-02  -8.4083357e-03   7.6791820e-04   2.9375705e-04   3.4481541e-04
   2.6521925e-03  -1.4462200e-02   5.3186527e-02   7.7591556e-05   3.9390421e-04   3.4477007e-04
  -4.4618758e-03  -8.5055862e-02   3.8799700e-02   2.3100817e-04   3.8507500e-04  -1.0013756e-04
   1.7200454e-02  -4.3673372e-02   7.4538631e-02   3.4978807e-05   3.9134353e-04   9.5416949e-05
   8.9199622e-03  -4.1552367e-02   6.5304742e-02   1.3772415e-04   4.0899798e-04   1.6499034e-04
   1.5337215e-02  -8.7345469e-03   3.2655748e-02   1.7427747e-04   3.7293570e-04   2.6892428e-04
   2.8149890e-02  -1.2226547e-03   9.1822824e-02   3.4612818e-04   3.1402442e-04   7.5515034e-05
   1.7777797e-02  -4.2636495e-02   7.8554400e-02  -2.0757665e-04   4.3523354e-04   3.7111912e-04
   2.3504325e-02  -1.1742742e-01   7.8988196e-02   1.9929811e-04   3.7170577e-04   1.6108295e-04
   2.3480616e-02  -3.1045765e-02   4.2585933e-02   3.4094673e-04   3.2971667e-04   5.4404776e-05
   2.0218464e-02  -1.4421601e-02   1.1605133e-01   2.7578100e-04   5.5265790e-04  -8.5735471e-05
   1.1291819e-02  -7.2576441e-02   6.7425244e-02   3.2594892e-04   5.1525761e-04   4.2700285e-05
   1.5290181e-02  -6.0375214e-02   5.5007882e-02   6.0648014e-04   4.9954981e-04   2.0219114e-05
   2.6371828e-02  -3.1282450e-02   7.8511990e-02   5.3593443e-04   2.9916625e-04   1.0942374e-05
   1.5146984e-02  -4.0598018e-02   6.6973160e-02   1.6706067e-04   5.9223721e-04   5.1602521e-04
   2.4956004e-02  -2.2703929e-02   2.9377703e-02   6.4842271e-04   4.1841644e-04   2.8011667e-04
   2.6652099e-02   1.9182960e-03   6.5571166e-02   4.5745758e-04   5.7375796e-04   4.3768661e-04
   2.5053619e-02  -4.9382844e-02   7.5165090e-02   2.8020123e-04   4.4322768e-04   4.1015400e-04
   2.1616312e-02  -6.7936908e-02   2.3072801e-02   3.5486260e-04   5.7531161e-04   4.1639443e-04
   2.9481611e-02  -1.4695225e-02   6.9057807e-02   4.0525398e-04   4.7764555e-04   4.0207148e-04
   2.8807636e-02  -1.9054206e-02   6.5571772e-02   4.7683973e-04   5.0482666e-04   6.7048634e-04
   2.9951870e-02   3.0188311e-02   4.9553196e-03   6.0256978e-04   4.6052900e-04   7.6427443e-04
   3.9385655e-02  -6.1532521e-02   6.9541504e-02   8.4956775e-04   4.7502974e-04   5.7109085e-04
   3.8583057e-02  -3.1648881e-02   5.4685271e-02   4.3873768e-04   3.9740274e-04   7.5083299e-04
   4.4504413e-02  -5.0158304e-02   2.0523829e-02   5.6973036e-04   4.2527578e-04   8.8491117e-04
   5.2719374e-02  -1.3660230e-02   6.5961677e-02   3.1823168e-04   4.2511772e-04   9.7594698e-04
   4.2578267e-02  -1.0608568e-02   4.9440528e-02   8.5657814e-05   5.7016867e-04   9.7987398e-04
   6.0981593e-02  -4.5881742e-02   7.4060595e-02  -9.4872741e-05   4.0323566e-04   1.1899302e-03
   4.6897557e-02   6.2279323e-02   9.9343330e-02  -2.9257810e-04   5.4204833e-04   1.2754385e-03
   6.7407402e-02   2.4405965e-02   5.4869708e-02  -6.0084596e-04   3.9923794e-04   1.4531207e-03
   8.8333886e-02  -2.7122530e-02   1.0172196e-01  -2.8671397e-05   2.1784069e-04   1.2096521e-03
   6.9217518e-02   6.7927813e-02   9.1983037e-02  -1.1476154e-03   4.6352519e-04   1.3711013e-03
   7.2459470e-02  -4.0732856e-02   5.6208717e-02  -7.0848807e-04   4.4112867e-04   1.3027763e-03
   7.3954652e-02   9.8057690e-02   1.0110261e-01  -1.1343640e-03   5.8357746e-04   1.3060071e-03
   8.6578193e-02   2.3106113e-03   1.0280274e-01  -5.6078761e-04   2.7129097e-04   1.3342029e-03
   7.2390773e-02   7.3547381e-02   8.3215344e-02  -1.2418989e-03   4.5922708e-04   1.6171411e-03
   9.6035599e-02   1.4383117e-02   9.2460362e-02  -3.4651845e-04   2.1302983e-04   1.5237640e-03
   8.7303022e-02   2.5294328e-02   1.1428068e-01  -1.0182041e-03   5.8954149e-04   1.4707630e-03
   9.4153668e-02   9.2700085e-03   1.0450643e-01  -7.7706719e-04   3.4228782e-04   1.3543189e-03
   9.1931575e-02   7.6814637e-02   7.6162333e-02  -6.2145930e-04   4.6952940e-04   1.9037893e-03
   1.1057879e-01   9.9935344e-03   1.0827438e-01  -3.6205046e-04   1.2155243e-04   1.6907263e-03
   9.9692248e-02   3.7207765e-02   1.2370402e-01  -6.2736782e-04   3.8776433e-04   1.8301514e-03
   1.0774417e-01  -3.4378714e-02   1.1463087e-01  -3.4589430e-04   2.0876417e-04   1.6995956e-03
   1.0350414e-01  -2.9294631e-03   9.3798235e-02  -5.2798178e-04   2.2791864e-04   1.8873939e-03
   1.1886144e-01   1.8091857e-02   9.8394134e-02  -2.4619409e-04  -1.0878655e-05   1.5414732e-03
   1.1653172e-01   6.8211434e-02   1.2957957e-01  -5.5510432e-04   2.9199363e-05   1.6957792e-03
   1.0900620e-01   2.5492760e-03   9.6613236e-02  -5.3995314e-04   4.5411138e-05   1.8661321e-03
   1.1741066e-01   1.4470690e-02   9.3442524e-02  -1.5088614e-04   1.1595538e-04   1.7848161e-03
   1.1531833e-01   5.5534329e-02   1.2083294e-01  -4.8293021e-04   2.5792760e-04   1.9247939e-03
   1.1671698e-01   2.8591324e-02   1.0159490e-01  -8.6877183e-04   1.1275258e-04   1.9269013e-03
   1.1254506e-01   3.5026483e-02   6.7542546e-02  -8.3128144e-04   3.7754141e-04   2.0044193e-03
   1.1440755e-01  -8.2009800e-03   1.1815057e-01  -4.0268828e-04   2.5994442e-04   2.0114820e-03
   1.0550379e-01   3.4755519e-02   8.9945131e-02  -3.4457715e-04   2.4948113e-04   1.9764763e-03
   1.0447078e-01  -2.0804654e-02   9.8230521e-02  -8.0287767e-04   3.6870124e-04   2.2169846e-03
   1.0418612e-01   1.1760997e-01   1.4786658e-01  -9.1426237e-04   4.1426102e-04   2.1803118e-03
   1.0372254e-01   1.4167784e-03   9.3607094e-02  -6.4644654e-04   5.3552384e-04   2.6158429e-03
   1.2881886e-01   5.3198652e-02   1.3218119e-01  -3.3316309e-04   3.0450120e-04   2.3149103e-03
   1.0017999e-01   4.5094346e-02   1.1602878e-01  -8.3540065e-04   8.0728689e-04   2.5899615e-03
   9.3622792e-02  -5.6709277e-02   7.3324223e-02  -5.5415654e-04   8.6528529e-04   2.5812228e-03
   9.3276977e-02   6.6624247e-02   1.3735319e-01  -1.0616042e-03   1.1330561e-03   2.3706679e-03
   1.0167815e-01  -2.8824299e-02   8.8999970e-02  -1.0800190e-03   8.1442076e-04   2.6393741e-03
   1.1313114e-01   5.4377506e-02   9.4710139e-02  -8.6900902e-04   7.7183304e-04   2.7717520e-03
   1.1379879e-01   8.7681628e-02   1.2184358e-01  -1.0552228e-03   7.2477459e-04   2.6152953e-03
   1.2229588e-01   1.0584264e-02   1.3471607e-01  -1.0882715e-03   5.3535701e-04   2.6263582e-03
   1.2103137e-01   9.0578301e-02   9.7572670e-02  -9.7575234e-04   4.8198697e-04   2.6052669e-03
   1.2056512e-01   1.1353516e-02   1.4146563e-01  -4.9805396e-04   6.0385965e-04   2.4839982e-03
   1.2106334e-01   9.5290194e-02   1.4480409e-01  -1.1276523e-03   6.3872026e-04   2.7069087e-03
   1.3172271e-01  -4.5992133e-02   1.1504707e-01  -7.0309722e-04   4.0849398e-04   2.7417898e-03
   1.2785382e-01   8.4406898e-03   1.4157866e-01  -6.1318557e-04   5.5339894e-04   2.7111096e-03
   1.4163818e-01   3.8782437e-02   1.5132204e-01  -6.4317990e-04   3.6512463e-04   2.7392249e-03
   1.4607323e-01   5.0806022e-02   1.6379035e-01  -1.0201357e-03   2.8577601e-04   2.6749558e-03
   1.4288543e-01   8.8340539e-02   1.4779026e-01  -8.9751419e-04   3.6985676e-04   2.7126238e-03
   1.6418256e-01   2.8714620e-02   1.8308808e-01  -3.7942284e-04   9.4820083e-05   2.6051464e-03
   1.4760906e-01   4.0722928e-02   2.0047068e-01  -1.1524703e-03   4.6401315e-04   2.5831748e-03
   1.5571647e-01  -3.7159756e-02   1.6670466e-01  -7.3802013e-04   2.4030144e-04   2.5763941e-03
   1.5560575e-01   6.0351341e-02   1.9468120e-01  -9.9276656e-04   3.2532971e-04   2.5433550e-03
   1.5522602e-01   4.6680631e-02   2.0455668e-01  -1.0669248e-03   2.0829971e-04   2.2637250e-03
   1.6197038e-01   6.1783717e-02   2.0593627e-01  -9.3445244e-04   9.0296826e-05   2.3767280e-03
   1.5293484e-01   9.6785981e-02   1.8677626e-01  -7.8465539e-04   1.1408778e-04   2.5254558e-03
   1.7754434e-01   8.0735271e-02   2.4497194e-01  -7.5467242e-04  -1.6766059e-04   2.4058500e-03
   1.5846151e-01   8.0629343e-02   2.5218791e-01  -1.4953251e-03   2.3913859e-04   2.6348101e-03
   1.5967899e-01   1.3359771e-02   2.4265368e-01  -8.5800476e-04   1.6862740e-04   2.3055447e-03
   1.7107679e-01   2.8487321e-02   2.3366854e-01  -9.2177976e-04   9.3106185e-05   2.3419239e-03
   1.7529217e-01  -2.2829974e-02   2.8074612e-01  -8.0785275e-04   6.3455394e-05   2.1700197e-03
   1.5734498e-01   2.1063124e-02   2.7691731e-01  -1.2234124e-03   3.9900750e-04   2.2984362e-03
   1.5767105e-01   2.3165929e-02   2.4989025e-01  -1.0416072e-03   2.6085962e-04   2.3100304e-03
   1.7536764e-01   4.2032273e-02   3.0667274e-01  -8.9920393e-04   9.1048146e-05   2.2584317e-03
   1.5020881e-01   3.8702645e-02   2.9193840e-01  -1.5076112e-03   3.6740127e-04   2.2694074e-03
   1.6301079e-01  -6.7881675e-02   2.5964784e-01  -8.6584435e-04   2.2691457e-04   2.0594692e-03
   1.5538670e-01   4.3119764e-02   3.1383908e-01  -1.5309698e-03   5.8222797e-04   2.0062132e-03
   1.4201283e-01   8.0741561e-02   2.9405843e-01  -1.7203585e-03   5.9939243e-04   2.2429659e-03
   1.4613324e-01   5.6501047e-02   2.6704746e-01  -1.1313912e-03   5.4605374e-04   2.3898488e-03
   1.4475792e-01   1.0566231e-01   3.0401662e-01  -1.3985795e-03   7.5714035e-04   2.3423715e-03
   1.4436608e-01   8.9562177e-03   3.3248940e-01  -1.4972437e-03   6.7857903e-04   2.1782559e-03
   1.3568259e-01   1.4235979e-02   3.0749875e-01  -1.2292764e-03   7.8391838e-04   2.2566965e-03
   1.6120646e-01   3.3782466e-02   3.4211614e-01  -1.2307288e-03   3.4672387e-04   1.9221682e-03
   1.4218353e-01   3.4674193e-02   3.6646296e-01  -1.2534137e-03   3.9031984e-04   1.7691398e-03
   1.3470828e-01   8.7699177e-02   3.1872290e-01  -1.0084370e-03   4.4046809e-04   1.7570796e-03
   1.5039792e-01   6.5123390e-02   3.6254568e-01  -9.4699498e-04   3.3823337e-04   1.5320603e-03
   1.3566387e-01   5.3912647e-02   3.6649027e-01  -1.2999881e-03   5.1081409e-04   1.5698591e-03
   1.3930653e-01   6.7801978e-02   3.5057053e-01  -6.9906068e-04   4.4048350e-04   1.6344532e-03
   1.6508833e-01  -2.6078704e-02   4.0520317e-01  -1.8186343e-04   5.7381728e-05   1.2554549e-03
   1.6147883e-01  -1.3796914e-01   2.8438921e-01   3.3621356e-03  -7.5548993e-04   2.6094183e-04
   5.7556258e-02  -5.6867076e-01   9.6707387e-02   9.4191943e-03  -7.9831339e-04  -4.3001128e-03
   9.1212862e-02  -3.3773639e-01   1.6849142e-01   7.2039225e-03  -1.7590728e-03  -3.9180947e-03
   9.9611268e-02  -2.6918597e-01   1.5882325e-01   6.6383906e-03  -2.0539255e-03  -3.8051116e-03
   1.0795206e-01  -1.9897794e-01   1.6594171e-01   6.3165440e-03  -2.1042619e-03  -3.4677052e-03
   1.5168020e-01  -1.4466584e-01   1.9030198e-01   6.3065204e-03  -1.6910358e-03  -1.8833383e-03
   1.3968093e-01  -1.5553890e-01   2.0313126e-01   4.0404973e-03  -2.1148456e-03  -2.1791198e-03
   1.4579126e-01  -2.0395826e-01   1.9033138e-01   5.1559677e-03  -2.3194264e-03  -2.4467414e-03
   1.4807658e-01  -2.0796293e-01   2.6676957e-01   4.6561275e-03  -2.2205445e-03  -2.5149072e-03
   1.1876336e-01  -1.2918433e-01   2.7391768e-01   3.8569975e-03  -1.9969002e-03  -2.5822266e-03
   1.2221074e-01  -1.6417744e-01   3.1998746e-01   4.0116110e-03  -1.9628430e-03  -2.9558091e-03
   1.1264972e-01  -7.5146794e-02   3.9771816e-01   2.4701494e-03  -1.6923913e-03  -3.1869142e-03
   1.2230475e-01  -2.4347305e-01   3.1959634e-01   2.9143424e-03  -1.9096255e-03  -2.8228323e-03
   1.4903098e-01  -1.8073590e-01   3.9945415e-01   2.9126893e-03  -1.6778847e-03  -2.2561699e-03
   1.2553368e-01  -1.3703412e-01   3.5277317e-01   2.5547840e-03  -8.7345507e-04  -1.2874338e-03
   1.5770180e-01  -2.2240176e-01   3.6908788e-01   3.0774450e-03  -1.0892432e-03  -1.0922146e-03
   1.3932718e-01  -7.7462230e-03   3.8767210e-01   2.3699347e-03  -6.5337446e-04  -1.0305723e-03
   1.5433385e-01  -1.6460788e-01   3.9495839e-01   2.4248038e-03  -1.0118568e-03  -8.0932592e-04
   1.5644772e-01  -9.5762927e-02   4.0045534e-01   2.5617483e-03  -9.8272859e-04  -8.4933238e-04
   1.6377657e-01  -2.6578102e-02   4.4463264e-01   2.0643695e-03  -9.8868020e-04  -7.3729771e-04
   1.6519874e-01  -8.3304207e-02   4.5778833e-01   1.5975648e-03  -1.0142050e-03  -7.6202080e-04
   1.6328916e-01  -1.1928710e-01   4.3651586e-01   2.0057543e-03  -9.8046811e-04  -5.8980235e-04
   1.7177981e-01  -1.3027818e-01   4.4550238e-01   1.8771159e-03  -1.0193043e-03  -8.4432874e-04
   1.7512920e-01  -1.4072608e-01   4.9692203e-01   1.8383059e-03  -1.1067955e-03  -9.5404387e-04
   1.6755468e-01  -1.4963736e-01   4.7182430e-01   1.5159058e-03  -1.0325938e-03  -6.7384575e-04
   1.7844603e-01  -1.6125146e-01   4.6570795e-01   2.2122723e-03  -1.2132817e-03  -7.5716776e-04
   1.7425518e-01  -1.0570110e-01   5.1192710e-01   2.0144371e-03  -1.0158474e-03  -1.0782758e-03
   1.5584987e-01  -1.3719346e-01   4.7489022e-01   1.6874938e-03  -7.7627836e-04  -1.1242392e-03
   1.5374974e-01  -1.4277238e-01   4.9783849e-01   2.2835867e-03  -8.4787823e-04  -1.2564913e-03
   1.4962553e-01  -5.6039668e-02   5.7584937e-01   1.8497695e-03  -7.8718918e-04  -1.4924481e-03
   1.4860816e-01  -1.3242584e-01   5.6662972e-01   1.6471219e-03  -9.8204644e-04  -1.5829463e-03
   1.5200792e-01  -7.8782948e-02   5.2656029e-01   1.8512837e-03  -8.0641506e-04  -1.2922523e-03
   1.5518852e-01  -9.6231959e-02   5.8703505e-01   1.8494191e-03  -8.0695021e-04  -1.3138262e-03
   1.4046294e-01  -1.3212362e-01   5.4760370e-01   1.7327032e-03  -5.8385599e-04  -1.2078443e-03
   1.6122921e-01  -1.7194809e-01   5.5243081e-01   2.3178304e-03  -8.1681269e-04  -1.3585136e-03
   1.6389614e-01  -7.5361573e-02   5.9916968e-01   1.6866567e-03  -7.6551183e-04  -1.3905459e-03
   1.5659685e-01  -1.5592145e-01   5.7326721e-01   1.6346439e-03  -7.3064589e-04  -1.2143421e-03
   1.7280778e-01  -1.2649804e-01   5.7852808e-01   2.1533850e-03  -8.6260578e-04  -1.2416816e-03
   1.7285515e-01  -5.0018485e-02   6.3859682e-01   1.4216614e-03  -8.2398587e-04  -1.3835059e-03
   1.5469220e-01  -1.3107736e-01   6.2683328e-01   1.7526239e-03  -6.7843779e-04  -1.4279691e-03
   1.4863332e-01  -1.1685423e-01   6.1435834e-01   1.7804816e-03  -4.5527172e-04  -1.4395821e-03
   1.8555256e-01  -9.3465208e-02   6.4907213e-01   1.5543232e-03  -9.9909989e-04  -1.3404105e-03
   1.7257640e-01  -1.2093974e-01   6.3966279e-01   1.4105471e-03  -8.3324718e-04  -1.0788455e-03
   1.7930556e-01  -9.8383024e-02   5.9965595e-01   1.8025036e-03  -9.5518718e-04  -1.1954986e-03
   1.8803957e-01  -5.8021930e-02   7.2928400e-01   1.7259625e-03  -9.9849955e-04  -1.5638484e-03
   1.3344072e-01  -5.7571595e-02   7.5995048e-01   1.2960815e-03  -6.7104110e-04  -2.2606045e-03
   1.4908815e-01  -1.3170774e-01   7.3763644e-01   1.8164744e-03  -9.4573718e-04  -2.6892055e-03
   1.4552049e-01  -7.0100215e-02   7.6355910e-01   1.2860116e-03  -6.1387134e-04  -2.4491122e-03
   1.2735967e-01  -7.6731755e-02   7.0222224e-01   1.0145164e-03  -5.4132562e-04  -2.1236314e-03
   1.4007990e-01  -1.4054165e-01   6.9032395e-01   1.8606584e-03  -6.2627214e-04  -2.0008212e-03
   1.3281356e-01  -5.2583177e-02   7.2940784e-01   1.5979701e-03  -3.6191928e-04  -2.4274694e-03
   1.3342260e-01  -1.6420895e-01   6.8528185e-01   1.7583739e-03  -5.4668599e-04  -2.0455059e-03
   1.3633156e-01  -7.9404156e-02   6.8778035e-01   1.7473286e-03  -3.1716496e-04  -2.0094991e-03
   1.5358555e-01  -1.2588243e-01   7.3232733e-01   1.5539266e-03  -6.1442578e-04  -2.0042089e-03
   1.4582742e-01  -9.4273011e-02   7.1891290e-01   1.5952085e-03  -6.1605700e-04  -1.8485713e-03
   1.4341083e-01  -1.0789274e-01   6.8808860e-01   1.9726458e-03  -5.4622322e-04  -1.9590612e-03
   1.5963082e-01  -7.8371044e-02   7.7002063e-01   1.8912013e-03  -7.2147566e-04  -2.0112013e-03
   1.3889816e-01  -1.2689314e-01   7.2321485e-01   1.4856009e-03  -4.5263173e-04  -1.8316104e-03
   1.5896785e-01  -1.4679274e-01   6.9235167e-01   2.3305587e-03  -3.8095365e-04  -1.5685801e-03
   1.5963571e-01  -8.6938137e-02   7.4370977e-01   1.6799108e-03  -1.5435011e-04  -1.5319888e-03
   1.4831181e-01  -8.0775465e-02   6.8487821e-01   1.5604632e-03  -2.9762038e-04  -1.3179759e-03
   1.6353753e-01  -1.4027913e-01   7.0429595e-01   2.1085170e-03  -4.4379270e-04  -1.2787277e-03
   1.4435603e-01  -1.0206448e-01   7.2386646e-01   2.3359723e-03   6.0814508e-05  -1.6611714e-03
   1.1693450e-01  -3.0402958e-01   5.2757700e-01   4.1173919e-03  -2.2463958e-04  -2.6569601e-03
  -4.1783960e-02  -9.4300465e-01   6.3867058e-01   1.7630026e-02   1.4794123e-03  -8.6363334e-03
   1.9031232e-02  -6.7712996e-01   5.4286069e-01   1.4042243e-02   7.9834134e-04  -5.8423215e-03
   3.3963948e-02  -2.4404864e-01   5.6700326e-01   1.1439667e-02   9.4271271e-04  -4.6632184e-03
   5.4248680e-02  -3.9359307e-01   6.5046437e-01   1.0544737e-02   6.5080913e-04  -4.3122641e-03
   6.4773427e-02  -4.5493164e-01   6.9823729e-01   1.0281758e-02   5.5459248e-04  -4.1579566e-03
   6.1557529e-02  -4.2730535e-01   7.4537360e-01   9.1299341e-03   7.1261347e-04  -3.8992151e-03
   7.2975315e-02  -5.1913586e-01   7.2211353e-01   9.2125134e-03   4.3568851e-04  -3.3783166e-03
   9.2092155e-02  -3.8107188e-01   7.7444385e-01   8.8814666e-03   3.4563604e-04  -3.1091092e-03
   8.6830025e-02  -3.6221825e-01   7.5173562e-01   7.7510226e-03   5.3631070e-04  -3.0009810e-03
   1.0119459e-01  -3.2605095e-01   6.9732751e-01   7.7640974e-03   2.5424541e-04  -2.9366914e-03
   1.1491892e-01  -1.9236351e-01   7.5315141e-01   7.1684963e-03   1.1005174e-04  -3.1994720e-03
   9.3552801e-02  -2.3587811e-01   8.0559161e-01   6.2027829e-03   3.5805772e-04  -3.5710929e-03
   6.6541034e-02  -1.8252115e-01   8.4060505e-01   5.8893956e-03   3.9483085e-04  -4.0817954e-03
   6.6499519e-02  -2.5381908e-01   9.1105844e-01   5.4497513e-03   7.1778328e-04  -4.2261265e-03
   5.7580478e-02  -2.2752785e-01   9.2753571e-01   5.0053121e-03   7.2365782e-04  -4.0621986e-03
   4.2072125e-02  -1.3206480e-01   8.9311648e-01   4.7468593e-03   6.4316739e-04  -3.8648282e-03
   8.4547379e-02  -1.6533765e-01   9.2543139e-01   4.6677312e-03   3.4618778e-04  -3.7778201e-03
   8.4005098e-02  -1.6390175e-01   9.5248930e-01   4.6245745e-03   5.5047452e-04  -3.4488303e-03
   8.1721312e-02  -1.7208964e-01   8.8732355e-01   4.8311293e-03   5.3385806e-04  -3.0723796e-03
   1.0215732e-01  -2.4325454e-01   9.7785517e-01   4.9689967e-03   4.2290259e-04  -3.8526043e-03
   8.5714869e-02  -2.3103580e-01   9.9018966e-01   4.3451852e-03   5.9903471e-04  -3.2337013e-03
   8.2835326e-02  -2.4083113e-01   9.4559410e-01   4.5084731e-03   3.2217751e-04  -3.4612516e-03
   8.4826204e-02  -6.7247461e-02   1.0180510e+00   3.4846224e-03   3.5478300e-04  -3.5712430e-03
   7.8178828e-02  -1.8934144e-01   9.9328637e-01   3.6542162e-03   4.6309286e-04  -3.3261997e-03
   6.6066877e-02  -1.2799332e-01   9.8503786e-01   3.5840166e-03   5.6764940e-04  -3.5346284e-03
   5.5360411e-02  -1.1330137e-01   1.0733015e+00   2.5599267e-03   4.4242003e-04  -4.6142554e-03
   3.8138873e-02  -1.3514453e-01   1.1100233e+00   1.9832487e-03   8.3085931e-05  -5.0009462e-03
   2.3181045e-02  -1.0144397e-02   1.0446190e+00   3.5096710e-04  -1.1679061e-04  -5.9009612e-03
   2.1534889e-02   2.9129743e-02   1.2090160e+00   1.1303116e-04   2.4981609e-04  -6.1097190e-03
   4.2768453e-03  -3.8864748e-02   1.0870583e+00   9.1430958e-04   8.6657924e-04  -5.0407865e-03
   1.5752147e-02  -7.7509690e-02   1.1055802e+00   2.0971674e-03   8.8983770e-04  -5.2949833e-03
   1.0031090e-02   1.4782140e-03   1.1471677e+00   1.5819725e-03   1.0118501e-03  -4.7747904e-03
   1.1973193e-02  -1.1181964e-01   1.0898579e+00   2.8252091e-03   1.0403133e-03  -4.3683381e-03
   1.9554325e-02  -5.1753509e-02   1.1351290e+00   3.0170818e-03   1.1612023e-03  -4.5682111e-03
   9.8510154e-03  -1.8438774e-01   1.1512260e+00   3.1986376e-03   1.3018972e-03  -4.9505655e-03
   6.5359937e-03  -1.5923410e-01   1.1321283e+00   3.5591051e-03   1.1900445e-03  -5.2984025e-03
  -2.8524572e-03  -1.3842926e-01   1.0954938e+00   4.0202456e-03   1.5611139e-03  -4.5796830e-03
   4.4352510e-02  -1.1031827e-01   1.1491177e+00   3.0608156e-03   9.3990728e-04  -4.3339278e-03
   3.1952353e-02  -1.3326843e-01   1.1612615e+00   3.1750531e-03   1.0261000e-03  -4.5095637e-03
   1.0854082e-02  -1.6353001e-01   1.0906979e+00   3.0790063e-03   1.3618423e-03  -4.2448879e-03
   2.8520311e-02  -8.3627092e-02   1.2139880e+00   2.0526024e-03   8.7510553e-04  -5.1313455e-03
   3.8603615e-03  -8.5740115e-02   1.1401607e+00   1.9666352e-03   1.1405329e-03  -4.9782329e-03
   3.1817788e-02  -9.8505055e-02   1.1134972e+00   2.8074492e-03   2.3083998e-04  -5.6537473e-03
   2.1634303e-02  -7.6040106e-02   1.1982000e+00   2.0973973e-03   2.7284622e-04  -6.3962795e-03
  -2.5272276e-02   3.4087341e-02   1.1716973e+00   7.9388645e-04   1.0362569e-03  -6.2102819e-03
  -7.6202744e-03   2.7406717e-02   1.2124024e+00   3.4862777e-05   6.5456958e-04  -6.5578555e-03
  -2.0803670e-02   1.4550057e-01   1.2862712e+00  -1.1393096e-03   6.5537091e-04  -6.7526944e-03
  -3.0770527e-02   1.5822795e-01   1.1673271e+00  -1.3017914e-03   6.8197912e-04  -6.6865145e-03
  -1.8642127e-02   1.5540059e-01   1.3043751e+00  -1.8140185e-03   7.5989696e-04  -7.0997688e-03
  -3.0864188e-02   1.7463233e-01   1.2726607e+00  -2.8948436e-03   8.5942076e-04  -6.7140133e-03
  -3.4733214e-02   8.2196046e-02   1.1533820e+00  -9.4429249e-04   1.0604753e-03  -6.5419841e-03
  -3.8793008e-02   7.6230090e-02   1.2149294e+00  -2.1737303e-04   1.4426081e-03  -6.2041315e-03
  -5.3252856e-02   7.0208566e-02   1.1818747e+00   5.0199958e-05   1.6492283e-03  -6.0005939e-03
  -2.1218693e-02  -8.5285041e-02   1.1771632e+00   7.7501429e-04   1.2812823e-03  -5.7616537e-03
  -2.4198578e-02   2.1665604e-02   1.2152775e+00   6.3286609e-04   1.3598128e-03  -5.5915055e-03
  -2.6157803e-02  -7.5486137e-02   1.1390196e+00   9.8328495e-04   1.2891228e-03  -5.3662080e-03
  -7.9853197e-03  -1.0501362e-01   1.1582858e+00   1.2537516e-03   1.2621873e-03  -5.1445763e-03
  -1.1989792e-02  -1.9729023e-02   1.1930684e+00   7.7369612e-04   1.4904862e-03  -5.0289739e-03
   3.3453453e-03  -1.1675999e-01   1.0436966e+00   1.7928408e-03   1.0561188e-03  -4.1925317e-03
  -1.5150639e-03  -1.5322053e-01   1.0397300e+00   2.4973982e-03   1.3015207e-03  -4.4585538e-03
  -9.9423877e-03  -5.5704564e-02   1.0475634e+00   1.8031552e-03   1.5225313e-03  -3.9945310e-03
   5.2386262e-03  -1.0119941e-01   9.8867123e-01   2.4359749e-03   1.3705499e-03  -3.5913887e-03
   2.5205115e-02  -1.1242361e-01   1.0412650e+00   2.8540718e-03   1.4945488e-03  -3.4600450e-03
   3.2527661e-02  -9.1349392e-02   1.0284544e+00   2.5962961e-03   1.6308239e-03  -3.1753954e-03
   3.9276864e-02  -1.2990702e-01   9.9378253e-01   2.8548619e-03   1.5470330e-03  -2.9736298e-03
   3.8684097e-02  -1.6436556e-01   9.7171313e-01   3.0457757e-03   1.8292993e-03  -2.7368970e-03
   6.2433998e-02  -8.3865498e-02   1.0238286e+00   2.8940094e-03   1.5400488e-03  -2.7915958e-03
   5.7682714e-02  -1.4371712e-01   1.0362959e+00   2.7216504e-03   1.5960206e-03  -2.5814878e-03
   4.8283167e-02  -2.9829108e-02   9.9396112e-01   2.7190694e-03   1.7638847e-03  -2.4032467e-03
   6.5633083e-02  -1.2598564e-01   1.0122789e+00   3.1194157e-03   1.4857173e-03  -2.6594424e-03
   6.0423122e-02  -9.0136628e-02   1.0114221e+00   2.5186316e-03   1.5964614e-03  -2.3786830e-03
   3.8349910e-02  -1.2691664e-01   9.5912325e-01   2.3592370e-03   1.9473659e-03  -2.2351827e-03
   6.0513678e-02  -1.0896897e-01   9.4954708e-01   2.9259266e-03   1.7503268e-03  -2.1663395e-03
   7.1013758e-02  -3.4344490e-02   1.0046783e+00   2.9017307e-03   1.5587866e-03  -2.2069828e-03
   5.2201355e-02  -4.4490022e-02   9.4574270e-01   2.7568530e-03   1.8150011e-03  -2.0319205e-03
   4.5780863e-02  -1.3299776e-01   9.5618295e-01   3.0629443e-03   2.0205100e-03  -2.1686800e-03
   6.4433111e-02  -9.4263585e-02   9.9759527e-01   2.5934642e-03   1.6517515e-03  -2.3286396e-03
   6.0594377e-02  -1.6213969e-01   1.0073608e+00   2.5563524e-03   1.6655564e-03  -2.1889381e-03
   5.4255509e-02  -9.9116422e-02   9.9404744e-01   2.7419325e-03   1.8719389e-03  -2.2625988e-03
   7.7504227e-02  -2.6048625e-02   1.0450797e+00   2.5318884e-03   1.5633556e-03  -2.2587268e-03
   6.4272738e-02  -1.6006690e-01   1.0191732e+00   2.2186707e-03   1.8501481e-03  -2.0682242e-03
   6.0057514e-02  -5.5023080e-02   9.6917764e-01   2.1471243e-03   1.8572239e-03  -1.8929173e-03
   6.3704040e-02  -3.7767251e-02   1.0018447e+00   2.1385460e-03   2.0079434e-03  -2.0862909e-03
   4.4875367e-02  -2.0129622e-02   1.0099297e+00   1.0488575e-03   2.4426633e-03  -2.1636197e-03
   4.7610391e-02  -1.7458004e-01   8.4809570e-01   4.4806217e-03   2.0210688e-03  -2.8979129e-03
   3.0651219e-02  -1.2530532e-01   9.1988872e-01   3.2726140e-03   2.2925564e-03  -2.5071263e-03
   4.9680988e-02  -1.2642492e-01   9.6901967e-01   2.6053853e-03   2.1267076e-03  -2.2668399e-03
   4.7969417e-02  -7.7586704e-02   9.9560382e-01   2.3658328e-03   2.1334714e-03  -2.2566494e-03
   4.6423724e-02  -5.6204882e-02   9.7303281e-01   2.1630397e-03   2.0714107e-03  -2.0817583e-03
   5.6099144e-02  -1.1208153e-01   9.6874804e-01   2.3276935e-03   2.0926862e-03  -2.2600023e-03
   5.8391970e-02  -6.0443057e-02   9.9213244e-01   2.3129020e-03   2.2107514e-03  -2.2900625e-03
   4.0621607e-02  -1.0335650e-01   9.5235232e-01   1.4591133e-03   2.5521879e-03  -1.9068904e-03
   6.9452643e-02  -6.0866416e-02   9.6345539e-01   2.3656844e-03   2.1603280e-03  -1.9792076e-03
   6.2894267e-02  -4.8190238e-02   1.0290975e+00   2.4326556e-03   2.3391601e-03  -2.2039257e-03
   5.9122676e-02  -5.6730884e-02   1.0075750e+00   1.3872758e-03   2.1428543e-03  -2.1299071e-03
   6.1403217e-02  -8.7822102e-02   1.0371973e+00   2.1018624e-03   2.0287555e-03  -2.4894199e-03
   5.8595575e-02  -1.3105531e-02   1.1590521e+00   1.1689124e-03   1.6924275e-03  -3.2620895e-03
   5.6166989e-02  -4.5322093e-02   1.0994981e+00   1.1488305e-03   1.4868295e-03  -3.1690236e-03
   5.6413479e-02  -1.1333136e-01   1.0854630e+00   1.3842764e-03   2.0150487e-03  -2.6480243e-03
   6.1722722e-02  -7.1861514e-02   1.0772003e+00   1.5839634e-03   1.9657262e-03  -2.3755568e-03
   5.4346012e-02  -8.5483787e-02   9.9618599e-01   2.1942973e-03   2.1474019e-03  -2.1820327e-03
   7.7566435e-02  -5.4295098e-02   1.0706512e+00   2.0067250e-03   1.8889955e-03  -2.3558009e-03
   9.2453300e-02  -5.3178443e-02   1.1491188e+00   1.7388102e-03   1.6493200e-03  -1.9198035e-03
   8.3301778e-02  -1.3754217e-01   1.0429647e+00   2.9379843e-03   1.6311392e-03  -1.8295650e-03
   9.0061524e-02  -9.8133441e-02   1.0579070e+00   2.7387192e-03   1.5991944e-03  -1.9533656e-03
   6.8062064e-02  -1.9035941e-01   1.0464863e+00   3.3328654e-03   1.9085906e-03  -2.1729132e-03
   6.9216633e-02  -1.2068107e-01   1.0273006e+00   2.9176348e-03   1.9200605e-03  -1.8525731e-03
   8.2809622e-02  -1.1057117e-01   1.0681826e+00   2.9992382e-03   1.8809463e-03  -1.7859800e-03
   8.1141897e-02  -7.4073779e-02   1.0835448e+00   2.8027551e-03   1.7345324e-03  -1.7660914e-03
  -1.0069291e-01  -6.2643325e-01   6.4680604e-01   1.1936364e-02   3.5992341e-03  -6.7947263e-03
  -1.6646990e-01  -4.7720787e-01   7.9568971e-01   1.2527833e-02   4.7484602e-03  -7.4104204e-03
  -9.6242231e-02  -4.6718057e-01   7.9451766e-01   1.0340183e-02   4.0115435e-03  -5.3606318e-03
  -5.4167194e-02  -4.2650631e-01   7.9366615e-01   1.0305541e-02   3.5654986e-03  -4.8146415e-03
  -5.0957566e-02  -4.6128008e-01   8.2708819e-01   9.9952110e-03   3.7034425e-03  -4.8008943e-03
  -3.1254372e-02  -4.6048447e-01   8.3042739e-01   9.4755986e-03   3.2484292e-03  -4.5559220e-03
  -1.9679096e-02  -3.2947781e-01   8.4532548e-01   9.3328845e-03   3.2790500e-03  -4.4037057e-03
  -1.8247842e-02  -3.1807739e-01   9.0828603e-01   9.1143810e-03   3.2011415e-03  -4.5370464e-03
   8.9290153e-03  -3.4821335e-01   9.0782880e-01   8.1954202e-03   2.7464661e-03  -4.0517965e-03
   1.6976424e-02  -3.2076828e-01   9.5453693e-01   8.0592033e-03   2.5871884e-03  -4.3034376e-03
   2.0316958e-02  -2.9752279e-01   1.0071796e+00   7.3692897e-03   2.5285622e-03  -4.1487504e-03
   2.4169904e-02  -2.9854159e-01   9.4841050e-01   7.3416973e-03   2.4984177e-03  -4.0839671e-03
   3.8394676e-02  -2.4341637e-01   1.0444584e+00   7.0362059e-03   2.4251645e-03  -4.2083154e-03
   2.2578900e-02  -2.6015129e-01   1.0107864e+00   6.6213588e-03   2.6966885e-03  -3.9624208e-03
   3.6448759e-02  -3.1497975e-01   9.8824979e-01   7.1892619e-03   2.3404159e-03  -4.0844558e-03
   3.0532697e-02  -1.5771270e-01   1.0713752e+00   6.1999334e-03   2.5161160e-03  -4.4659541e-03
   4.1065168e-02  -2.4464376e-01   1.1890616e+00   5.3222547e-03   2.1901528e-03  -4.7249416e-03
   3.1411966e-02  -2.4597313e-01   1.1646974e+00   4.8408284e-03   2.4951068e-03  -4.3734439e-03
   4.0652306e-02  -2.3003306e-01   1.1966888e+00   4.9439290e-03   2.1394892e-03  -4.7031798e-03
   3.9562029e-02  -1.6977090e-01   1.3074627e+00   3.3762487e-03   1.6710425e-03  -5.3307608e-03
   9.8272428e-03  -1.5683917e-01   1.2404506e+00   2.9912411e-03   1.6625831e-03  -5.6548699e-03
   2.6943349e-02  -3.2033571e-02   1.3617053e+00   2.2458736e-03   1.5985998e-03  -5.9321206e-03
   2.2853659e-02  -7.7734769e-02   1.3435782e+00   2.1844360e-03   1.3962001e-03  -5.9467577e-03
   2.4976413e-02  -1.1627358e-01   1.2829979e+00   2.1809880e-03   8.3699912e-04  -6.9531405e-03
  -3.7546626e-02   8.8380142e-02   1.5150181e+00  -9.7827835e-04   2.0881818e-03  -7.4625216e-03
  -5.0072559e-03   1.4249891e-01   1.3771406e+00  -5.7771817e-04   1.3694143e-03  -6.7852404e-03
   1.1045997e-02  -5.5559479e-02   1.3695468e+00   8.1544680e-04   1.8951546e-03  -5.9390865e-03
  -1.1683140e-02   3.0817231e-02   1.3110429e+00   1.4507166e-03   2.6417053e-03  -5.4308891e-03
  -2.1426895e-05  -6.2910515e-02   1.2664360e+00   2.4428671e-03   2.6552733e-03  -5.0149887e-03
   1.7180192e-02  -3.9834574e-02   1.2842435e+00   3.0455286e-03   2.6740130e-03  -4.5582527e-03
   1.0208902e-02  -1.1613415e-01   1.3230630e+00   2.5749884e-03   2.9279780e-03  -4.5896634e-03
   2.1508247e-02  -1.6006208e-01   1.2552686e+00   2.8957253e-03   2.7160611e-03  -4.1399737e-03
   3.4684503e-02  -1.3373942e-01   1.3311449e+00   3.1227999e-03   2.6126529e-03  -4.0761267e-03
   1.9574037e-02  -6.3443985e-02   1.3290717e+00   2.5783688e-03   2.7200907e-03  -4.4223602e-03
   2.9799381e-02  -1.2390354e-01   1.2560644e+00   3.1239122e-03   2.7027528e-03  -4.0604064e-03
   4.8486063e-02  -2.3635306e-02   1.2852442e+00   2.8195408e-03   2.5013821e-03  -3.8193017e-03
   5.2306172e-02  -1.1125632e-01   1.2686126e+00   3.2004393e-03   2.5942951e-03  -3.4988606e-03
   4.6649257e-02  -1.0523058e-01   1.2250146e+00   3.0812333e-03   2.5780251e-03  -3.4701340e-03
   6.1938563e-02  -4.0962053e-02   1.2885868e+00   2.9888381e-03   2.3526941e-03  -3.5627664e-03
   3.3646821e-02  -9.3582538e-02   1.2517280e+00   2.2607735e-03   2.7367260e-03  -3.7881754e-03
   6.0057630e-02  -1.2545371e-01   1.2039337e+00   3.1539886e-03   2.4666018e-03  -3.2035860e-03
   6.1678852e-02  -7.8787373e-02   1.2630861e+00   2.3284419e-03   2.5763058e-03  -3.6503674e-03
   5.2952272e-02  -7.3828040e-02   1.2389347e+00   2.7455101e-03   2.4982875e-03  -3.0132824e-03
   7.6671305e-02  -1.7217102e-01   1.0838788e+00   3.9876994e-03   2.1165141e-03  -3.1045887e-03
  -8.1980090e-03  -7.8471565e-01   7.5258649e-01   1.7299601e-02   1.6371266e-03  -8.4152407e-03
   5.4734420e-02  -5.3778177e-01   8.0713017e-01   1.4036122e-02   6.7117069e-04  -6.1379556e-03
   8.5609279e-02  -5.5304018e-01   9.2581589e-01   1.2848297e-02   7.9475248e-04  -5.4140084e-03
   8.2384317e-02  -5.0143469e-01   9.5288114e-01   1.2297790e-02   1.0538930e-03  -5.1235494e-03
   8.0046692e-02  -5.3215505e-01   9.1063755e-01   1.2468050e-02   1.0362693e-03  -5.0245944e-03
   8.2615169e-02  -4.1510006e-01   1.0422269e+00   1.1866951e-02   1.1440431e-03  -5.2658045e-03
   8.0458598e-02  -4.6509980e-01   9.8686795e-01   1.1107780e-02   1.0457922e-03  -4.9151387e-03
