   0.0000000e+00   0.0000000e+00   0.0000000e+00   0.0000000e+00   0.0000000e+00   0.0000000e+00
   4.0587405e-02   2.2231280e-01   1.2493489e-04  -2.6793521e-03  -6.1564216e-04   5.6357194e-04
   7.6185805e-02  -1.0513376e-01   2.1618644e-01  -4.1496011e-04  -7.4466877e-04   9.4920765e-04
   2.7272336e-02   1.3268845e-01  -1.0683383e-01  -2.4357277e-03  -1.0665500e-03   3.0956998e-04
   6.4647388e-02   2.8681318e-01  -2.2138492e-03  -4.7762470e-03  -9.8331747e-04   7.0280534e-04
   9.4472211e-02  -1.4167941e-01   2.2989319e-01  -1.6992776e-03  -1.4011431e-04   1.2402535e-03
  -5.2970141e-03   2.1426878e-02  -1.8374468e-01  -1.3349425e-03   4.2788339e-04   9.2681998e-04
   4.8032746e-02   3.3246890e-01   9.4311410e-03  -3.0640948e-03   5.2276257e-04   1.5692473e-03
   9.8557476e-02  -8.0806777e-02   2.8753588e-01  -1.7335166e-03   8.8343037e-04   2.3583851e-03
  -3.2273710e-03  -7.7984300e-02  -2.1157372e-01  -9.8679679e-04   5.8870088e-04   1.1273840e-03
   1.7041436e-02   3.2500871e-01  -1.5305666e-01  -1.6073452e-03   1.2700191e-03   1.7796645e-03
   8.4519746e-02   1.0327995e-02   3.2358799e-01  -8.4773512e-04   2.0393035e-03   1.7632749e-03
   9.1897805e-03  -2.2316078e-01  -9.1318341e-02   9.3975057e-06   1.6995066e-03   1.5906902e-03
  -3.0506526e-04   2.8312422e-01  -2.1521466e-01  -3.9028790e-05   1.7956884e-03   6.3802091e-04
   5.4438399e-02   2.5211144e-01   1.8694105e-01  -8.3927300e-04   3.0230661e-03   1.1062360e-03
  -1.2118357e-02   1.7055325e-02  -6.9122152e-03  -1.1972531e-03   2.6122963e-03   1.3366470e-03
   6.7767719e-02  -1.0391993e-01   2.0484076e-01   6.5467982e-04   1.6532377e-03   1.1435768e-03
  -2.1400377e-02   4.2459250e-02  -2.5043780e-01  -1.7224619e-04   1.0033270e-03   2.6206215e-04
   6.0140533e-02   3.0208253e-01   1.8621480e-01  -1.7303413e-03   1.5293452e-03   1.2072702e-03
   1.4995372e-02   1.0701624e-01  -6.4726430e-02  -3.0382631e-03   8.2514629e-04   1.8621885e-03
   3.5811528e-02   1.7033199e-01   8.9152874e-02  -3.6785535e-04   1.0721445e-03   1.2334369e-03
   2.1748018e-02   1.2480380e-01  -8.9972227e-02  -8.7204094e-04   1.1293641e-03   2.3134011e-03
   3.5853471e-02   4.8188578e-03   4.7103714e-03  -1.0544805e-03   1.4030895e-03   2.3754152e-03
   3.9744542e-02   2.6486389e-02   1.2847019e-01  -3.6950788e-04   2.0140900e-03   1.7991922e-03
   8.4284891e-03   6.6852197e-02  -2.0474117e-02  -4.4372426e-04   2.2504827e-03   2.3157326e-03
   4.9821491e-02   7.5430789e-02   2.5389593e-01   6.0511753e-04   2.7973939e-03   1.6975567e-03
  -1.4887839e-02  -2.4947455e-02   1.7294468e-01   5.6686993e-04   3.3782310e-03   1.5494321e-03
   1.4552762e-02  -5.2977845e-02   1.6496093e-01   2.9545093e-03   2.6463321e-03   1.0408802e-03
   4.0309862e-02  -8.3262335e-02   3.3645947e-01   3.2969025e-03   2.4433993e-03   5.1891048e-04
   4.6866113e-02  -7.1159957e-02   2.5488115e-01   1.9972907e-03   2.2479651e-03   1.5613275e-03
   2.0967342e-02   6.6416903e-02   7.9989511e-02   1.4659301e-03   2.1230556e-03   1.4760759e-03
   4.8591100e-02   1.1921931e-01   1.8341269e-01   2.2422258e-03   1.9695944e-03   1.8769202e-03
   3.2960461e-02   1.2794492e-01  -1.5836310e-02   1.2860833e-03   2.0244111e-03   1.9755651e-03
   1.6739064e-02   1.2677955e-02   1.0899089e-01   2.0203662e-03   2.3982317e-03   1.6261911e-03
   5.9595680e-02  -1.1973775e-01   3.0003138e-01   3.7253929e-03   2.1456639e-03   1.1442180e-03
   1.7472575e-02  -1.2368174e-01   1.6991746e-01   2.6837064e-03   2.3906634e-03   1.3873124e-03
   2.4127298e-02  -1.9662716e-02   2.0536776e-01   3.1084012e-03   2.2600153e-03   1.2755325e-03
   1.9413461e-02  -1.4319570e-02   2.2952580e-01   3.3160020e-03   2.0924044e-03   6.4663343e-04
   3.2322849e-02  -7.0752207e-02   3.4440194e-01   2.3791816e-03   2.3105339e-03   4.6993353e-04
  -2.1678240e-02  -5.7031240e-02   9.0797645e-02   2.3251449e-03   2.0271016e-03   5.0151462e-04
  -7.2649476e-03   9.0515741e-02   1.7149797e-01   2.6438428e-03   2.4846969e-03   2.1780272e-04
   9.5255226e-03  -4.4542196e-02   2.1677018e-01   3.6428356e-03   1.8711515e-03   2.6462778e-04
   2.1851098e-02  -1.3897809e-01   3.2782279e-01   2.9115976e-03   2.4220688e-03   1.4046437e-04
  -2.1237125e-02  -1.3635473e-03   4.8956107e-02   2.2773165e-03   1.9976649e-03   5.9611353e-04
   4.3862096e-03   8.0393775e-02   1.1019238e-01   2.6898147e-03   1.8138225e-03   7.0442327e-04
   3.8230562e-02  -1.2634001e-01   4.1511645e-01   4.5115981e-03   2.3173290e-03  -1.1782942e-04
   1.7158056e-02  -4.4676091e-01   2.4285508e-01   4.9441581e-03   1.5158497e-03  -1.7373299e-04
   5.4864535e-02   8.8711403e-02   1.0136679e-01   4.3128015e-03   8.0428092e-04  -8.9465420e-05
   6.6564792e-02   7.4197971e-02   3.0780064e-01   3.0763481e-03   9.0106272e-04   6.4403596e-04
   9.1927212e-02  -6.1455887e-02   4.1454675e-01   2.7465150e-03   1.5301396e-03   8.1901425e-04
   2.6099622e-02  -3.7713992e-01   1.8243260e-01   4.7599863e-03   1.6298762e-03   3.9079261e-04
   4.9062247e-02   1.8036592e-01   2.0779720e-01   3.5853138e-03   1.6064718e-03   1.6224190e-04
   6.8015379e-02   1.3437470e-02   2.0185528e-01   3.7068185e-03   6.2206161e-04   9.9789803e-04
   1.2040843e-01  -2.0048083e-01   4.5504855e-01   3.1019826e-03   4.8733673e-04   8.6583198e-04
   2.1971102e-02  -2.7954681e-01   1.6577954e-02   5.3591659e-03   1.0331571e-05  -2.1886521e-04
   8.3808512e-02   3.3305900e-01   1.2515722e-01   1.1533520e-03   4.0916882e-04   6.3875600e-04
   1.0001779e-01  -1.0791111e-01   3.9759693e-01   5.2203596e-03   6.8328480e-04   7.9589551e-04
   9.0372732e-02   4.3145110e-03   2.8432903e-01   2.7273656e-03   1.0335047e-03   2.0459992e-03
   1.0144389e-01  -2.4766777e-01   2.5803941e-01   3.7392193e-03   4.0728038e-04   2.2061047e-03
   9.3071895e-02   1.9208362e-01  -1.1063668e-01   1.8925645e-03   5.2092151e-05   1.9252401e-03
   1.5208224e-01  -1.4709062e-01   4.7038100e-01   3.0003461e-03   6.8924924e-04   1.7506310e-03
   6.4022288e-02  -3.7162986e-01   8.1716540e-02   4.4385746e-03   2.4012502e-04   1.4542543e-03
   1.1250469e-01   3.2716446e-01   1.3425883e-01   3.5526005e-04  -1.2070403e-04   1.5867979e-03
   1.6874643e-01  -1.9680035e-01   5.3137921e-01   3.9547849e-03   1.9382807e-04   1.7397310e-03
   7.7635658e-02  -3.6738233e-01   2.4461498e-02   5.3287937e-03   3.3573191e-04   1.7447110e-03
   9.9961721e-02   2.4606908e-01   1.3497868e-02   3.0813151e-03   2.4307372e-04   1.5576813e-03
   1.0149046e-01   2.6631361e-02   2.3382542e-01   3.2067335e-03   1.0726851e-03   1.5219105e-03
   1.1358641e-01  -3.7609699e-01   3.3476218e-01   5.3552558e-03   1.4263329e-03   1.8493428e-03
   6.8140440e-02  -3.6252408e-02   2.3424931e-03   5.0221999e-03   1.6902265e-03   1.5875844e-03
   9.6790091e-02   2.2482362e-01   1.9005186e-01   2.1293950e-03   2.2307332e-03   1.6142980e-03
   1.3754410e-01  -4.0353018e-01   3.3787991e-01   5.5700783e-03   1.5497109e-03   1.8862858e-03
   6.5295441e-02  -1.4543856e-01  -6.8693225e-02   5.0236862e-03   1.8704222e-03   1.2703462e-03
   9.3734520e-02   1.5589192e-01   9.0024355e-02   3.0425492e-03   2.4708285e-03   1.5386605e-03
   2.3668798e-01  -5.4854777e-01   9.0799691e-01   6.9817526e-03   8.6168277e-04   1.3939234e-03
   1.9876182e-01  -6.5954420e-01   4.9020047e-01   1.1022968e-02  -3.2829499e-03   1.0555307e-03
   1.8714432e-01   2.4611976e-01   3.1955265e-01   7.5306032e-03  -2.3833824e-03   1.5445153e-03
   1.5751441e-01   2.0272854e-01   3.0122226e-01   4.4721340e-03  -1.8477964e-03   2.1704815e-03
   1.4824420e-01   7.1374920e-02   4.7065046e-01   5.4874485e-03  -7.4906650e-04   2.2072656e-03
   1.4132071e-01  -2.1573342e-01   3.8418838e-01   6.9362180e-03  -1.5938420e-03   1.5012689e-03
   1.0025587e-01   9.2351546e-03  -1.8924501e-02   4.8825741e-03  -1.4240722e-03   1.4477815e-03
   1.0165683e-01   1.0133205e-01   9.8133906e-02   4.4906651e-03  -1.0553553e-03   1.7679784e-03
   1.1978258e-01   4.0708607e-02   3.0710183e-01   4.8675565e-03  -6.3113994e-04   1.8206204e-03
   1.3991693e-01  -4.6106355e-01   4.0990060e-01   7.1602780e-03  -1.1361214e-03   1.4940602e-03
   4.2500202e-02  -2.0771484e-01  -1.1769395e-01   5.4062004e-03  -1.0633712e-03   5.9665830e-04
   3.7957786e-02   4.1505538e-02  -1.9704350e-01   4.2616597e-03  -9.9390821e-04   6.4085400e-04
   3.3607475e-02  -4.4340312e-02   8.5340959e-02   6.0151473e-03   8.8182439e-04   1.7993392e-04
   8.4594877e-02  -1.6567375e-01   3.6522155e-01   8.6978615e-03   4.8042176e-04   2.0520465e-04
   1.2124880e-01  -2.6837103e-01   5.4157292e-01   7.3268952e-03  -9.6894418e-05   6.1897760e-04
   2.3973122e-02  -1.8078665e-01  -6.9397260e-02   5.1136350e-03  -1.8099702e-04   2.9535327e-04
   8.6089777e-02   2.4895995e-01   1.8166502e-01   5.2711534e-03  -2.5935763e-04   7.0890183e-04
   1.1030810e-01  -3.1156069e-01   4.1084971e-01   6.2014961e-03  -1.2574864e-03   3.1615356e-04
  -3.6173191e-03  -9.5156771e-02  -2.4944208e-01   6.3420835e-03  -1.2843027e-03  -1.5953701e-03
  -3.0956715e-02   1.9420044e-01  -4.1962294e-03   3.5810925e-03   8.5364516e-05  -6.3575266e-04
   2.8814210e-02  -2.7372884e-02   2.7716098e-01   6.1377450e-03   3.2132387e-04  -6.5451240e-04
  -2.0282215e-02   3.9207068e-02   1.6981356e-01   2.4538095e-03   5.2550823e-04  -3.2011293e-04
   2.0004023e-02  -2.6823698e-01   2.5701855e-01   6.5709239e-03  -2.9335453e-05  -3.9882432e-04
  -3.0675810e-02   1.4814781e-02  -1.8752143e-01   4.5794938e-03   3.1344323e-04  -5.4738418e-04
   2.4795558e-02   2.3017856e-01   1.1312162e-01   2.8683489e-03   6.3513771e-04   3.6559301e-04
   4.8291662e-02  -1.0839823e-01   2.4502400e-01   5.6697246e-03   9.2119549e-06   5.8030511e-04
   4.3844519e-02  -1.9672016e-02   2.0471711e-01   4.0339464e-03   2.8527237e-04   7.9691727e-04
  -6.8353467e-03  -2.3700941e-01   1.6944509e-01   4.7835545e-03   7.1337262e-04   1.1121977e-04
   1.6195246e-02   1.0785021e-01   1.4201316e-01   4.5337330e-03   7.8613182e-04   6.2705408e-04
   2.4687814e-02  -1.7934623e-01   2.3648251e-01   6.4862418e-03   9.0210267e-04  -2.8041339e-04
   4.2385125e-03  -1.4175407e-02   1.6407090e-01   4.5063832e-03   1.2677507e-03   1.1192058e-04
  -9.8749552e-04  -1.2231547e-01   1.9582105e-01   6.2067169e-03   1.0677040e-03  -4.7703442e-04
   3.1823850e-02  -4.6959412e-02   3.6320713e-01   6.2552958e-03   1.7038991e-03  -7.1903886e-04
   3.5378901e-02  -5.2424084e-01   3.4833916e-01   8.4687108e-03   4.7834633e-04  -8.1634342e-04
  -8.0451964e-03  -1.0179299e-01  -7.5496560e-02   8.0396417e-03   8.4909927e-04  -1.0795873e-03
   3.9871497e-02   3.3800340e-02   2.4262785e-01   6.1710082e-03   1.1658896e-03  -4.8859932e-04
   4.9493030e-02  -4.4381415e-01   4.0329347e-01   8.4709984e-03   5.8432619e-04  -5.2480096e-04
   2.7707529e-02   3.4301585e-03   1.2205151e-01   6.4515158e-03   5.7175961e-04  -8.9697683e-04
   6.0714085e-02   7.9276362e-02   3.1809154e-01   6.4156059e-03   1.4523785e-03  -6.6697032e-05
   4.3906218e-02  -1.2212402e-01   2.4123477e-01   7.4309039e-03   1.2536049e-03   5.2069750e-05
   4.5488819e-02   4.2440993e-02   2.8127209e-01   5.8129498e-03   1.9856960e-03   1.0838492e-04
   7.6166709e-02  -4.7707240e-01   4.1953346e-01   7.1717054e-03   1.1004146e-03   2.1692171e-04
   1.7922470e-03  -3.4602222e-01  -2.6019032e-02   7.7580769e-03   1.1677506e-03  -6.0115268e-04
  -4.4702067e-03  -4.4497165e-02   7.7206371e-02   6.5533754e-03   2.0194612e-03  -7.8786387e-04
   3.1832949e-02  -2.3924733e-01   4.0326313e-01   8.8570133e-03   1.5271876e-03  -1.0528606e-03
   3.0922934e-02  -5.4133071e-02   4.0907297e-01   6.4402654e-03   1.6680527e-03  -4.6228517e-04
   2.9966657e-02  -7.0394835e-02   2.0232707e-01   6.4415043e-03   1.0006358e-03   9.8012740e-05
   3.1472083e-02  -1.2810226e-01   2.3792525e-01   7.0596258e-03   1.1235904e-03  -3.2368242e-04
   6.1039731e-02  -1.0762788e-01   3.0496530e-01   6.4378157e-03   1.0277908e-03  -3.5547348e-04
   3.2160005e-02  -6.1447177e-02   9.0637607e-02   5.5042303e-03   6.3873617e-04  -2.1890198e-04
   1.2521306e-02  -7.6351957e-02   1.6518422e-01   6.6160167e-03   1.2008485e-03  -7.8098854e-04
   3.5666370e-02  -2.2926192e-02   2.8080063e-01   5.6310186e-03   8.9603558e-04  -1.0473527e-03
  -4.2729632e-03  -1.0472013e-01   1.2674735e-01   5.3557403e-03   9.5529767e-04  -1.0610641e-03
  -3.9830593e-02  -2.1501195e-02   2.6148513e-02   5.3215438e-03   9.3810442e-04  -1.9221665e-03
   2.8829485e-02  -1.1193358e-01   4.1910083e-01   6.5535282e-03   9.4001865e-04  -2.0914207e-03
   1.1120523e-02  -4.9993895e-01   2.0307544e-01   7.1016898e-03  -9.5106459e-05  -2.2995436e-03
  -1.3361296e-02  -1.6759412e-02  -1.2077475e-01   5.6302744e-03  -2.3099429e-04  -1.5977230e-03
   1.0143366e-02  -1.1618428e-01   2.2061202e-01   6.5960269e-03  -5.9692839e-04  -1.6243046e-03
  -2.6475554e-02  -3.9840758e-02  -2.6127632e-01   4.8431706e-03  -6.1370470e-04  -7.4147277e-04
  -5.2876756e-02   4.9299619e-02  -2.1201128e-01   4.9105931e-03  -2.6661354e-04  -1.0374036e-03
   2.8251522e-02  -1.5007232e-01   2.9506642e-01   7.4782591e-03   1.3690761e-04  -1.2181442e-03
  -1.9583780e-02  -1.0767466e-01   3.5409652e-01   6.4176111e-03   3.4136510e-04  -8.8150902e-04
   1.8229633e-02  -3.2128193e-01   3.1930038e-01   7.6695057e-03  -1.8960262e-04  -5.2442600e-04
  -2.1854605e-03  -3.9290985e-02  -5.5807313e-02   6.0038060e-03  -5.5017230e-04  -3.3043396e-04
   3.3704525e-02  -4.4725021e-02   3.4073341e-01   6.3259993e-03  -3.3093134e-04  -6.7525397e-04
   2.0009837e-02  -1.6732901e-01   3.5471031e-01   6.3216305e-03  -1.7914729e-04  -1.9098504e-04
  -5.8122297e-03  -8.3240938e-02   1.7363829e-01   6.3083465e-03  -5.0503881e-04  -4.9892918e-05
   7.2630755e-02  -3.5674138e-02   2.9483044e-01   6.9213230e-03  -1.1283051e-03   1.8690633e-04
   5.5316638e-02   6.2560116e-03  -1.6401582e-01   3.9274329e-03  -1.4665439e-03   9.8519328e-04
   1.1813600e-01  -7.4730585e-02   2.6985607e-01   4.1806897e-03  -6.1249048e-04   1.0324190e-03
   1.0797211e-01  -7.2220211e-02   1.8063074e-01   4.9425448e-03  -1.2413182e-03   1.6665865e-03
   1.5603701e-01   6.7017655e-02   3.7973096e-01   4.8236108e-03  -1.0423986e-03   1.0936538e-03
   1.1510504e-01  -1.1461982e-02   3.3057933e-01   3.4532789e-03  -1.5027871e-03   1.0479363e-03
   1.2674941e-01  -1.2314168e-01   2.9227418e-01   3.7595431e-03  -1.7523235e-03   1.1876088e-03
   1.6274391e-01   1.4624644e-01   4.9039394e-01   1.7039348e-03  -1.4477385e-03   1.0476818e-03
   1.1067151e-01   8.8185872e-03   1.7688909e-01   1.5428747e-03  -1.3014262e-03   1.3628882e-03
   1.4436763e-01   2.3039684e-01   3.7153417e-01   6.9060702e-04  -1.4681956e-03   1.0986350e-03
   1.7611776e-01  -6.9979074e-02   3.3347454e-01   1.2975547e-03  -1.9810636e-03   1.7803586e-03
   1.1444355e-01   1.5456273e-01   1.2431268e-01  -2.0901925e-04  -2.1336384e-03   1.4213091e-03
   1.7594576e-01   2.0026441e-02   3.2742176e-01   1.1841722e-03  -1.9805951e-03   1.3968459e-03
   1.3879744e-01   8.3958618e-02   2.1610740e-01   1.7603321e-04  -1.8688789e-03   1.5152823e-03
   1.6342908e-01  -1.7284846e-01   4.5757340e-01   3.0391694e-03  -2.8057053e-03   1.0221605e-03
   1.0503548e-01   1.1890088e-01  -5.7422530e-02  -4.1490909e-04  -3.0740926e-03   1.2137940e-03
   1.3740194e-01   3.2132370e-02   4.0357498e-01   2.2970248e-03  -2.3132538e-03   8.4963280e-04
   1.6893338e-01   1.2801601e-03   4.7107327e-01   1.1260815e-03  -2.0793079e-03   1.7660622e-03
   1.4179357e-01  -3.8481638e-02   1.6137782e-01   4.6170814e-04  -2.1521800e-03   1.8113675e-03
   2.1158587e-01   2.0883835e-01   4.3190508e-01   1.4085537e-03  -1.9818062e-03   2.0053096e-03
   1.5834588e-01   6.8657154e-02   2.2579881e-01   7.3839806e-04  -2.1248598e-03   1.9380335e-03
   2.3787079e-01   1.0700721e-01   4.2441155e-01   1.1333419e-03  -2.3266851e-03   2.6829883e-03
   1.6457090e-01   1.7211186e-01   4.8992936e-02  -7.0384127e-04  -2.4980844e-03   1.9400119e-03
   1.9214650e-01   1.2507424e-01   3.3320795e-01   8.9888704e-04  -2.7900486e-03   1.8400284e-03
   1.9495808e-01   3.6338795e-02   2.3873272e-01  -5.9930875e-04  -2.4901767e-03   2.1737909e-03
   1.7379508e-01   5.2586036e-02   1.4568289e-01  -4.5199598e-04  -2.7081968e-03   1.6669828e-03
   2.1210869e-01   5.5128061e-02   4.6294493e-01   2.4718357e-03  -2.7173185e-03   1.2474130e-03
   1.6145052e-01   1.3884692e-01   2.5137125e-02  -2.6476389e-03  -2.7567782e-03   1.6814387e-03
   1.4382403e-01   4.1710620e-02   2.8196073e-01   4.1769642e-04  -2.5306279e-03   1.5755156e-03
   1.5981180e-01   1.8720630e-01   2.7657519e-01  -1.4651109e-03  -2.5426538e-03   1.4366031e-03
   1.3786482e-01   1.5534452e-01   1.1132588e-01  -1.6280978e-03  -2.3934895e-03   1.2083366e-03
   1.4033083e-01   9.1396738e-02   4.3871843e-02  -4.1009524e-04  -2.5936612e-03   1.2177357e-03
   1.7954229e-01   1.5991974e-01   2.1868677e-01   2.9168708e-04  -2.7605737e-03   1.4032212e-03
   1.9734600e-01  -1.5771584e-03   4.2010985e-01   2.4634885e-04  -2.5379746e-03   8.0345810e-04
   1.1607601e-01   1.0387113e-02  -1.2945109e-02  -1.1154369e-03  -4.5103241e-03   1.0146689e-03
   1.4110558e-01   2.3260546e-01   2.8395669e-01   7.1291078e-04  -3.6626170e-03   5.5327877e-04
   1.7754682e-01   5.3936337e-02   2.5621723e-01  -3.0179139e-04  -4.3160465e-03   1.7649837e-03
   1.8367171e-01   2.0813474e-01   3.4714979e-01   3.6149825e-04  -4.5535434e-03   9.6898311e-04
   1.7526986e-01   1.5422351e-01   3.8098979e-01  -1.8184740e-03  -3.8386849e-03   6.8269206e-04
   1.0466274e-01   1.3611194e-01   1.1197416e-01  -1.1475511e-03  -3.9417818e-03   5.3094113e-04
   1.5944900e-01   2.3590306e-01   3.1960480e-01  -1.2665609e-03  -4.0427726e-03   7.0408125e-04
   1.5687605e-01   2.3551173e-01   3.8605859e-01  -1.1274857e-03  -3.6253564e-03   2.4188461e-04
   1.3765534e-01   2.7494642e-01   9.7729275e-02  -4.0922195e-03  -3.8250271e-03   9.6251317e-04
   1.6817433e-01   1.5848542e-01   3.0785183e-01  -1.5962121e-03  -3.3752569e-03   1.1955477e-03
   1.8465484e-01   2.6257290e-01   2.8350638e-01  -3.0731590e-03  -3.4018990e-03   1.2108160e-03
   1.4770883e-01   1.4297672e-01   1.4062430e-01  -2.0935307e-03  -4.5670445e-03   1.6005945e-03
   1.9914040e-01   1.4568754e-01   5.6472654e-01  -1.7204672e-03  -4.4920654e-03   1.0953170e-03
   5.3127072e-02   1.0016386e-01  -1.9431738e-01  -2.1073116e-03  -4.9687538e-03   3.1457217e-04
   6.4029957e-02   3.0054202e-01   5.6626552e-02  -1.3055936e-03  -4.5410335e-03   9.6065980e-04
   1.5786881e-01  -9.1201640e-03   4.9646222e-01   5.1348466e-04  -4.6380204e-03   1.4508319e-03
   6.1408972e-02   1.0355929e-03   2.6742577e-02  -1.1499366e-03  -4.2651100e-03   9.2588963e-04
   1.1927595e-01   3.7371191e-01   1.7638309e-02  -2.6369430e-03  -5.0066101e-03   1.4694581e-03
   1.5601635e-01  -1.6284397e-04   3.0801617e-01   1.9010040e-04  -4.0654376e-03   1.3451987e-03
   1.7936986e-01   9.8577860e-02   3.5135340e-01  -1.2624651e-03  -4.1576154e-03   1.5666065e-03
   1.8473590e-01  -2.6304717e-01   5.9332164e-01   1.9285618e-03  -4.4348032e-03   6.9640409e-04
   7.1259213e-02  -1.3504640e-01   2.4562073e-03   3.7386825e-03  -4.7775035e-03   1.1317666e-04
   5.5227610e-02   2.8713699e-01  -1.5882760e-01   5.6938124e-04  -5.0261573e-03  -1.6309431e-04
   9.0492688e-05   2.5495197e-02  -1.7239637e-01   4.8427685e-03  -3.9696967e-03  -1.7472794e-03
  -1.2106287e-02   3.8309378e-01   9.1273767e-02  -4.7052451e-04  -2.5516172e-03  -1.8089586e-03
   1.2406402e-02   7.3684357e-02   3.1265303e-02  -8.6396935e-04  -2.7476112e-03  -3.6032218e-04
   1.3326842e-01   2.2027124e-01   3.3643630e-01  -2.0471944e-04  -3.3606470e-03   1.9431740e-05
   2.2506919e-02   4.4487595e-02  -1.6789599e-01   6.1050330e-05  -3.4373964e-03  -4.2806984e-04
   8.8633515e-02   3.4903022e-01   7.2048706e-02  -2.1418033e-03  -3.4605710e-03   5.5345606e-04
   9.8688345e-02   5.8237096e-02   1.6066018e-01  -7.2904218e-04  -3.2158300e-03   8.9995287e-04
   1.3792716e-01   1.5695882e-01   3.2835010e-01  -8.8876388e-04  -2.8088992e-03   6.0088470e-04
   8.9861650e-02   2.3285921e-01  -2.2772118e-02  -3.1443416e-03  -3.1172154e-03   1.0274086e-03
   1.1538787e-01   1.7253813e-01   1.9377094e-01  -1.6992486e-03  -3.3723998e-03   6.9765739e-04
   1.0042476e-01   3.1555755e-01   1.1105297e-01  -4.7665497e-03  -3.1487909e-03   8.3603082e-04
   9.4317286e-02   1.3556627e-01   1.4580878e-01  -2.1092476e-03  -3.7593443e-03   9.1823517e-04
   1.5190042e-01   1.7996301e-01   2.9051594e-01  -2.5701225e-03  -3.9104446e-03   9.4990235e-04
   1.0657718e-01   2.3397659e-01   4.0258476e-02  -3.8033069e-03  -3.6155035e-03   7.2086586e-04
   1.0122742e-01   5.3461601e-02   2.3864510e-01  -2.2168831e-04  -3.7547908e-03  -3.8977596e-05
  -3.2799491e-02   1.2979909e-01  -3.4302723e-01  -1.6070907e-03  -3.6816846e-03  -8.4915310e-04
  -3.5228953e-02   3.8782027e-01  -3.1785384e-01  -5.1940448e-03  -3.7527922e-03  -7.5804783e-04
   2.0952096e-02  -2.3765933e-02   1.1643554e-01  -3.6220825e-04  -3.3969136e-03  -8.5106098e-04
   6.9783247e-02   4.4192901e-02   1.8753699e-02  -1.6724976e-03  -4.6695196e-03   8.6669893e-04
  -2.8404616e-02   1.1421129e-01   4.5436222e-03   9.5653799e-04  -3.1027118e-03  -8.1215533e-04
  -3.8666996e-02  -2.4727224e-02   8.1408237e-02   1.4311242e-03  -2.5562578e-03  -1.2901482e-03
  -1.0234681e-02   9.8700467e-02  -7.0933535e-02   4.8146905e-04  -2.4523595e-03  -5.3597755e-04
   7.6502124e-02  -7.5627801e-02   2.4463078e-01   1.9051967e-03  -2.3526504e-03   8.0535712e-05
   6.7950513e-02  -7.1588050e-02   2.7617172e-01   3.1686006e-03  -2.5348730e-03  -3.5986696e-04
   7.3354513e-02  -5.0682951e-02   3.5404262e-01   6.4622635e-04  -2.4200302e-03   2.7458970e-04
  -5.2539011e-02  -1.4663389e-01  -2.8302338e-01   2.5785586e-03  -3.3208380e-03  -1.6749759e-03
   4.4838634e-02   4.9556875e-01  -2.9931949e-01  -9.7128369e-04  -3.9682879e-03   8.0185447e-06
   1.0730975e-01   1.1094228e-01   1.6206102e-01   4.1453017e-04  -2.9021875e-03   6.5303146e-04
   1.0352129e-01   8.8192358e-02   1.6370962e-01   1.3275691e-03  -2.7463358e-03   4.5937610e-04
   1.3353694e-01   7.6059616e-02   1.8362920e-01   3.6248792e-05  -3.0375365e-03   9.3703058e-04
   1.1951037e-01   1.5229140e-01   6.0901830e-02  -4.5887580e-04  -3.1699994e-03   4.1756774e-04
   1.7061933e-01  -8.7717764e-02   3.1912042e-01   2.5780960e-03  -4.1062485e-03   2.5435945e-04
  -2.3999624e-02   1.0776869e-01  -3.3867294e-01   5.4562213e-05  -3.2697244e-03  -1.0076740e-03
   1.1670204e-01   1.1223062e-01   1.1780721e-01  -1.1131865e-03  -2.8183524e-03   7.1734519e-04
   7.8811186e-02  -3.9153972e-02   1.3576515e-01   2.2938023e-03  -3.4851357e-03   3.1800022e-04
   1.2003602e-01   6.1994184e-02   3.7385708e-01   2.0236951e-03  -3.6758429e-03  -5.1504837e-04
  -5.3863648e-02   3.7964699e-02  -2.7014194e-01   9.9896267e-04  -3.6155826e-03  -1.5927906e-03
   4.7920478e-02   4.1373552e-01   1.2409478e-01  -2.4954510e-03  -3.3780624e-03  -2.6640647e-04
   8.8089425e-02   2.9235888e-02   1.8944840e-01  -2.9226034e-04  -3.4671993e-03   1.5101065e-04
   1.1652724e-01   1.3169953e-01   2.7075996e-01  -9.9613512e-04  -2.9427450e-03  -5.6800188e-05
   8.2891743e-02   2.3945884e-03   6.1463143e-02   6.5215407e-04  -3.5189695e-03  -3.1387560e-04
   1.1263760e-01   1.0633302e-01   3.6633355e-01   2.3750181e-03  -3.5019249e-03  -1.1687334e-03
  -4.1510395e-02  -2.6782336e-01   4.6444293e-02   3.9737060e-03  -2.7785781e-03  -2.3961539e-03
  -1.1966939e-02   3.3422405e-01  -8.0344538e-02   8.0559759e-04  -3.0463478e-03  -1.4263280e-03
   3.6270835e-02   1.2369930e-01   3.2229912e-01  -2.0591571e-05  -2.8071513e-03  -1.4839156e-03
  -1.0604870e-02  -4.2097863e-01   9.8998935e-02   5.3035602e-03  -2.7612739e-03  -2.1322789e-03
  -7.8344546e-02   3.1813214e-01  -1.6945699e-01   1.3317741e-03  -1.9540412e-03  -3.0327299e-03
  -9.8055498e-02   3.4735165e-01  -9.4887834e-02   7.8931782e-04  -1.0330898e-03  -2.4677409e-03
  -3.7280259e-02   1.2332459e-01   2.6561762e-01   2.1180102e-03  -1.2012010e-03  -2.3167878e-03
  -6.7800449e-02  -1.4327995e-01  -1.8472175e-02   2.1187394e-03  -2.0041374e-03  -1.7839575e-03
  -1.5528456e-02   4.3554003e-01   8.0454022e-03  -1.7672955e-03  -2.7244817e-03  -1.2598939e-03
   2.8424624e-02   5.8773791e-02   2.7657984e-01   1.0660600e-03  -2.7686185e-03  -7.3641330e-04
  -1.6463418e-02   2.0677429e-01   2.0874906e-01  -2.2182796e-03  -2.2852685e-03  -2.9472571e-04
   1.0104385e-02  -1.5503044e-01   7.3968014e-02   1.1274319e-03  -2.8846041e-03   6.7276697e-05
   4.2844827e-02   3.8811820e-01  -1.3819797e-01  -2.0795997e-03  -3.8432976e-03   3.4499681e-04
   7.3223313e-02   3.5425886e-01   1.9227906e-01  -2.6691435e-03  -3.2097777e-03   1.0494822e-03
   3.0182480e-02   7.6760795e-02   3.0123836e-02  -5.7683310e-04  -3.6378006e-03   1.2693897e-03
   1.0448358e-01   1.6565695e-02   2.2849979e-01  -1.5734062e-03  -4.2432608e-03   1.9311898e-03
   1.9729852e-02   5.3932575e-02  -3.7089274e-01  -1.5505243e-03  -4.8702364e-03   9.4220643e-04
   5.8409309e-02   3.3069439e-01  -2.3833392e-01  -2.1437743e-03  -3.6307039e-03   2.2019870e-03
   5.2613569e-02   2.6115218e-02   2.2508113e-01  -2.8903679e-04  -2.7798042e-03   7.8665913e-04
  -6.0221839e-02   2.8926236e-02  -1.7059444e-01  -2.1473255e-05  -2.2323962e-03  -3.5194119e-04
   1.2194691e-01   3.7504528e-01   2.4504554e-01  -3.7167557e-03  -2.5453708e-03   1.9757061e-03
   1.0051843e-01   4.4282124e-02  -9.3061134e-03  -1.4010412e-03  -2.7886656e-03   2.6694398e-03
   2.0176554e-01   2.4092762e-01   3.0644008e-01  -1.4704405e-03  -3.1120186e-03   2.8263801e-03
   1.3125535e-01   1.5766748e-01  -3.3301485e-03  -3.2305623e-03  -3.3670001e-03   2.9469368e-03
   1.7220600e-01   7.7916202e-02   1.6961672e-01  -1.4537570e-03  -3.1838973e-03   3.4132384e-03
   1.5361411e-01   1.7795943e-01   6.8431412e-02  -2.8588808e-03  -2.9253710e-03   3.4448867e-03
   1.4303920e-01   1.0640963e-01   4.5400994e-02  -1.9587068e-03  -2.7803084e-03   3.4622561e-03
   1.6947878e-01   2.2886003e-01   2.2100204e-01  -1.1643195e-03  -2.9008758e-03   3.1235016e-03
   1.4550713e-01   7.3925382e-02   8.3536137e-02  -1.5582062e-03  -2.9743630e-03   3.5887288e-03
   1.9512403e-01   2.4912619e-01   2.5619537e-01  -2.4216302e-03  -2.8905614e-03   3.4772445e-03
   1.4692599e-01   8.4925209e-02  -9.0086911e-03  -1.6391065e-03  -2.9812460e-03   3.0593378e-03
   1.8883044e-01   3.9159618e-01   1.7552202e-01  -3.7019387e-03  -3.0171919e-03   3.1103708e-03
   1.3050406e-01   1.0811761e-01   1.1158103e-02  -1.9152358e-03  -2.6665154e-03   2.6544942e-03
   1.7798981e-01   2.5603421e-01   2.0366834e-01  -3.5237947e-03  -2.6560080e-03   2.8895715e-03
   1.4782465e-01   9.4309880e-02  -9.3904146e-03  -2.1159158e-03  -2.9075487e-03   2.7531934e-03
   1.7152840e-01   2.2894373e-01   1.5963275e-01  -3.3053371e-03  -3.2876166e-03   2.2841689e-03
   1.8784555e-01   1.3278145e-01   1.6528855e-01  -3.2309352e-03  -3.4475008e-03   2.4507804e-03
   1.5137660e-01   1.6497417e-01   4.2243675e-04  -3.8375107e-03  -3.2087403e-03   2.2829466e-03
   8.1445538e-02   1.9982353e-01   5.6363057e-02  -2.7444349e-03  -2.6188382e-03   1.5101762e-03
   1.1980158e-01  -1.3280675e-01   2.9115151e-01   8.1970846e-04  -4.4631272e-03   9.8427913e-04
   1.7146291e-02  -7.4256977e-02  -4.0872033e-01  -4.4495910e-04  -4.8512510e-03  -2.8946576e-04
   7.4155348e-02   4.2450595e-01   1.4349167e-01  -5.2678049e-03  -4.0562369e-03   1.6464683e-03
  -2.4427574e-02   2.1243377e-01   1.5037269e-01  -6.1579501e-03  -3.0760627e-03   7.4060062e-04
  -6.3353058e-04  -1.4177429e-01  -1.8174361e-01   7.0530549e-04  -3.6437322e-03   7.1364000e-06
  -7.4662040e-02   3.7524832e-01  -3.0072538e-01  -5.0746912e-04  -1.7069709e-03  -5.8328111e-04
  -1.6005471e-02   3.9027214e-01   1.5777091e-01  -1.9744000e-03  -1.7126098e-03   2.3534383e-04
  -7.2445705e-02   1.4967110e-01   8.4698291e-02  -2.7186123e-03  -1.0175607e-03   3.6853281e-04
   7.6311465e-03   4.9178524e-03   5.0605481e-02  -2.0243031e-03  -2.3592510e-03   1.3797451e-03
  -2.1149909e-02   3.2296119e-01  -2.9003856e-01  -4.1148351e-03  -2.5415813e-03   8.3281914e-04
  -8.1415407e-02   3.6222082e-01  -3.5558856e-02  -6.6975451e-03  -9.5461096e-04  -1.2667036e-05
  -1.3609831e-01   7.5177515e-02  -3.2302419e-02  -5.1001694e-03  -1.6921797e-03   6.8948708e-05
  -1.2288786e-01   3.8813352e-01   4.3273273e-02  -6.3850737e-03  -2.1583321e-03  -6.6784598e-04
  -9.0907907e-02   1.8170282e-01  -2.6461258e-01  -3.4435311e-03  -2.2077402e-03  -4.1413083e-04
  -7.9816712e-02   3.8475796e-01  -1.4012603e-01  -4.7491057e-03  -2.0992785e-03  -9.6907165e-04
  -2.7789614e-02   6.8171694e-02   1.6030825e-01  -2.1983898e-03  -2.4103199e-03  -6.0494504e-04
  -3.7969144e-02   1.9661999e-01   2.0387212e-01  -3.0281134e-03  -9.0490429e-04  -6.1683384e-04
  -7.0713152e-02   1.8965809e-01   9.6408614e-02  -2.7546349e-03  -9.6717088e-04  -1.8592255e-04
  -7.8973460e-02   2.4877345e-01   8.2207164e-02  -1.8812173e-03  -1.3043312e-03  -6.4872063e-04
  -4.9789653e-02   2.0073472e-01   1.8268135e-01  -1.5859764e-03  -1.7862090e-03  -7.9958978e-04
  -7.2093555e-02   2.6135266e-01   7.5095039e-02  -3.2428920e-03  -2.2542649e-03  -9.4029850e-04
  -1.7361760e-02  -1.5092062e-01   1.1272223e-01   6.0092007e-04  -2.8986624e-03  -2.5970799e-05
  -5.7153527e-02   3.5440071e-01  -1.9390519e-01  -2.7001719e-03  -3.1033410e-03  -2.4102542e-04
  -6.9446270e-03   3.3335820e-01   1.4498406e-01  -3.1577209e-03  -2.5401829e-03   5.3962298e-04
  -5.0504008e-02   1.9363457e-01  -4.0012618e-02  -3.2804952e-03  -2.7935977e-03   5.7025164e-04
   1.6943237e-02   2.3116468e-01   2.5069180e-01  -2.1919061e-03  -2.7344054e-03   6.5954644e-04
  -5.8159524e-02   3.9540176e-02  -2.9888493e-01  -2.0010877e-03  -3.1361563e-03   3.5662441e-04
  -5.5321315e-02   4.1652024e-01  -1.8341013e-01  -2.0704272e-03  -2.6989896e-03  -3.3964223e-04
  -2.9611504e-03   2.9511714e-01   5.0234091e-02  -2.6224161e-03  -2.4735036e-03   1.7749544e-04
  -3.1833574e-02   1.5529649e-01  -3.2994626e-02  -2.4242529e-03  -2.5186309e-03   2.0381325e-04
   1.6072686e-02   1.7741089e-01   1.5614188e-01  -2.6655436e-03  -2.1107801e-03   3.5943334e-04
   1.9130998e-02  -2.2545128e-01   7.2314353e-02  -4.2788404e-04  -3.5713543e-03   2.4393298e-04
  -1.0884116e-02   2.3765546e-01  -1.1796402e-01  -2.2445026e-03  -3.2328040e-03  -1.0022777e-04
  -3.1269776e-02   2.0404781e-01   4.1304503e-02  -1.4653924e-03  -2.2131950e-03  -1.4149645e-04
  -1.2257367e-02   1.6918871e-01   7.1579821e-02  -1.9255881e-03  -2.5742893e-03   2.2375996e-04
  -2.3350990e-02   5.5125415e-02   1.4557443e-03  -8.5686864e-04  -2.6847397e-03  -3.9950805e-05
   1.3896437e-03   9.6424025e-02   1.0129343e-02  -1.8143010e-03  -3.3153091e-03  -3.0795476e-05
  -3.2804501e-02   1.6488436e-01  -1.0508981e-01  -1.8893181e-03  -3.0734645e-03  -1.7829079e-04
  -3.1230272e-02   1.6137744e-01  -1.6236839e-01  -1.6217128e-03  -3.4257811e-03  -2.1961883e-04
   3.1834252e-02  -2.8884859e-02   2.0577686e-01  -1.1295178e-03  -3.6019707e-03  -1.5252048e-04
  -1.2984710e-01  -1.0474045e-01  -4.0938858e-01   1.1114883e-03  -2.8115970e-03  -2.1546782e-03
  -2.1273977e-02   4.0269078e-01   8.6390667e-02  -4.4429428e-04  -2.2909714e-03  -1.0631749e-03
  -9.0780837e-02   1.1552096e-01  -3.1467669e-02   2.6650132e-04  -1.6991730e-03  -1.2432938e-03
   4.7919108e-03   2.2773097e-02   1.7060747e-01   1.3945917e-03  -2.9322715e-03  -4.8848326e-04
  -9.0863312e-02   6.2739125e-02  -3.3801891e-01  -3.0400713e-05  -2.8389575e-03  -1.0086062e-03
  -2.9193673e-02   2.7994695e-01   3.5166723e-02  -1.3586392e-03  -2.6124020e-03  -6.3013495e-04
   3.0539642e-02  -2.9610273e-01  -4.5786135e-03   2.2295579e-03  -3.8592198e-03  -3.6718533e-04
  -1.3877997e-01   2.3528137e-01  -3.2559001e-01   3.9287664e-04  -1.8644956e-03  -2.8018425e-03
  -8.9246149e-02   2.9249286e-01  -1.0849462e-01  -6.1966871e-04  -1.1846812e-03  -2.1028569e-03
  -4.7458602e-02   7.2605297e-02  -2.5605037e-02   2.3762625e-04  -2.1979427e-03  -7.8489217e-04
  -3.4885795e-02   2.2442366e-01   5.6159962e-02  -2.0755458e-03  -1.7576965e-03  -7.3329898e-04
  -6.3718029e-02  -1.9234681e-01  -9.4010011e-02   1.0042770e-04  -2.1878795e-03  -7.0654059e-04
  -8.2073571e-02   3.1095574e-01  -2.5853816e-01  -2.1286320e-03  -1.7729681e-03  -1.1448844e-03
  -2.7001081e-02   1.1956274e-01   5.8932363e-02  -1.1432454e-03  -1.7072759e-03  -4.7016513e-04
  -7.4138878e-02   1.7985078e-01  -3.8531721e-02  -2.7374771e-03  -1.3028512e-03  -4.8188100e-04
  -6.3930636e-02   6.8860496e-02  -8.1433985e-02  -1.4730185e-03  -1.8576428e-03  -2.3646860e-04
  -2.9471407e-02   1.4486044e-01   1.7542047e-02  -1.8543993e-03  -2.2578140e-03  -3.3296542e-04
  -7.4024982e-02   1.9318170e-01  -1.1605483e-01  -3.0782960e-03  -2.0021601e-03  -4.1507112e-04
  -7.2674187e-02   1.1526828e-01  -1.1079347e-01  -1.7958734e-03  -1.8777600e-03  -3.3617786e-04
  -1.1499256e-02   2.0249981e-01   4.9979910e-02  -2.2683942e-03  -2.2493760e-03  -3.3467653e-04
  -4.9299044e-02   1.5172813e-01  -2.1392968e-01  -2.3448429e-03  -2.7436068e-03  -1.1743343e-04
   1.5330772e-02   1.2532932e-02   2.4981356e-01  -1.0668075e-03  -1.7198465e-03   1.5338889e-05
  -1.1214289e-01  -2.2063340e-01  -3.4109682e-01   9.1073966e-04  -1.8440724e-03  -1.9591144e-04
