   0.0000000e+00   0.0000000e+00   0.0000000e+00   0.0000000e+00   0.0000000e+00   0.0000000e+00
   2.9588922e-03  -3.2124693e-02  -2.9401649e-02   9.6206439e-04  -9.2009386e-05  -9.4538847e-05
  -1.2976212e-02  -2.7374671e-02   1.7273388e-01  -7.1037820e-04   3.4535870e-04   1.5782185e-04
   4.4143307e-03  -7.5015225e-03   9.4093433e-02  -1.9022731e-04  -1.1976194e-04  -5.2461496e-05
   9.3221442e-03  -5.8612212e-02   6.1107382e-02   5.5065367e-05  -2.9532565e-04   2.9489379e-04
   1.3187677e-02  -1.0000499e-01   2.1139242e-02   3.4318365e-04  -1.8790327e-04   3.4205468e-04
   8.0545944e-03  -9.6679448e-02  -2.5950930e-02   9.8565524e-04  -1.3560470e-04   3.6435980e-04
  -1.1305262e-02   6.5767598e-02  -7.2825408e-02  -1.6532339e-04  -9.7402117e-05  -1.2365739e-04
  -3.7237261e-03  -2.3830946e-02  -8.1466272e-02   3.0934674e-04  -6.5249817e-05  -5.0148796e-05
  -1.7594949e-02   3.4472840e-03  -7.6573312e-02  -6.0788080e-05   1.2887938e-04   9.8696518e-05
  -7.4039908e-03  -4.4171089e-02  -4.2273256e-02  -4.6270510e-04   1.0640830e-04  -2.0248373e-04
  -9.1212342e-03  -2.5965734e-02  -5.0338942e-02  -6.1150056e-04   3.4692118e-04  -1.6530653e-04
  -1.2080613e-02   1.3054968e-01  -7.3008628e-02  -1.9354936e-03   3.3828559e-05  -3.3044806e-04
  -2.2635591e-03  -2.4640410e-02  -6.4874447e-02  -8.7883469e-04  -1.5633954e-04   5.7630779e-07
  -1.1291639e-02   1.4091671e-01  -1.3674379e-02  -2.2608301e-03   1.2918834e-04  -4.6370913e-07
   8.9395055e-03  -5.2933495e-02  -3.3821459e-02   4.4344223e-04  -1.0159156e-04  -2.5413803e-04
  -1.4641612e-02   1.5139427e-01   7.7928665e-03  -1.9176566e-03  -4.5931142e-05  -3.3799734e-04
   1.5407641e-02  -1.3552586e-01   7.2974906e-02   9.9527892e-05  -2.2022280e-04  -2.3078339e-04
   8.2071033e-03   1.6826134e-01   4.4476291e-02  -1.2885581e-03  -5.2604050e-04   1.9397003e-04
   2.4463944e-02   2.3039501e-02   2.3323669e-02  -9.0662357e-04  -8.1235907e-04  -1.0644048e-04
   1.0620589e-02   1.8851581e-01  -2.9276040e-02  -1.4985650e-03  -5.9416601e-04  -1.0696649e-04
   2.1449351e-02  -3.2839260e-02  -3.1416453e-02  -7.7517845e-04  -8.5097880e-04  -3.1368538e-04
   1.2671798e-02   1.3804828e-01  -1.0158953e-01  -1.5815984e-03  -7.9800397e-04  -4.3766617e-04
   2.8273146e-02   5.0101637e-02  -1.2723151e-01  -9.6189495e-04  -1.1635333e-03  -3.2930072e-04
   7.2636351e-03  -5.6809682e-02  -1.1253752e-01  -3.3998652e-04  -5.3953358e-04  -2.9340903e-04
   1.5756100e-02   1.2393850e-02  -9.5336311e-02  -1.6513792e-04  -6.0421638e-04  -9.7687865e-05
   2.3431083e-02  -1.2347784e-02  -6.4778956e-02   2.8583877e-04  -7.9788842e-04  -3.6015146e-04
   1.2865292e-02   8.2677787e-02  -5.4974824e-02  -9.1000965e-04  -5.0555845e-04  -5.1591474e-05
   2.9777701e-02  -3.8801623e-02  -4.9425250e-02   8.7783645e-05  -8.5315427e-04   3.3350446e-05
   1.4003833e-02   1.6870072e-02  -4.8712698e-02  -9.1318875e-05  -6.7696409e-04  -1.4656531e-04
   2.0130107e-02  -2.3987134e-03  -5.9004301e-02  -2.4844177e-04  -7.5528046e-04   1.9169152e-05
   1.9854642e-02   2.3654836e-02  -5.5915146e-02   3.0781170e-04  -7.0212191e-04  -3.2353730e-05
   8.7065151e-03   3.0796403e-02  -2.5766916e-02  -1.9468296e-04  -6.5222662e-04  -2.4678179e-04
   3.2174086e-03  -6.4659739e-02  -1.5031309e-02   8.0661680e-04  -4.8485152e-04  -2.1613785e-04
  -5.7802923e-03   9.7701076e-03  -3.2710269e-02   8.9702988e-04  -1.9743062e-04  -3.7586751e-05
   1.7682047e-02  -2.6772506e-02  -4.4900311e-02   1.3900917e-03  -5.5311764e-04   1.5709303e-04
   1.4097157e-02  -3.4137263e-02  -5.8516055e-02   2.5421232e-03  -1.6233326e-04   4.0843964e-04
   3.1258147e-02  -4.2325127e-02  -2.6694069e-02   2.9337003e-03  -6.2545739e-04   4.0689678e-04
   2.6551322e-02  -6.5171203e-02   2.3817303e-02   2.9518603e-03  -5.3599685e-04   1.2955672e-04
   3.9595757e-02  -3.5253561e-02  -1.3812435e-02   2.5229275e-03  -9.6800493e-04  -8.7545764e-05
   3.3407448e-02  -1.5045152e-01  -2.7576136e-02   3.6091004e-03  -8.3290603e-04  -1.5177036e-04
   3.5752262e-03  -5.8722613e-02   3.7554406e-02   2.9317035e-03  -3.9397165e-04  -3.0641338e-04
   1.8728604e-02  -1.2412564e-01   6.4280354e-02   3.6344312e-03  -5.4394907e-04  -3.7786418e-04
   1.3998747e-03  -2.1493726e-02   1.0334883e-01   3.0478520e-03  -2.9297269e-04  -3.0980674e-04
   1.3501778e-02  -1.0120535e-01   1.2765400e-01   3.5367311e-03  -4.1802754e-04  -7.3452451e-04
   1.8028150e-03  -6.0859083e-02   1.4828914e-01   3.4985747e-03  -2.3753568e-04  -8.6203064e-04
   3.4498099e-02  -1.3876711e-01   1.4933944e-01   3.7337286e-03  -4.2740939e-04  -2.7574004e-04
   3.1302359e-02  -1.4529810e-01   1.8770669e-01   4.0180498e-03  -6.2073779e-04  -8.3570761e-04
  -8.8990553e-03  -4.0877956e-02   1.4249520e-01   3.9981509e-03   7.6774113e-05  -6.6585581e-04
  -4.2496743e-02  -2.9204736e-01   1.5654950e-01   8.7330050e-03   3.4892718e-04  -1.4649409e-03
  -2.4617591e-02  -4.1025829e-01   2.1236124e-01   1.3559525e-02   4.2630375e-04  -1.4204916e-03
  -6.4514028e-02  -3.7173384e-01   1.0870375e-01   1.5272512e-02   5.1696626e-04  -2.3634890e-03
  -6.2868012e-02  -5.1103134e-01   2.2413800e-02   1.7761749e-02   9.9843006e-04  -3.1252126e-03
  -5.2770384e-02  -4.7583046e-01   1.1786803e-02   1.9110454e-02   6.9893974e-04  -2.7055648e-03
  -3.9036170e-02  -6.7677966e-01   3.7223752e-02   2.1632568e-02   5.5721241e-04  -2.0171045e-03
  -3.9449537e-02  -4.7106811e-01  -2.6207823e-02   2.1080971e-02   1.1740771e-04  -2.0114847e-03
  -2.2084097e-02  -5.9357414e-01  -2.3783987e-02   2.2206154e-02  -1.8236070e-04  -1.7432560e-03
  -5.5482697e-02  -5.9051232e-01   1.2555045e-02   2.1339968e-02   4.1833364e-04  -2.5462999e-03
  -4.7841604e-02  -6.3226676e-01   3.7057333e-02   2.1712216e-02   1.9535664e-04  -2.7793111e-03
  -5.7627649e-02  -5.6020408e-01   2.7883717e-02   2.1326113e-02   3.8764287e-06  -3.0734600e-03
  -2.3075438e-02  -5.4471071e-01   6.9175739e-02   2.0249844e-02  -5.1334815e-04  -2.6017765e-03
  -5.2903341e-02  -5.7727227e-01   6.6028197e-02   2.0661197e-02  -6.6646543e-04  -3.9422914e-03
  -3.6599443e-02  -5.0063164e-01   6.5134389e-02   1.9936949e-02  -1.0433119e-03  -3.5654729e-03
  -5.8779874e-02  -5.8636737e-01   9.3953267e-02   1.9945599e-02  -4.6377564e-04  -3.5436154e-03
  -1.2011265e-01  -3.9185948e-01   1.3353069e-01   1.8432819e-02   4.6029072e-04  -3.9621608e-03
  -1.0896516e-01  -4.8170999e-01   1.2789142e-01   1.8598638e-02   1.6119498e-04  -3.9793289e-03
  -1.5116074e-01  -3.3084732e-01   1.5025570e-01   1.6801693e-02   2.8880379e-04  -4.6841643e-03
  -1.1577229e-01  -5.2901633e-01   1.2175701e-01   1.7902792e-02  -4.6168036e-04  -4.7897850e-03
  -1.5446727e-01  -5.5223789e-01   1.2881432e-01   1.8216420e-02  -2.1387767e-04  -5.2923120e-03
  -1.0765340e-01  -4.8482604e-01   7.4198457e-02   1.7824000e-02  -8.0860988e-04  -4.5213588e-03
  -1.6807563e-01  -5.9890114e-01   1.0520076e-01   1.7949237e-02   2.2921051e-04  -5.3305636e-03
  -1.2576463e-01  -5.3233377e-01   3.0097130e-01   1.6883059e-02   3.1836160e-04  -4.6236582e-03
  -1.3009828e-01  -4.3701393e-01   4.0870963e-01   1.6541613e-02   9.3503727e-04  -3.8047430e-03
  -2.1181556e-01  -5.5889104e-01   6.3807797e-01   1.5930220e-02   8.9308046e-04  -5.9171456e-03
  -1.9661065e-01  -4.1995051e-01   5.8820353e-01   1.5098230e-02   4.6332422e-04  -5.9140235e-03
  -2.1465998e-01  -3.9947093e-01   6.4060520e-01   1.3924645e-02   7.2707444e-04  -5.9871328e-03
  -2.0683468e-01  -3.6287326e-01   6.6922124e-01   1.3257284e-02   6.5209912e-04  -5.8854103e-03
  -2.2552594e-01  -5.7142388e-01   5.7634493e-01   1.7373148e-02   7.2992384e-04  -6.3530428e-03
  -2.4904948e-01  -4.1143763e-01   5.2175760e-01   1.6763208e-02   8.7892843e-04  -6.5302983e-03
  -2.5140766e-01  -5.5169803e-01   5.0947277e-01   1.7973589e-02   9.7762364e-04  -6.8929668e-03
  -2.5667766e-01  -3.8741139e-01   5.6066470e-01   1.6600130e-02   9.6684158e-04  -6.8027053e-03
  -2.2746698e-01  -5.6043264e-01   6.0895599e-01   1.7567832e-02   7.1317411e-04  -7.0616163e-03
  -2.3959729e-01  -4.6938423e-01   5.9359450e-01   1.7256015e-02   7.7751798e-04  -6.9566120e-03
  -2.2255548e-01  -6.2308447e-01   5.5928120e-01   1.8507916e-02   6.8254997e-04  -6.8647175e-03
  -2.4639794e-01  -4.9933032e-01   5.5085606e-01   1.8352132e-02   9.2797300e-04  -7.0472814e-03
  -2.3656294e-01  -4.8266777e-01   5.3192382e-01   1.8483363e-02   9.1164478e-04  -7.1069586e-03
  -2.4868227e-01  -5.3327425e-01   6.2135900e-01   1.7875660e-02   1.2497620e-03  -7.1014306e-03
  -2.1655160e-01  -5.4001673e-01   5.8626159e-01   1.7859585e-02   8.3943522e-04  -7.0639389e-03
  -2.4139622e-01  -5.2147622e-01   6.5255947e-01   1.7418155e-02   1.2391131e-03  -6.8960948e-03
  -2.4695674e-01  -4.7408930e-01   6.0528804e-01   1.8293800e-02   1.3742723e-03  -7.2517488e-03
  -2.6686353e-01  -5.9666763e-01   6.1358634e-01   1.8959136e-02   1.6656622e-03  -7.7666792e-03
  -2.3856985e-01  -4.5064072e-01   6.4288907e-01   1.7552514e-02   1.2673859e-03  -7.0259444e-03
  -2.5661744e-01  -5.8389131e-01   7.4090571e-01   1.8069322e-02   1.4146461e-03  -7.8219870e-03
  -2.4613514e-01  -4.1716495e-01   7.4237116e-01   1.7425700e-02   1.3143100e-03  -7.7999458e-03
  -2.5065237e-01  -4.6499281e-01   7.9730838e-01   1.7883363e-02   1.5808850e-03  -7.6344736e-03
  -2.3873181e-01  -3.5371976e-01   8.2415451e-01   1.6643880e-02   1.2253256e-03  -7.4821698e-03
  -2.4152174e-01  -5.3567935e-01   8.3696031e-01   1.7455546e-02   1.4036736e-03  -7.9508315e-03
  -2.6084796e-01  -3.9871604e-01   8.1603476e-01   1.7426328e-02   1.7301493e-03  -8.1722946e-03
  -2.6878391e-01  -5.6574833e-01   8.3240045e-01   1.8914825e-02   2.0348873e-03  -8.6344968e-03
  -2.8863458e-01  -3.2376775e-01   8.3481232e-01   1.7547874e-02   2.0022145e-03  -8.5929933e-03
  -3.1049240e-01  -5.3976811e-01   8.7603697e-01   1.8904186e-02   2.3138190e-03  -9.7432703e-03
  -3.3971787e-01  -3.9387548e-01   9.1500911e-01   1.8068655e-02   2.6231990e-03  -1.0034949e-02
  -3.4102002e-01  -5.8131449e-01   8.9723519e-01   1.9562726e-02   2.9624961e-03  -1.0534649e-02
  -2.8906442e-01  -3.5525070e-01   9.5621953e-01   1.7031154e-02   2.5467326e-03  -8.7763732e-03
  -2.8818914e-01  -4.8395717e-01   9.4340354e-01   1.8334487e-02   2.8450123e-03  -9.0344684e-03
  -2.9795903e-01  -2.4513760e-01   9.0805364e-01   1.7091076e-02   2.8391954e-03  -8.8973263e-03
  -3.4421047e-01  -6.4728650e-01   1.4452044e-01   2.1492558e-02   3.5794487e-03  -8.3693324e-03
  -3.8017396e-01  -3.5924372e-01   1.4246364e-01   1.8528943e-02   4.4903416e-03  -8.1460383e-03
  -3.0268079e-01  -6.3499514e-01   3.5228059e-01   2.0885395e-02   3.6737006e-03  -7.5843068e-03
  -3.0640579e-01  -4.4736747e-01   4.5270909e-01   1.9542823e-02   3.7133383e-03  -8.3176187e-03
  -2.8775694e-01  -5.8710484e-01   4.1176828e-01   2.0374438e-02   2.9421056e-03  -8.0492123e-03
  -2.8946775e-01  -5.5786897e-01   4.2901599e-01   2.0027224e-02   2.9923838e-03  -8.1333491e-03
  -2.8047815e-01  -4.5297965e-01   3.8087913e-01   1.9893492e-02   2.6552653e-03  -7.9852675e-03
  -3.1329843e-01  -5.0308646e-01   3.8987656e-01   2.0668925e-02   3.0766212e-03  -8.7029039e-03
  -3.1930473e-01  -4.5708916e-01   3.6172350e-01   2.0345520e-02   3.0700390e-03  -8.7410972e-03
  -3.0541198e-01  -5.2771847e-01   3.3838031e-01   2.0655724e-02   2.8239521e-03  -8.6769296e-03
  -3.2242791e-01  -3.9389960e-01   3.5504494e-01   1.9462576e-02   3.1893210e-03  -9.2122546e-03
  -2.7675472e-01  -5.8517697e-01   6.3998806e-01   1.8846425e-02   2.7745643e-03  -8.9139904e-03
  -2.1900398e-01  -5.2556838e-01   6.2032147e-01   1.9996853e-02   2.3101259e-03  -7.9439006e-03
  -1.9838952e-01  -4.7538804e-01   8.1991021e-01   2.0832897e-02   1.4495663e-03  -8.0576573e-03
  -1.9745939e-01  -5.4331976e-01   1.1746909e+00   1.9074553e-02   1.5195009e-03  -8.6535742e-03
  -1.7295328e-01  -3.7905408e-01   1.1852705e+00   1.7215558e-02   8.1190618e-04  -8.8313267e-03
  -2.1245835e-01  -3.2452795e-01   1.1688918e+00   1.6492508e-02   1.2193449e-03  -9.2941563e-03
  -2.0316362e-01  -3.4971865e-01   1.2211991e+00   1.4704185e-02   1.2467149e-03  -8.9400750e-03
  -1.9864474e-01  -3.8527839e-01   1.2799648e+00   1.5297720e-02   1.5841143e-03  -8.9478500e-03
  -1.5989355e-01  -2.4608986e-01   1.1703575e+00   1.5930181e-02   1.5448537e-04  -8.8898714e-03
  -1.2360456e-01  -4.8192350e-01   1.1903362e+00   1.8348435e-02  -3.7329749e-04  -8.8700926e-03
  -1.7041356e-01  -3.1180117e-01   1.1547923e+00   1.6695793e-02   5.9738367e-04  -9.1586713e-03
  -1.3720889e-01  -4.1862324e-01   1.1836299e+00   1.6583032e-02   1.3533096e-04  -8.8091800e-03
  -1.6169643e-01  -2.8776959e-01   1.2418159e+00   1.5706475e-02   2.3774398e-05  -9.2357458e-03
  -1.6437239e-01  -4.0152497e-01   1.2494815e+00   1.6087829e-02   3.4043289e-04  -9.6229027e-03
  -1.8182202e-01  -4.2715739e-01   1.2764733e+00   1.6436180e-02   3.5752977e-04  -9.6204636e-03
  -1.7007334e-01  -4.7403212e-01   1.2814110e+00   1.6823277e-02   1.5554529e-04  -9.9153245e-03
  -1.7922720e-01  -3.7967413e-01   1.2180962e+00   1.6232285e-02   5.6568754e-05  -9.9410158e-03
  -1.5627649e-01  -4.3024346e-01   1.1410534e+00   1.7402852e-02   3.3079391e-04  -9.0101877e-03
  -1.7786852e-01  -4.2190691e-01   1.1003097e+00   1.8539527e-02   2.1676901e-04  -9.7304550e-03
  -1.5360506e-01  -4.6045310e-01   1.0906049e+00   1.8587256e-02  -1.6131348e-04  -9.0267112e-03
  -2.0928252e-01  -4.0876888e-01   1.0884306e+00   1.8188596e-02   5.5151840e-04  -1.0083331e-02
  -1.6178994e-01  -4.6796423e-01   1.0828430e+00   1.8048134e-02   2.0236850e-04  -9.1441267e-03
  -1.7281948e-01  -3.8464824e-01   1.0600336e+00   1.7122437e-02   1.6809760e-04  -9.0795099e-03
  -1.6127071e-01  -5.1879180e-01   1.1973701e+00   1.8362063e-02   6.2575366e-04  -9.2507346e-03
  -2.2989316e-01  -2.7773246e-01   1.1322853e+00   1.6992054e-02   1.6344827e-03  -9.6455238e-03
  -1.8259680e-01  -5.3941928e-01   1.0377418e+00   1.9578492e-02   1.0716759e-03  -8.7827486e-03
  -1.6792327e-01  -2.7075334e-01   1.2275822e+00   1.6941621e-02   9.0765566e-04  -9.2723959e-03
  -1.7399740e-01  -2.6978911e-01   1.2005690e+00   1.7418347e-02   9.7397773e-04  -9.0794427e-03
  -1.6768072e-01  -3.7521541e-01   1.1998598e+00   1.7731054e-02   9.4834108e-04  -9.0064475e-03
  -1.6300973e-01  -2.1882523e-01   1.2207252e+00   1.6691087e-02   6.6829297e-04  -9.2712602e-03
  -1.4735783e-01  -4.4431972e-01   1.2800560e+00   1.7562898e-02   3.2689156e-04  -9.3533574e-03
  -1.5203284e-01  -2.6813426e-01   1.2637002e+00   1.7099790e-02   2.3046881e-04  -9.6710948e-03
  -1.4238720e-01  -4.2835373e-01   1.2688214e+00   1.7615082e-02   5.4444894e-06  -9.7584705e-03
  -1.6495731e-01  -1.7995240e-01   1.2848195e+00   1.6869765e-02  -1.0832501e-04  -9.9039474e-03
  -1.5781573e-01  -3.9696967e-01   1.3272338e+00   1.7674285e-02  -4.3243994e-04  -1.0296419e-02
  -1.5448873e-01  -3.2271819e-01   1.3452983e+00   1.7269675e-02  -5.0438040e-04  -1.0342276e-02
  -1.6409551e-01  -3.8703746e-01   1.3311632e+00   1.7481847e-02  -5.1344255e-04  -1.0446324e-02
  -1.5976849e-01  -2.6724212e-01   1.3231378e+00   1.6338217e-02  -1.5936682e-04  -1.0221778e-02
  -1.1549206e-01  -3.1384633e-01   1.3735371e+00   1.6935708e-02  -5.7175600e-04  -9.4706836e-03
  -1.1251796e-01  -1.4961665e-01   1.3812912e+00   1.6619120e-02  -4.4863678e-04  -1.0037660e-02
  -1.0019018e-01  -3.6890303e-01   1.4290650e+00   1.6952148e-02  -3.8523089e-04  -9.9193056e-03
  -7.4037616e-02  -2.1316177e-01   1.4119001e+00   1.5521727e-02  -8.3280729e-04  -8.8932583e-03
  -7.5680982e-02  -3.4690854e-01   1.3914713e+00   1.6999594e-02  -5.1509997e-04  -8.8468838e-03
  -9.4740368e-02  -2.3313180e-01   1.3859948e+00   1.6852867e-02  -1.8135663e-04  -9.0735281e-03
  -7.1932906e-02  -3.3606322e-01   1.3579123e+00   1.7346952e-02  -4.6298496e-04  -9.1624943e-03
  -6.8691475e-02  -2.7274367e-01   1.3455999e+00   1.6874800e-02  -2.3196502e-04  -8.5247839e-03
  -5.7304170e-02  -3.3127190e-01   1.3556448e+00   1.7641816e-02  -3.3188187e-04  -8.6991044e-03
  -7.7449974e-02  -1.7417733e-01   1.3371414e+00   1.6809602e-02   4.1880108e-05  -8.5634421e-03
  -8.2530783e-02  -3.3529898e-01   1.3332547e+00   1.7336836e-02   3.6530087e-04  -9.2612026e-03
  -7.3247093e-02  -2.5631800e-01   1.3436886e+00   1.7256480e-02   7.2240249e-05  -8.3177676e-03
  -5.5482691e-02  -3.3088254e-01   1.3553687e+00   1.7233376e-02  -1.5385285e-04  -8.6235607e-03
  -8.0116101e-02  -2.1773644e-01   1.2955475e+00   1.7117991e-02   3.2252016e-04  -8.7421274e-03
  -7.5924218e-02  -3.7596515e-01   1.2625009e+00   1.8600258e-02   9.4719421e-05  -7.7479243e-03
  -7.5205681e-02  -2.6981849e-01   1.2908500e+00   1.8383142e-02  -3.2967329e-04  -8.1264991e-03
  -9.2640083e-02  -3.4322139e-01   1.3008930e+00   1.9046599e-02   1.2474949e-04  -8.3443718e-03
  -6.4173511e-02  -1.5759353e-01   1.3267723e+00   1.7889078e-02  -3.6436036e-04  -7.3737329e-03
  -6.7618212e-02  -3.2017128e-01   1.3080951e+00   1.8601505e-02  -5.9448233e-04  -7.5691789e-03
  -7.6324684e-02  -2.2191954e-01   1.2987071e+00   1.7725483e-02  -3.9706787e-04  -7.6822941e-03
  -6.2421962e-02  -3.7790044e-01   1.2829594e+00   1.8438962e-02  -6.7132635e-04  -7.3793106e-03
  -5.4895301e-02  -2.0581497e-01   1.4264281e+00   1.6377850e-02  -1.1672714e-03  -7.3250757e-03
   4.0619525e-02  -3.8660356e-01   1.5263603e+00   1.5011771e-02  -3.2628388e-03  -5.8758137e-03
   4.5031937e-02   1.8325241e-02   6.9210575e-01   1.3486800e-02  -2.4615393e-03  -6.8466955e-03
   1.2853503e-01  -2.6352305e-01   1.7902908e+00   8.3638836e-03  -3.1494542e-03  -4.4973721e-03
   1.3641097e-01  -4.6221403e-01   2.3050895e+00   9.2779956e-03  -3.7573052e-03  -4.8332833e-03
   7.5254349e-02  -3.8931675e-02   2.3845396e+00   6.0948217e-03  -3.3482632e-03  -5.3375040e-03
   1.1170447e-01  -1.0815276e-01   2.3599129e+00   6.2052769e-03  -4.6915102e-03  -5.6312978e-03
   8.3902757e-02   2.8284009e-02   2.3750366e+00   4.8237389e-03  -4.9281548e-03  -5.9453559e-03
   1.0760766e-01  -1.6000122e-01   2.3342107e+00   5.9188550e-03  -5.4326078e-03  -5.9532098e-03
   5.8912401e-02   6.8455403e-02   2.3280814e+00   3.9755202e-03  -5.1572368e-03  -6.5370285e-03
   8.5757902e-02  -9.8844906e-02   2.3113720e+00   4.7927506e-03  -6.0035982e-03  -6.2407598e-03
   4.8374929e-02   2.3356724e-02   2.3187453e+00   4.5513143e-03  -5.9593243e-03  -6.7059069e-03
   6.0962462e-02  -1.2918014e-02   2.2969445e+00   3.8301212e-03  -6.4193279e-03  -6.9182997e-03
   2.8138547e-02  -2.6594718e-02   2.2920495e+00   4.4640318e-03  -5.8925492e-03  -7.3843600e-03
   2.6213185e-02  -1.6135493e-02   2.3187766e+00   4.1366135e-03  -5.5861288e-03  -7.0013247e-03
   1.7167930e-02  -4.5976261e-02   2.2758006e+00   4.5957731e-03  -5.6136593e-03  -7.5147130e-03
   1.0538373e-02   9.8261963e-02   2.2723870e+00   3.6581419e-03  -5.5427979e-03  -7.4295418e-03
  -9.3984613e-03  -1.8436099e-01   2.2424080e+00   5.7997402e-03  -5.1459800e-03  -7.8368737e-03
  -5.9312403e-02  -1.0083779e-01   2.1391209e+00   6.1759053e-03  -4.1985873e-03  -8.1959626e-03
  -7.5106337e-02   3.3906342e-02   2.0075022e+00   6.4363178e-03  -4.1361003e-03  -7.9517757e-03
  -4.5647041e-02  -5.5968850e-02   1.9832317e+00   6.2324124e-03  -4.5982943e-03  -7.4943131e-03
  -5.1433303e-02   2.1670616e-02   2.0066987e+00   5.7278744e-03  -4.7406491e-03  -8.1401147e-03
  -4.7974115e-02  -8.1466625e-02   2.0570969e+00   6.5032816e-03  -4.9747908e-03  -8.0934255e-03
  -4.9686995e-02  -5.6188227e-03   2.0471789e+00   5.3638568e-03  -4.6098590e-03  -7.9012171e-03
  -6.7746887e-02  -2.2365622e-01   2.0213737e+00   6.7751059e-03  -4.5949974e-03  -8.2018534e-03
  -8.2984999e-02  -2.5425210e-02   2.0345693e+00   6.1927761e-03  -4.8640457e-03  -8.5461608e-03
  -8.2759249e-02  -1.9311542e-01   2.0233134e+00   7.0325222e-03  -5.2179521e-03  -8.3756868e-03
  -6.5255329e-02   1.7061805e-02   1.9860252e+00   5.6646827e-03  -5.5524718e-03  -8.4771057e-03
  -6.1851004e-02  -2.0389350e-01   2.0824602e+00   7.3447771e-03  -5.1162143e-03  -8.3962609e-03
  -1.0338781e-01  -4.5943424e-02   2.2348388e+00   7.6793904e-03  -3.9268074e-03  -8.3887420e-03
  -6.6062276e-02  -8.3550249e-02   2.1644048e+00   8.2105543e-03  -5.0850687e-03  -8.1731238e-03
  -6.2532339e-02  -2.1045360e-02   2.1900109e+00   7.5346667e-03  -5.3418625e-03  -7.8803504e-03
  -5.8616785e-02  -1.6448394e-01   2.1604644e+00   7.9367396e-03  -5.9509835e-03  -8.0259766e-03
  -7.0023335e-02  -3.0079280e-02   2.1310278e+00   7.6955342e-03  -5.8589025e-03  -7.8945972e-03
  -6.2925185e-02  -1.7379247e-01   2.1085090e+00   8.7328554e-03  -6.1407488e-03  -7.6094066e-03
  -7.8552112e-02  -2.1113788e-02   2.1342856e+00   7.0564239e-03  -6.0891938e-03  -7.7362941e-03
  -7.8942300e-02  -1.6761321e-01   2.1490001e+00   8.9791213e-03  -6.1323477e-03  -8.0866792e-03
  -5.1930114e-02  -1.0639901e-01   2.1853476e+00   8.2309961e-03  -6.2628998e-03  -6.1543388e-03
  -4.4112322e-02  -2.1783454e-01   2.1366646e+00   8.7412534e-03  -6.5615087e-03  -6.5901340e-03
  -2.2184269e-02  -1.5429358e-01   1.6816744e+00   1.1460195e-02  -5.1922577e-03  -6.7442842e-03
   3.4768711e-02  -1.9513884e-01   1.6776157e+00   1.3500672e-02  -6.1170788e-03  -6.4765917e-03
   5.3962543e-02  -1.5731240e-01   1.9925755e+00   1.1791162e-02  -5.7995336e-03  -5.1983848e-03
   6.7081123e-02  -3.1810844e-01   1.8730540e+00   1.3509357e-02  -6.3022785e-03  -4.2403496e-03
   5.3656929e-02  -2.8582314e-02   1.8441934e+00   1.2589482e-02  -6.2296529e-03  -4.3102537e-03
   2.9078842e-02  -2.5315566e-01   1.9098356e+00   1.3279624e-02  -6.1100498e-03  -5.0810146e-03
   4.2233785e-02  -3.0896696e-02   1.8805045e+00   1.1617457e-02  -6.4496012e-03  -5.0227611e-03
   4.1646223e-02  -2.1949887e-01   1.8911134e+00   1.2813360e-02  -6.4556069e-03  -5.4291067e-03
   3.1965858e-02  -8.0396318e-02   1.8906293e+00   1.2301466e-02  -6.6968557e-03  -5.8381630e-03
   3.5747469e-02  -3.6432136e-01   1.9127783e+00   1.3509194e-02  -6.9155646e-03  -5.9037047e-03
   3.2355221e-02  -4.4276680e-02   1.8675673e+00   1.2333615e-02  -7.4409656e-03  -6.6778236e-03
   1.0405446e-02  -3.2308074e-01   1.9264761e+00   1.4077076e-02  -7.1152128e-03  -6.9201508e-03
   2.6775145e-02  -1.0073631e-01   1.8915955e+00   1.3367554e-02  -7.5080284e-03  -6.2359198e-03
   1.8741103e-02  -2.6181128e-01   1.9506352e+00   1.3384138e-02  -7.3599334e-03  -5.9867129e-03
   2.6848303e-02  -4.5854579e-02   1.8847192e+00   1.2521368e-02  -7.7164588e-03  -6.1017025e-03
   1.7007773e-02  -2.1014098e-01   1.9349193e+00   1.2658500e-02  -7.6279747e-03  -6.2383880e-03
   4.4227314e-02  -1.3943074e-01   1.9915593e+00   1.1823036e-02  -7.8046404e-03  -5.7904948e-03
  -7.0625584e-03  -3.6401654e-01   1.2323679e+00   1.6939389e-02  -7.0964754e-03  -5.9341503e-03
  -1.1982099e-01  -8.0429676e-02   3.3844928e-01   1.6203088e-02  -6.1025143e-03  -5.4174403e-03
   3.4111233e-02  -4.7576233e-01   1.9595031e+00   1.2036952e-02  -7.8224495e-03  -5.4994131e-03
   5.1454139e-02   3.3532032e-02   2.0580400e+00   1.0696609e-02  -8.8110035e-03  -4.9298183e-03
   6.6546713e-03  -2.1254454e-01   2.1178085e+00   1.1555839e-02  -8.1823899e-03  -5.8530644e-03
   1.5477571e-02  -1.4590920e-02   2.1296079e+00   1.1250571e-02  -8.5431594e-03  -5.5564627e-03
   2.5347713e-02  -2.4262389e-01   2.1937111e+00   1.2261913e-02  -8.8031795e-03  -5.7377171e-03
   2.2236568e-02  -1.0425336e-01   2.2157771e+00   1.1539569e-02  -8.7798835e-03  -5.7225816e-03
   4.1688085e-02  -2.0075659e-01   2.2358896e+00   1.1500272e-02  -9.2781468e-03  -5.1466769e-03
   4.2278586e-02  -1.5120901e-01   2.2190880e+00   1.0463162e-02  -9.4487379e-03  -5.1283358e-03
   2.6390615e-02  -1.1897696e-01   2.1766614e+00   1.0633663e-02  -8.4105929e-03  -4.7566299e-03
   3.6140520e-02  -1.0967318e-01   2.2584438e+00   1.1079443e-02  -8.3728727e-03  -4.3780107e-03
   4.2578119e-02   5.0917851e-02   2.1666844e+00   1.0725137e-02  -9.1889531e-03  -5.2289442e-03
   5.6564995e-02  -4.6758826e-02   2.0964849e+00   1.1688483e-02  -9.4043166e-03  -5.5579536e-03
   4.1789670e-02  -1.6928411e-01   2.1552408e+00   1.0875537e-02  -9.1715124e-03  -5.1459810e-03
   2.6735684e-02  -1.4292139e-01   2.0425974e+00   1.2064796e-02  -8.8556647e-03  -5.3966776e-03
   1.7225937e-02  -2.3160974e-01   1.9921203e+00   1.3008025e-02  -9.2901079e-03  -5.3860186e-03
   3.8032661e-02  -1.5794863e-01   1.9708487e+00   1.3135184e-02  -9.8365952e-03  -5.5571441e-03
   1.3329167e-02  -7.1466098e-02   2.0765441e+00   1.2771459e-02  -9.2819870e-03  -5.4443119e-03
   3.7273114e-02  -1.5262947e-01   2.0966871e+00   1.3116649e-02  -9.5954957e-03  -5.4105613e-03
   4.4890488e-02  -1.0409239e-01   2.1696337e+00   1.1632778e-02  -9.7702837e-03  -4.9597591e-03
   5.3786773e-02  -2.0852098e-01   2.1215863e+00   1.2566775e-02  -1.0041780e-02  -5.4451704e-03
   3.0150324e-02  -8.8584767e-02   2.1890220e+00   1.2236807e-02  -9.5490952e-03  -5.9403873e-03
   3.7892788e-02  -1.8759293e-01   2.1524112e+00   1.2944731e-02  -1.0118075e-02  -6.1491232e-03
   4.2789775e-02  -7.5681645e-02   2.1673342e+00   1.2064014e-02  -1.0183749e-02  -5.6521682e-03
   4.9300217e-02  -9.4917104e-02   2.1286743e+00   1.2076092e-02  -1.0419924e-02  -5.5318720e-03
   2.9167954e-02  -5.8897471e-02   2.1538838e+00   1.2173993e-02  -1.0083825e-02  -5.8526459e-03
   4.5862126e-02  -1.3810345e-01   2.1589717e+00   1.2088336e-02  -1.0526679e-02  -5.0848307e-03
   5.9116760e-02   1.2563663e-02   2.2158019e+00   1.0632619e-02  -1.0359141e-02  -4.5798881e-03
   6.4611453e-02  -1.7221014e-01   2.1952483e+00   1.1768107e-02  -1.0691431e-02  -5.1908801e-03
   7.1497630e-02  -6.8825475e-02   2.1507859e+00   1.1407944e-02  -1.0839121e-02  -4.9854474e-03
   5.6585324e-02  -1.9369503e-01   2.1305627e+00   1.2754616e-02  -1.0722566e-02  -6.0711457e-03
   7.4023582e-02   7.7090195e-02   2.1971288e+00   1.1223019e-02  -1.0727164e-02  -4.9648278e-03
   9.4547711e-02  -9.8847904e-02   2.2746408e+00   1.1334365e-02  -1.0668505e-02  -4.9887326e-03
   9.3307931e-02   2.4249681e-02   2.2976297e+00   9.6611229e-03  -1.0425583e-02  -5.2474063e-03
   9.7251816e-02  -1.6789875e-01   2.2022231e+00   1.1078272e-02  -1.0722434e-02  -5.1678331e-03
   8.6477913e-02   4.9255134e-02   2.2048445e+00   1.1137902e-02  -1.0610355e-02  -5.6569815e-03
   8.8711734e-02  -9.3430519e-02   2.3012315e+00   1.2382291e-02  -1.0288766e-02  -5.1143607e-03
   9.3364438e-02   6.8775409e-02   2.3646549e+00   1.2196230e-02  -9.9244674e-03  -4.3406662e-03
   9.1939481e-02  -9.6317917e-02   2.2637385e+00   1.1599271e-02  -9.7979186e-03  -4.9719731e-03
   9.6368072e-02  -1.2977975e-02   2.2070552e+00   9.7470250e-03  -9.7200049e-03  -4.5876842e-03
   1.0649462e-01  -1.0903034e-01   2.1740565e+00   1.1140103e-02  -1.0121463e-02  -4.7085844e-03
   1.2501135e-01   4.2411379e-02   2.1322143e+00   1.1265360e-02  -1.0341429e-02  -4.2509277e-03
   1.0927794e-01  -1.0010054e-01   2.1455833e+00   1.2393228e-02  -1.0355211e-02  -4.7807790e-03
   9.2508692e-02  -2.9694291e-02   2.1605568e+00   1.1648827e-02  -1.0066505e-02  -5.7566904e-03
   1.3034586e-01  -1.2963020e-01   2.1487056e+00   1.1817561e-02  -1.0803071e-02  -4.6703020e-03
   1.1114887e-01   3.2844903e-02   2.1769510e+00   1.1606040e-02  -1.0265386e-02  -5.0394787e-03
   1.3082140e-01  -1.5596429e-01   2.2371263e+00   1.3096740e-02  -1.0610462e-02  -4.0765738e-03
   1.1423422e-01   6.5357596e-02   2.1961363e+00   1.2269390e-02  -1.0227962e-02  -4.0200936e-03
   1.0615523e-01  -1.4193349e-01   2.1962640e+00   1.2479913e-02  -1.0090274e-02  -5.0824284e-03
   1.4147538e-01   1.1586165e-02   2.1186223e+00   1.2574543e-02  -1.0725987e-02  -3.8076886e-03
   1.1755790e-01   2.9743481e-02   2.1244091e+00   1.2667507e-02  -1.0267235e-02  -4.7370635e-03
   1.4844404e-01  -4.6391133e-02   2.0846397e+00   1.2498972e-02  -1.0728783e-02  -3.9298529e-03
   1.1453060e-01  -7.0545505e-02   2.1245272e+00   1.2364212e-02  -1.0262027e-02  -4.7703890e-03
   1.2603136e-01  -1.0203466e-01   2.0402698e+00   1.3175970e-02  -1.0737921e-02  -4.6288769e-03
   1.0514455e-01  -3.4724481e-02   2.0928733e+00   1.2228540e-02  -1.0372869e-02  -4.5400338e-03
   1.1534616e-01  -1.5750771e-01   2.1101561e+00   1.3328122e-02  -1.0607304e-02  -5.2090137e-03
   1.1091310e-01   4.1561636e-02   2.1300839e+00   1.5055485e-02  -1.0648462e-02  -4.9837785e-03
   1.3628774e-01  -1.5641533e-01   2.1978543e+00   1.5634702e-02  -1.0800311e-02  -4.0732351e-03
   1.0913336e-01  -7.2972728e-02   1.9329623e+00   1.6270471e-02  -1.0602103e-02  -4.2779782e-03
   1.0632374e-01  -2.0507059e-01   2.1730116e+00   1.6611906e-02  -1.0832075e-02  -4.6610767e-03
   1.1711225e-01  -2.8510278e-01   2.4351588e+00   2.0017008e-02  -1.1012419e-02  -4.8314868e-03
   1.0809142e-01  -1.0361558e-01   2.4189343e+00   1.8301282e-02  -1.0945370e-02  -4.4846904e-03
   1.1172458e-01  -2.9501884e-01   2.7300171e+00   1.7886982e-02  -7.0561844e-03  -3.1281854e-03
   1.6669262e-01  -1.8334432e-01   2.5778026e+00   1.7918348e-02  -8.4021814e-03  -2.5971843e-03
   1.3365018e-01  -2.7323001e-02   2.5459764e+00   1.8364435e-02  -8.4036380e-03  -3.3846627e-03
   1.6136214e-01  -1.8294616e-01   2.5790817e+00   1.8392879e-02  -8.7768664e-03  -3.1094079e-03
   1.5541740e-01  -3.7691839e-02   2.6783330e+00   1.8316397e-02  -8.6385055e-03  -2.8260299e-03
   1.4923622e-01  -9.9247492e-02   2.6969419e+00   1.7372343e-02  -8.7819558e-03  -3.2281042e-03
   1.4097495e-01  -1.1570383e-01   2.6435341e+00   1.7515588e-02  -9.0506353e-03  -3.7190762e-03
   1.2658736e-01  -2.3501492e-01   2.5232561e+00   1.9388485e-02  -9.3257070e-03  -4.4278275e-03
   1.2607822e-01  -4.7835885e-02   2.5209483e+00   1.8544390e-02  -9.4013335e-03  -3.9049688e-03
   1.4068937e-01  -1.4300129e-01   2.5113452e+00   1.9873356e-02  -9.9674985e-03  -3.4508445e-03
   1.2774324e-01  -1.7893532e-02   2.5911977e+00   1.9958339e-02  -9.5772474e-03  -3.8046933e-03
   1.4763290e-01  -1.1475204e-01   2.6350285e+00   2.0420969e-02  -9.8868586e-03  -2.9384225e-03
   1.3701940e-01  -1.3530941e-02   2.6268127e+00   1.9238584e-02  -9.7886184e-03  -3.9056950e-03
   1.5100980e-01  -1.9051671e-01   2.6138870e+00   2.0591118e-02  -1.0101824e-02  -3.0269206e-03
   1.8016893e-01  -9.3414034e-02   2.5954335e+00   2.1018898e-02  -1.0853065e-02  -2.7417637e-03
   1.8234226e-01  -1.7954569e-01   2.5909778e+00   2.0898072e-02  -1.0954353e-02  -3.0599990e-03
   1.5131296e-01  -2.3242591e-02   2.6350634e+00   2.3437667e-02  -1.0691840e-02  -3.3303078e-03
   1.6546916e-01  -1.9824298e-01   2.5634161e+00   2.4289300e-02  -1.1245547e-02  -3.6645335e-03
   1.4524161e-01  -9.3270966e-02   2.2635278e+00   2.4231319e-02  -1.1375482e-02  -2.8379118e-03
   2.2991654e-02  -4.0155311e-01   1.3289665e+00   2.9615249e-02  -8.4122756e-03  -3.4623207e-03
   5.6953967e-02  -4.4645585e-01   1.3061279e+00   2.9390108e-02  -7.0445747e-03  -1.4280808e-03
   2.0291293e-02  -7.7110418e-01   1.3654480e+00   3.1106047e-02  -2.4466246e-03  -2.8527073e-04
  -7.5754988e-02  -4.2105171e-02   1.2534416e+00   2.5975171e-02  -9.8578839e-04   4.7471956e-04
  -5.0094187e-02  -5.3305863e-01   1.3574290e+00   2.7033344e-02  -1.5324093e-03   5.1266148e-04
  -7.7615344e-03  -6.1949011e-01   1.3783778e+00   2.7455531e-02  -2.3289594e-03   4.7282423e-04
  -4.9263405e-02  -5.0613500e-01   1.4780617e+00   2.7288355e-02  -1.8857697e-03   4.0125659e-04
  -8.0298684e-03  -4.9158671e-01   1.4044783e+00   2.6826154e-02  -2.7408136e-03   3.4824805e-04
  -5.7677885e-02  -5.6081836e-01   1.4433446e+00   2.8127986e-02  -2.2992402e-03  -1.2426931e-04
  -3.3287122e-02  -5.0457046e-01   1.4165465e+00   2.7244629e-02  -2.6483053e-03  -3.5596583e-04
  -9.4683691e-04  -5.5959800e-01   1.9174393e+00   2.5230660e-02  -3.0761836e-03  -1.3870597e-04
   3.0208479e-03  -3.7591698e-01   1.9141364e+00   2.4943958e-02  -3.5210868e-03  -4.4538920e-04
  -6.8946592e-03  -5.3804500e-01   1.9674661e+00   2.5016653e-02  -3.4897309e-03  -1.9587020e-04
  -2.7713822e-02  -3.3933896e-01   1.8787612e+00   2.5143951e-02  -3.5813095e-03  -9.2713099e-04
  -4.2765297e-02  -5.4123436e-01   1.8956698e+00   2.5322101e-02  -3.3930141e-03  -9.4290119e-04
  -2.5402013e-02  -3.5402068e-01   1.8073446e+00   2.5332447e-02  -4.1896046e-03  -1.0210054e-03
  -4.6581990e-02  -4.6879932e-01   1.8757256e+00   2.5676868e-02  -4.1002816e-03  -1.1361200e-03
  -2.7879217e-02  -4.5997252e-01   1.8963484e+00   2.6383068e-02  -4.5663527e-03  -1.3197328e-03
  -4.7859072e-02  -3.3731356e-01   2.0506386e+00   2.4407088e-02  -4.9001153e-03  -2.1809449e-03
  -7.8452943e-02  -4.1250479e-01   2.1578825e+00   2.3875857e-02  -5.2314298e-03  -2.1032889e-03
  -1.3151808e-01  -3.4319371e-01   2.2037046e+00   2.3332302e-02  -4.8996367e-03  -3.2843746e-03
  -9.0870158e-02  -4.1473538e-01   2.1259953e+00   2.4791644e-02  -5.5943376e-03  -2.3279901e-03
  -5.3662596e-02  -3.3534877e-01   2.0897337e+00   2.3747896e-02  -5.9187538e-03  -2.0364990e-03
  -3.7828733e-02  -4.9929323e-01   1.9860458e+00   2.6960136e-02  -5.7002270e-03  -1.6525916e-03
  -4.0964055e-02  -4.9754975e-01   1.8357215e+00   3.0293032e-02  -5.1816831e-03  -1.8579967e-03
  -7.1158406e-02  -4.6863130e-01   1.7112153e+00   2.8960549e-02  -4.7070262e-03  -2.0077071e-03
  -5.7980679e-02  -5.0814790e-01   1.8836967e+00   2.7871483e-02  -4.7939875e-03  -1.5025195e-03
