   0.0000000e+00   0.0000000e+00   0.0000000e+00   0.0000000e+00   0.0000000e+00   0.0000000e+00
   3.2813125e-02  -8.9221659e-02   3.0357254e-02   3.3752329e-04  -5.3046852e-04  -1.1159967e-04
   5.3331673e-02  -3.5548176e-02   6.0224373e-02  -6.0103108e-05  -6.9903401e-04  -4.8156682e-04
   6.1330446e-02  -3.7722141e-02  -1.0873547e-02   1.1533243e-04  -7.4135759e-04  -2.7525857e-04
   5.5813885e-02  -5.9297837e-02   9.3951153e-02  -1.6824791e-04  -8.3259831e-04  -1.8949001e-04
   7.8094260e-02  -1.3353197e-01   5.8666823e-02  -1.1764851e-04  -9.2428159e-04  -5.7450140e-04
   9.3555415e-02  -2.1543447e-01  -4.4314769e-03   1.4275100e-03  -1.0600037e-03  -7.5459328e-04
   8.1247495e-02  -1.2853562e-01   8.5848413e-02   1.0483018e-03  -1.0600700e-03  -5.8472021e-04
   1.1056985e-01  -7.1669819e-02   3.6529460e-02   4.4020971e-04  -1.2466354e-03  -5.8460770e-04
   8.9403600e-02  -2.6616367e-01   3.7049321e-02   2.1959783e-03  -1.1609521e-03  -5.0064893e-04
   8.9253546e-02  -1.4479076e-01   4.4792716e-02   1.1219482e-03  -1.0871819e-03  -3.0805267e-04
   1.2242910e-01  -1.5360325e-01   3.5108961e-02   7.1006002e-04  -1.4111556e-03  -5.5610851e-04
   1.2611456e-01  -2.9696594e-01   2.6043938e-02   2.4566656e-03  -1.4410961e-03  -4.1667246e-04
   1.2453936e-01   2.0590961e-03  -7.5580744e-03   8.6282898e-04  -1.3504442e-03  -7.5600174e-04
   1.0273054e-01  -8.1455089e-02  -5.8251473e-02   7.1605180e-04  -1.0899817e-03  -7.7341394e-04
   1.0158744e-01  -3.1304217e-01   2.5360930e-02   2.1966465e-03  -1.2220385e-03  -1.0291395e-03
   1.4798752e-01  -1.0455316e-01  -4.0583909e-02   8.9904451e-04  -1.5758098e-03  -8.1981481e-04
   1.2385948e-01  -2.7391730e-01  -3.6685057e-02   2.0084812e-03  -1.3981846e-03  -8.2256270e-04
   1.4465580e-01  -1.6044488e-01  -1.4859542e-02   1.6491730e-03  -1.5629156e-03  -1.3440093e-03
   1.1129625e-01  -1.4703871e-01  -1.3706187e-01   1.7419474e-03  -9.7821381e-04  -8.1900094e-04
   9.7496987e-02   1.1968748e-02  -1.7936669e-01   9.3500026e-04  -5.9835700e-04  -9.4847902e-04
   1.7313222e-01  -2.3666083e-01  -1.0670091e-01   2.1850605e-03  -1.4779639e-03  -1.2838420e-03
   1.9944793e-01  -3.0031602e-01  -6.8544692e-02   3.1083797e-03  -1.8144546e-03  -1.2014150e-03
   1.9387635e-01  -2.6525938e-01  -9.2619625e-02   2.8199172e-03  -1.6891716e-03  -9.7075204e-04
   1.7643178e-01  -3.3187069e-01  -1.3745746e-01   3.7454657e-03  -1.4175005e-03  -1.1835930e-03
   1.8527913e-01  -3.9052787e-01  -1.4888670e-01   4.2928612e-03  -1.4424915e-03  -1.0121713e-03
   2.1153381e-01  -6.9106737e-01  -9.7272029e-02   7.1099586e-03  -1.7886613e-03  -1.2323103e-03
   1.6426311e-01  -5.9928047e-01  -1.7652467e-01   6.2099598e-03  -1.4292262e-03  -1.2198758e-03
   1.7191429e-01  -7.7855243e-01  -2.0532455e-01   7.3363629e-03  -1.4864394e-03  -8.9435430e-04
   2.0656900e-01  -7.3466908e-01  -1.7065255e-01   7.9477052e-03  -1.7155817e-03  -1.2972442e-03
   2.0304995e-01  -7.1161088e-01  -2.2347934e-01   7.7484940e-03  -1.4949098e-03  -9.5971610e-04
   2.0156426e-01  -8.1497767e-01  -2.2121771e-01   8.1815301e-03  -1.5826003e-03  -9.1795791e-04
   2.2836659e-01  -6.7184904e-01  -1.9376911e-01   7.5781074e-03  -1.7324577e-03  -1.0464980e-03
   2.1569564e-01  -7.1893364e-01  -4.0675022e-02   6.7189377e-03  -1.5592610e-03  -1.0633976e-03
   1.7600844e-01  -8.3838040e-01  -6.5632893e-02   8.0975545e-03  -1.3265913e-03  -7.8102363e-04
   2.0438844e-01  -8.4428300e-01  -8.0851627e-02   8.8102613e-03  -1.4965888e-03  -5.4861558e-04
   2.4372851e-01  -1.0117191e+00  -4.5816623e-02   1.0193011e-02  -1.7861648e-03  -2.3584697e-04
   2.5977359e-01  -8.9847973e-01  -9.4301995e-02   9.6045905e-03  -1.8960418e-03  -2.9531745e-05
   2.4048995e-01  -1.0080578e+00  -7.0306409e-02   1.0245652e-02  -1.7708683e-03  -6.0551725e-05
   2.9555488e-01  -9.5723811e-01  -5.4441932e-02   9.9511592e-03  -2.1673194e-03   9.3585362e-05
   2.7347416e-01  -1.0046184e+00  -9.5268302e-02   9.9657822e-03  -1.9422757e-03  -1.0451144e-04
   2.8463121e-01  -1.0165300e+00  -7.9261154e-02   1.0287015e-02  -2.0949267e-03   1.5952615e-04
   2.8919660e-01  -8.8194262e-01  -1.0136557e-01   9.6002248e-03  -2.0519549e-03   4.9968464e-05
   2.9479416e-01  -1.1684148e+00  -1.1474762e-01   1.0859831e-02  -2.1554242e-03   9.8548051e-05
   2.4681067e-01  -9.8553348e-01  -1.1214324e-01   1.0374107e-02  -1.6515857e-03  -3.7258576e-05
   2.9080348e-01  -9.9329309e-01  -1.5224743e-01   1.0139963e-02  -1.8751139e-03  -4.4108633e-05
   2.7399717e-01  -1.1872683e+00  -1.5258143e-01   1.2051890e-02  -1.7175091e-03   9.1818805e-05
   2.6154200e-01  -1.1007227e+00  -8.7846815e-02   1.0985478e-02  -1.6444457e-03  -2.1325998e-05
   2.4147223e-01  -1.0811272e+00  -1.1948221e-01   1.0773847e-02  -1.4115018e-03  -8.2436859e-05
   2.4523676e-01  -1.2199148e+00  -1.6198679e-01   1.2301752e-02  -1.4187753e-03   1.0326156e-05
   2.3263641e-01  -1.1366153e+00  -1.5980823e-01   1.1924642e-02  -1.3222298e-03   1.0755426e-05
   2.3181563e-01  -1.0187716e+00  -2.1922796e-01   1.1020064e-02  -1.2362723e-03   2.1493801e-04
   2.1244765e-01  -1.2310364e+00  -2.1801620e-01   1.2549327e-02  -1.1268530e-03  -1.1224713e-04
   2.2728570e-01  -1.1518960e+00  -2.3646417e-01   1.2650878e-02  -1.2896691e-03   5.3634621e-05
   1.9262296e-01  -9.8956372e-01  -2.5858544e-01   1.1277064e-02  -9.3535646e-04  -2.2441832e-04
   1.8042726e-01  -1.2161470e+00  -2.6776312e-01   1.2508451e-02  -8.0129478e-04  -4.6124640e-06
   1.9253229e-01  -1.2705237e+00  -2.5056019e-01   1.3146089e-02  -8.9870470e-04   4.8709042e-05
   1.9667755e-01  -1.0637060e+00  -2.4255275e-01   1.1622085e-02  -9.0697471e-04   3.0764808e-05
   1.9577657e-01  -1.2672161e+00  -2.7323093e-01   1.2924589e-02  -9.2196224e-04  -6.4886609e-05
   2.1971129e-01  -1.2534975e+00  -2.6269122e-01   1.3103976e-02  -1.1297920e-03   3.9930557e-04
   1.8824743e-01  -1.0393514e+00  -2.5290054e-01   1.1837790e-02  -8.2457565e-04  -4.2783138e-05
   1.8331621e-01  -1.2487383e+00  -2.7121521e-01   1.2719383e-02  -7.8371394e-04   2.5589397e-06
   2.2373627e-01  -1.2410406e+00  -2.8189055e-01   1.3516362e-02  -1.1348408e-03   1.2654651e-04
   2.0621076e-01  -1.1067729e+00  -2.7416103e-01   1.2121627e-02  -9.1702879e-04   7.9665591e-05
   2.4145402e-01  -1.2715078e+00  -2.7471431e-01   1.3081561e-02  -1.2561380e-03   1.3474251e-04
   1.9996952e-01  -1.3633779e+00  -2.9300362e-01   1.3947165e-02  -9.5019063e-04   1.1110240e-05
   1.6661556e-01  -1.2055953e+00  -3.0373405e-01   1.2728252e-02  -5.5763669e-04  -3.5894057e-04
   1.9533999e-01  -1.1347667e+00  -2.5748437e-01   1.2011769e-02  -9.0101689e-04  -5.7947007e-04
   1.8942085e-01  -1.2976079e+00  -2.9188420e-01   1.3572082e-02  -8.2472594e-04  -5.9477663e-04
   1.4349189e-01  -1.2847504e+00  -2.5097650e-01   1.3905338e-02  -6.7304209e-04  -4.9488926e-04
   1.4300561e-01  -1.2454670e+00  -2.7261266e-01   1.2829074e-02  -6.2238094e-04  -1.0534642e-03
   1.8575684e-01  -1.2606446e+00  -2.9943056e-01   1.2958013e-02  -9.7908457e-04  -7.1733540e-04
   2.0591814e-01  -1.4032966e+00  -3.1623010e-01   1.4602754e-02  -1.1970918e-03  -8.1962488e-05
   1.8281942e-01  -1.2883499e+00  -2.2196028e-01   1.3659288e-02  -1.0890045e-03  -3.4740283e-04
   1.8857964e-01  -1.2320737e+00  -3.5399783e-01   1.3632706e-02  -9.5214333e-04  -4.7352610e-04
   1.9575215e-01  -1.4119027e+00  -2.4750433e-01   1.4549278e-02  -1.2291091e-03  -6.1623799e-04
   1.9250032e-01  -1.3916383e+00  -2.2271949e-01   1.3907815e-02  -1.2734800e-03  -4.3177106e-04
   1.6650588e-01  -1.2906074e+00  -3.0893905e-01   1.3774395e-02  -8.5757269e-04  -6.8851694e-04
   1.8895364e-01  -1.4744270e+00  -2.7922174e-01   1.5120574e-02  -1.0976382e-03  -3.2276331e-04
   1.8193353e-01  -1.3707917e+00  -2.5125153e-01   1.4727090e-02  -1.0176813e-03  -2.4874623e-04
   1.7200748e-01  -1.4224490e+00  -2.9879545e-01   1.4490136e-02  -8.5815232e-04  -3.1184382e-04
   1.9683160e-01  -1.4673149e+00  -2.5639184e-01   1.5018027e-02  -1.1699542e-03  -2.8189370e-04
   1.7593044e-01  -1.4176406e+00  -2.5554348e-01   1.4673874e-02  -9.6624129e-04  -1.9425953e-04
   1.9159969e-01  -1.4413531e+00  -3.2293060e-01   1.4733238e-02  -8.8375751e-04  -7.8612197e-05
   1.6865057e-01  -1.4655479e+00  -2.8886836e-01   1.5201894e-02  -6.9531060e-04  -1.6375430e-04
   2.0445629e-01  -1.4655070e+00  -2.5204534e-01   1.5256291e-02  -1.0805717e-03  -3.2551962e-04
   1.9265598e-01  -1.4735048e+00  -3.5557088e-01   1.5587281e-02  -8.8638467e-04  -4.3741536e-04
   1.7010186e-01  -1.4516270e+00  -4.5582939e-01   1.5718361e-02  -7.3596815e-04  -5.3050709e-04
   1.9605028e-01  -1.4783605e+00  -1.7551562e-01   1.5321389e-02  -1.1687603e-03  -8.0220257e-04
   1.8735567e-01  -1.6615379e+00  -2.1056878e-01   1.6438997e-02  -1.1260230e-03  -9.2741918e-04
   1.9269516e-01  -1.5944100e+00  -2.8413653e-01   1.6908786e-02  -1.2002780e-03  -6.7406149e-04
   1.4085180e-01  -1.5075751e+00  -2.7192912e-01   1.6619206e-02  -8.4033404e-04  -1.5211220e-03
   1.8646715e-01  -1.7209106e+00  -3.0033055e-01   1.7908152e-02  -1.1521962e-03  -1.1888508e-03
   1.8934086e-01  -1.8439000e+00  -3.2932483e-01   1.9066387e-02  -1.1377155e-03  -9.5612361e-04
   2.1164079e-01  -1.8120418e+00  -2.8882107e-01   1.8988151e-02  -1.4478674e-03  -1.0553644e-03
   1.8825694e-01  -1.8206191e+00  -2.8878359e-01   1.9125073e-02  -1.2169975e-03  -1.0626747e-03
   1.9057676e-01  -1.8699131e+00  -3.6876481e-01   1.9768394e-02  -1.0643279e-03  -7.0190125e-04
   2.0373073e-01  -1.8886479e+00  -4.0672699e-01   2.0556434e-02  -1.0825768e-03  -6.8287212e-04
   2.0718725e-01  -1.9819682e+00  -3.3135536e-01   2.1176805e-02  -1.3502268e-03  -5.0775592e-04
   2.2086610e-01  -1.8790771e+00  -4.2921264e-01   2.0182135e-02  -1.2649668e-03  -5.8840462e-04
   1.8586947e-01  -2.0784151e+00  -3.4874555e-01   2.1189955e-02  -1.1040860e-03  -7.5398329e-04
   2.0447717e-01  -1.9213340e+00  -3.6308802e-01   2.0659364e-02  -1.3077152e-03  -9.1951433e-04
   2.4242321e-01  -1.9984637e+00  -4.0187386e-01   2.0977758e-02  -1.6594860e-03  -5.4056226e-04
   1.9162066e-01  -1.9510564e+00  -3.7221379e-01   2.0954060e-02  -1.2980436e-03  -1.0051652e-03
   2.2274642e-01  -1.9341774e+00  -4.0443322e-01   2.0888080e-02  -1.4281717e-03  -9.6395683e-04
   2.0505333e-01  -2.2151179e+00  -4.4492305e-01   2.3059340e-02  -1.1167507e-03  -7.0200618e-04
   1.9870437e-01  -2.1865609e+00  -4.1457820e-01   2.3456867e-02  -1.0115904e-03  -4.7251170e-04
   2.0965908e-01  -2.2312578e+00  -4.5314119e-01   2.3163555e-02  -9.7009497e-04  -8.8391767e-04
   2.0386534e-01  -2.3728156e+00  -4.8398390e-01   2.5438869e-02  -9.5286631e-04  -6.3232632e-04
   2.1194810e-01  -2.2782202e+00  -4.0929107e-01   2.4116231e-02  -1.1672326e-03  -5.2904665e-04
   1.8620974e-01  -2.3000693e+00  -4.6832495e-01   2.3922588e-02  -8.7892133e-04  -6.7682435e-04
   1.9918868e-01  -2.4080390e+00  -5.3639228e-01   2.5727836e-02  -9.8510004e-04  -6.9464069e-04
   2.0287317e-01  -2.3465776e+00  -4.7808687e-01   2.5095846e-02  -1.1571760e-03  -7.3803207e-04
   1.8970550e-01  -2.3712394e+00  -5.0999625e-01   2.5063020e-02  -9.9538821e-04  -6.7887113e-04
   2.0053885e-01  -2.4379509e+00  -5.5833906e-01   2.5642267e-02  -1.0364713e-03  -8.9500373e-04
   1.6919559e-01  -2.4245870e+00  -4.6679125e-01   2.5784020e-02  -9.6392633e-04  -8.9978754e-04
   1.8395981e-01  -2.3660501e+00  -4.7413035e-01   2.4688813e-02  -1.1465738e-03  -8.3881910e-04
   1.4726288e-01  -2.4052810e+00  -5.2402650e-01   2.4965394e-02  -6.9593532e-04  -7.7644306e-04
   1.7624460e-01  -2.4183871e+00  -5.7275830e-01   2.5804135e-02  -9.3565704e-04  -1.0732152e-03
   1.6682804e-01  -2.4575484e+00  -5.0123043e-01   2.5674308e-02  -1.1390771e-03  -9.4033874e-04
   1.1790229e-01  -2.3936415e+00  -5.7553114e-01   2.4890289e-02  -5.6810119e-04  -1.3689906e-03
   1.5191758e-01  -2.4589571e+00  -6.0493445e-01   2.5867652e-02  -9.0313737e-04  -1.1937834e-03
   1.4331570e-01  -2.3540844e+00  -5.6714451e-01   2.5652299e-02  -9.4192290e-04  -1.0824182e-03
   1.8293227e-01  -2.3328720e+00  -5.6902753e-01   2.5131886e-02  -1.1408903e-03  -1.4443443e-03
   1.6325938e-01  -2.4516002e+00  -6.1836980e-01   2.6240243e-02  -1.0106874e-03  -1.3088127e-03
   1.4998289e-01  -2.3415162e+00  -5.6206265e-01   2.5665801e-02  -1.1102685e-03  -1.6439027e-03
   1.4080089e-01  -2.4002119e+00  -5.6184355e-01   2.5313589e-02  -1.0276228e-03  -1.4414102e-03
   1.3213230e-01  -2.3932605e+00  -6.4670390e-01   2.5978969e-02  -8.5726867e-04  -1.9311831e-03
   1.2254606e-01  -2.5311380e+00  -5.3091432e-01   2.6941679e-02  -1.0723137e-03  -1.7502806e-03
   1.3369060e-01  -2.3722619e+00  -5.7471027e-01   2.5499140e-02  -9.0857834e-04  -1.0944956e-03
   1.1154264e-01  -2.4329050e+00  -6.5956267e-01   2.6135898e-02  -6.8324421e-04  -1.1358260e-03
   1.1278690e-01  -2.4681739e+00  -5.6158636e-01   2.6326883e-02  -8.6131352e-04  -1.4627630e-03
   9.9418474e-02  -2.4574261e+00  -5.9089277e-01   2.5909096e-02  -5.7549988e-04  -1.3623073e-03
   9.3690223e-02  -2.5232644e+00  -6.5497893e-01   2.6684553e-02  -4.6268619e-04  -1.7533839e-03
   1.2641925e-01  -2.3398394e+00  -5.0518367e-01   2.5463065e-02  -9.8486156e-04  -1.8969237e-03
   1.1366177e-01  -2.4179245e+00  -5.3798660e-01   2.5782299e-02  -8.5162481e-04  -1.9261056e-03
   1.1239452e-01  -2.5230434e+00  -5.7915008e-01   2.6834944e-02  -8.8704427e-04  -2.0265057e-03
   9.6343670e-02  -2.3740282e+00  -5.4456620e-01   2.5771507e-02  -8.5083545e-04  -2.0997347e-03
   1.2736140e-01  -2.5158677e+00  -5.4782269e-01   2.6595638e-02  -1.0793590e-03  -1.6748325e-03
   1.1326574e-01  -2.4735279e+00  -5.8484743e-01   2.6880846e-02  -1.0534765e-03  -1.9395980e-03
   9.4192439e-02  -2.4148470e+00  -5.2170195e-01   2.6055265e-02  -8.8152194e-04  -2.0505486e-03
   7.1145679e-02  -2.5790781e+00  -5.1346250e-01   2.6809651e-02  -6.6474827e-04  -2.0488840e-03
   1.2382862e-01  -2.6500573e+00  -5.3770846e-01   2.7744013e-02  -1.2151772e-03  -1.7273875e-03
   8.2287042e-02  -2.3419016e+00  -5.8903972e-01   2.5900250e-02  -7.7833225e-04  -2.2465607e-03
   1.0258201e-01  -2.5508377e+00  -5.7177593e-01   2.6827617e-02  -9.0393056e-04  -2.0568142e-03
   1.2567724e-01  -2.5544870e+00  -5.9649560e-01   2.7109127e-02  -1.1346960e-03  -1.9905997e-03
   8.8961971e-02  -2.4733246e+00  -5.4525852e-01   2.6582800e-02  -1.0337246e-03  -2.2445906e-03
   9.6692128e-02  -2.5957967e+00  -5.6022957e-01   2.7029619e-02  -9.6622342e-04  -2.0501227e-03
   9.5354989e-02  -2.6436833e+00  -5.9785738e-01   2.7758870e-02  -9.6341007e-04  -2.2374788e-03
   1.0348485e-01  -2.5437531e+00  -5.6514041e-01   2.7146915e-02  -1.0704737e-03  -2.3095800e-03
   1.0062102e-01  -2.6213471e+00  -6.1544122e-01   2.7872275e-02  -9.6500200e-04  -2.2560875e-03
   1.0464438e-01  -2.6192099e+00  -5.5477393e-01   2.8025884e-02  -1.0883110e-03  -2.2112154e-03
   1.4398283e-01  -2.5718114e+00  -5.4850600e-01   2.7447244e-02  -1.3196775e-03  -2.3500183e-03
   1.0562945e-01  -2.7109719e+00  -5.5440744e-01   2.8721578e-02  -1.1783447e-03  -2.3233078e-03
   7.5795586e-02  -2.8087568e+00  -5.4096782e-01   2.9576997e-02  -1.0360432e-03  -2.3727129e-03
   9.4285636e-02  -2.6458029e+00  -6.0323906e-01   2.8534798e-02  -9.9866014e-04  -2.7183561e-03
   8.9280216e-02  -2.8723586e+00  -5.9462470e-01   3.0252497e-02  -1.1277048e-03  -2.4907561e-03
   1.1449654e-01  -2.7112534e+00  -5.4095490e-01   2.9065222e-02  -1.4586809e-03  -2.4796924e-03
   1.3987324e-01  -2.6768764e+00  -6.0904974e-01   2.8685219e-02  -1.5385267e-03  -2.5668940e-03
   1.1981122e-01  -2.8844847e+00  -5.3380117e-01   3.0565533e-02  -1.7133113e-03  -2.6201695e-03
   1.1953689e-01  -2.8243342e+00  -5.5279713e-01   2.9599422e-02  -1.5646214e-03  -2.3446989e-03
   1.6025488e-01  -2.8871049e+00  -5.9007002e-01   3.0537333e-02  -1.8422915e-03  -2.1706049e-03
   1.4676137e-01  -2.8500916e+00  -5.1975928e-01   3.0391273e-02  -1.9436492e-03  -2.1684999e-03
   1.6288131e-01  -2.9518111e+00  -5.6924030e-01   3.0936416e-02  -1.9169217e-03  -1.9648544e-03
   1.5293587e-01  -3.0526991e+00  -5.9111752e-01   3.2419800e-02  -2.1744091e-03  -2.0444307e-03
   1.1523562e-01  -2.9817977e+00  -5.2739660e-01   3.2120935e-02  -1.9432369e-03  -2.6289323e-03
   1.2984257e-01  -2.8849864e+00  -6.0733149e-01   3.1323189e-02  -1.7733679e-03  -2.5571975e-03
   1.4749416e-01  -3.1700503e+00  -5.8696232e-01   3.3666594e-02  -1.9930368e-03  -2.6629363e-03
   1.5502937e-01  -3.1431492e+00  -5.4368353e-01   3.3414377e-02  -2.2342047e-03  -2.8324517e-03
   1.4925296e-01  -3.1504294e+00  -5.9347007e-01   3.3840507e-02  -2.0376374e-03  -2.5096110e-03
   1.5044507e-01  -3.2873212e+00  -5.8948580e-01   3.5188414e-02  -2.1856268e-03  -2.4942027e-03
   1.6149028e-01  -3.0367859e+00  -5.6731816e-01   3.3406827e-02  -2.2671681e-03  -2.7618686e-03
   1.7020758e-01  -3.1620033e+00  -6.5806417e-01   3.3961806e-02  -2.1519567e-03  -2.6651549e-03
   1.5474546e-01  -3.1692391e+00  -5.8828792e-01   3.4149416e-02  -2.2225397e-03  -2.8230549e-03
   1.6401498e-01  -3.2047019e+00  -5.8490613e-01   3.3890845e-02  -2.2287925e-03  -2.6802227e-03
   1.6733339e-01  -3.3216519e+00  -5.6596046e-01   3.5187618e-02  -2.4004633e-03  -2.5782001e-03
   1.3003089e-01  -3.1646919e+00  -5.7430370e-01   3.4110991e-02  -2.2205063e-03  -2.9337860e-03
   1.6443221e-01  -3.2236869e+00  -6.2808127e-01   3.4535155e-02  -2.4748285e-03  -3.1019684e-03
   1.4791684e-01  -3.3271388e+00  -5.5141009e-01   3.4836449e-02  -2.6830417e-03  -3.3427797e-03
   1.6430462e-01  -3.2008350e+00  -6.0989396e-01   3.4334313e-02  -2.6658189e-03  -3.2335749e-03
   1.9114502e-01  -3.3040737e+00  -6.0889875e-01   3.5420997e-02  -2.9146235e-03  -3.1738606e-03
   1.4200430e-01  -3.2138347e+00  -5.5807604e-01   3.4528970e-02  -2.5841754e-03  -3.7286696e-03
   1.9342671e-01  -3.2139873e+00  -6.1793603e-01   3.4297841e-02  -2.9780907e-03  -3.1817068e-03
   1.6261927e-01  -3.3326647e+00  -5.6522548e-01   3.5365127e-02  -2.8178984e-03  -4.0171698e-03
   1.8630651e-01  -3.2235591e+00  -5.5932174e-01   3.4704502e-02  -3.0647377e-03  -3.5826809e-03
   1.4745478e-01  -3.3101054e+00  -5.9247251e-01   3.5083681e-02  -2.7368650e-03  -4.1356896e-03
   1.7486965e-01  -3.2810932e+00  -5.5942389e-01   3.5412767e-02  -3.1081019e-03  -4.1367822e-03
   1.7093137e-01  -3.3306901e+00  -5.4219448e-01   3.5000347e-02  -3.0381291e-03  -4.0166857e-03
   1.5466466e-01  -3.2561190e+00  -5.8997757e-01   3.4886302e-02  -2.7183169e-03  -3.8523493e-03
   1.4802744e-01  -3.2366174e+00  -5.7873968e-01   3.4979415e-02  -2.7984926e-03  -4.2729033e-03
   1.4996697e-01  -3.3108091e+00  -5.4286822e-01   3.4870318e-02  -2.9324727e-03  -4.3803250e-03
   1.4304162e-01  -3.3008345e+00  -5.9567996e-01   3.5087828e-02  -2.6662109e-03  -4.5006569e-03
   1.7674820e-01  -3.3398156e+00  -5.1720774e-01   3.5489466e-02  -3.2246261e-03  -4.3544153e-03
   1.4336559e-01  -3.2512549e+00  -5.2127569e-01   3.4510610e-02  -3.0166633e-03  -4.2198646e-03
   2.1358896e-01  -3.2908932e+00  -8.6635600e-01   3.6031297e-02  -3.2958279e-03  -4.2960377e-03
   1.6703461e-01  -3.2921959e+00  -6.6118183e-01   3.5790492e-02  -3.2915239e-03  -4.7935246e-03
   1.2111640e-01  -3.3222637e+00  -5.8320366e-01   3.5561872e-02  -3.1324446e-03  -4.8443695e-03
   1.7271418e-01  -3.2808259e+00  -6.5141962e-01   3.5455902e-02  -3.3733425e-03  -4.9717592e-03
   1.5771184e-01  -3.4808258e+00  -6.5346001e-01   3.6794508e-02  -3.2866809e-03  -5.1536522e-03
   1.7921844e-01  -3.4303589e+00  -6.0563778e-01   3.6168863e-02  -3.6756832e-03  -5.2135293e-03
   1.8451090e-01  -3.3931300e+00  -6.3265232e-01   3.5705531e-02  -3.5599736e-03  -5.0521646e-03
   2.0983204e-01  -3.3749409e+00  -6.5203772e-01   3.6449909e-02  -3.8012722e-03  -5.0021749e-03
   1.8522014e-01  -3.3120546e+00  -5.8970964e-01   3.5507806e-02  -3.7889511e-03  -5.1275708e-03
   1.8303096e-01  -3.4158432e+00  -6.3494328e-01   3.6019358e-02  -3.5523886e-03  -5.6189700e-03
   2.1736422e-01  -3.4501961e+00  -6.9382311e-01   3.6904177e-02  -3.8183167e-03  -5.0882197e-03
   2.1411308e-01  -3.3224449e+00  -7.0663408e-01   3.6516481e-02  -3.8497844e-03  -5.2382555e-03
   2.1063249e-01  -3.1731130e+00  -7.0109516e-01   3.5385701e-02  -3.8175584e-03  -5.5195518e-03
   1.8785973e-01  -3.3818695e+00  -6.9210856e-01   3.6009166e-02  -3.6797679e-03  -5.2967212e-03
   2.0451870e-01  -3.3972857e+00  -6.7723933e-01   3.6454647e-02  -3.9108975e-03  -5.0886771e-03
   1.9130755e-01  -3.2141474e+00  -6.9847096e-01   3.5344345e-02  -3.8448192e-03  -5.2440149e-03
   1.9468298e-01  -3.2359837e+00  -8.2309411e-01   3.5384477e-02  -3.5012658e-03  -5.1277780e-03
   1.5100006e-01  -3.4858448e+00  -7.3076848e-01   3.7561460e-02  -3.5364838e-03  -5.1673564e-03
   2.2495409e-01  -3.2676180e+00  -7.3252191e-01   3.5876134e-02  -4.1156701e-03  -4.9793777e-03
   2.0439217e-01  -3.4768378e+00  -7.6197967e-01   3.6517838e-02  -3.9227493e-03  -4.9208515e-03
   2.2022052e-01  -3.3347937e+00  -6.5167143e-01   3.5994945e-02  -4.3548631e-03  -4.8413757e-03
   2.0954132e-01  -3.3138591e+00  -6.6491374e-01   3.5040948e-02  -4.3427931e-03  -5.0518891e-03
   1.7123344e-01  -3.3344533e+00  -7.0167144e-01   3.5516115e-02  -3.9899176e-03  -5.6363368e-03
   2.0321194e-01  -3.3324858e+00  -6.8233405e-01   3.5986648e-02  -4.3138975e-03  -5.2009029e-03
   2.2816969e-01  -3.3434993e+00  -7.0913962e-01   3.5748353e-02  -4.3799373e-03  -5.1445268e-03
   2.2807397e-01  -3.4461293e+00  -7.1760944e-01   3.6577808e-02  -4.3942513e-03  -4.6857802e-03
   1.9204922e-01  -3.4562005e+00  -7.5824323e-01   3.7012363e-02  -4.0584381e-03  -5.2413388e-03
   1.7423085e-01  -3.4710802e+00  -6.9257825e-01   3.6868803e-02  -4.2277563e-03  -5.4684202e-03
   1.9200153e-01  -3.2969621e+00  -7.2649017e-01   3.5958344e-02  -4.3628477e-03  -5.4428011e-03
   1.8559909e-01  -3.4814749e+00  -6.9918754e-01   3.7090759e-02  -4.3191408e-03  -5.4348690e-03
   2.0064908e-01  -3.5090552e+00  -6.7532438e-01   3.7373593e-02  -4.4938211e-03  -4.9480869e-03
   1.9531467e-01  -3.4497522e+00  -6.4995158e-01   3.6206143e-02  -4.4228301e-03  -5.0472987e-03
   1.9437546e-01  -3.3193391e+00  -7.3475107e-01   3.5953704e-02  -4.2104202e-03  -5.0976094e-03
   1.6893242e-01  -3.5714180e+00  -7.8729851e-01   3.7955328e-02  -4.0017382e-03  -5.2450422e-03
   1.1012479e-01  -3.5025806e+00  -9.3690233e-01   3.8461969e-02  -2.9155779e-03  -5.0679808e-03
   1.3884810e-01  -3.7572347e+00  -7.6617391e-01   3.9315387e-02  -3.7420177e-03  -5.3038121e-03
   1.5733718e-01  -3.7425969e+00  -7.1861174e-01   3.8759465e-02  -4.0544257e-03  -5.1553312e-03
   1.5492153e-01  -3.6573672e+00  -7.6721605e-01   3.8429823e-02  -3.9465730e-03  -5.1710803e-03
   1.4565197e-01  -3.6954632e+00  -7.3653619e-01   3.8940180e-02  -3.8827530e-03  -5.4908245e-03
   1.1823168e-01  -3.6484562e+00  -7.2502865e-01   3.8823902e-02  -3.7155147e-03  -5.5155380e-03
   1.1693825e-01  -3.5461060e+00  -8.1608419e-01   3.7950916e-02  -3.6482791e-03  -5.2434262e-03
   1.2675872e-01  -3.7891185e+00  -7.7265117e-01   3.9431261e-02  -3.8742433e-03  -5.6591816e-03
   1.6139550e-01  -3.6584138e+00  -7.8546639e-01   3.9027256e-02  -4.0987977e-03  -5.5275965e-03
   1.5481478e-01  -3.4850693e+00  -8.7721621e-01   3.7517732e-02  -3.8919014e-03  -5.5081409e-03
   1.4614241e-01  -3.6701351e+00  -8.8206305e-01   3.9433828e-02  -3.9898130e-03  -5.7918423e-03
   1.6957358e-01  -3.4350526e+00  -8.3312549e-01   3.8347291e-02  -4.2981556e-03  -5.9652287e-03
   1.5813184e-01  -3.7408596e+00  -7.7762249e-01   3.8884906e-02  -4.2539766e-03  -5.6471457e-03
   1.6952993e-01  -3.6020216e+00  -8.4171612e-01   3.8931479e-02  -4.2667037e-03  -5.3419699e-03
   1.6382269e-01  -3.2683099e+00  -6.4632078e-01   3.6211386e-02  -4.4203546e-03  -5.7376400e-03
   9.8565531e-02  -3.5536139e+00  -4.7953825e-01   3.7419938e-02  -4.0631212e-03  -6.3265859e-03
   1.1788061e-01  -3.4220324e+00  -5.0687564e-01   3.7141065e-02  -3.9131942e-03  -6.5550247e-03
   9.4816149e-02  -3.7173011e+00  -4.6685519e-01   3.9650206e-02  -4.0188816e-03  -6.8239559e-03
   1.2669124e-01  -3.5941113e+00  -4.1914399e-01   3.8868164e-02  -4.3319125e-03  -6.7156390e-03
   9.9710217e-02  -3.7039302e+00  -3.6281445e-01   3.9393966e-02  -4.2719854e-03  -6.4576261e-03
   1.2042845e-01  -3.6434066e+00  -3.8688808e-01   3.9100006e-02  -4.4440460e-03  -6.2137345e-03
   1.0679567e-01  -3.6202551e+00  -3.7373250e-01   3.8925936e-02  -4.3731660e-03  -6.0757993e-03
   1.2305544e-01  -3.5360194e+00  -3.7932644e-01   3.8158960e-02  -4.5344847e-03  -6.0770503e-03
   1.2274028e-01  -3.5551530e+00  -4.5361544e-01   3.8120275e-02  -4.3463533e-03  -6.0682018e-03
   1.1259530e-01  -3.4814771e+00  -4.1879507e-01   3.7743894e-02  -4.3049576e-03  -6.0680518e-03
   1.6068391e-01  -3.5411044e+00  -3.3824926e-01   3.7944517e-02  -5.0087666e-03  -6.0013639e-03
   1.6973494e-01  -3.4871328e+00  -4.0767858e-01   3.6862023e-02  -4.8457781e-03  -5.9125197e-03
   1.4796520e-01  -3.5241636e+00  -3.9315184e-01   3.8138757e-02  -4.8763746e-03  -6.2416405e-03
   1.6689113e-01  -3.5694484e+00  -4.3023207e-01   3.8349499e-02  -5.0172848e-03  -6.0871107e-03
   1.4553314e-01  -3.5726187e+00  -5.6914822e-01   3.8574971e-02  -4.7574769e-03  -6.0345358e-03
   1.6554033e-01  -3.6176306e+00  -4.0324817e-01   3.8254017e-02  -5.2704969e-03  -6.2450313e-03
   1.4081263e-01  -3.5651701e+00  -4.2367827e-01   3.7981382e-02  -5.1455273e-03  -6.0719544e-03
   1.4703381e-01  -3.5408677e+00  -4.6143283e-01   3.7552985e-02  -5.0381985e-03  -6.2146504e-03
   1.6646864e-01  -3.6343278e+00  -4.9418721e-01   3.9051082e-02  -5.0831396e-03  -6.1012856e-03
   1.6442879e-01  -3.6680715e+00  -4.0271631e-01   3.8961584e-02  -5.2053515e-03  -5.9547017e-03
   1.9648942e-01  -3.5239862e+00  -4.5264105e-01   3.7785013e-02  -5.2439266e-03  -5.8697776e-03
   1.6859761e-01  -3.6778736e+00  -4.2930546e-01   3.9019503e-02  -5.0826320e-03  -5.9146953e-03
   1.6564933e-01  -3.4191451e+00  -2.4527601e-01   3.6739444e-02  -5.3280165e-03  -5.9511219e-03
   1.9850460e-01  -3.4975461e+00  -2.4380896e-01   3.7266219e-02  -5.6730961e-03  -6.2226587e-03
   2.0236405e-01  -3.5657204e+00  -2.5901816e-01   3.8104539e-02  -5.7935005e-03  -5.8259932e-03
   1.7032690e-01  -3.4020846e+00  -2.6259784e-01   3.6858888e-02  -5.5132071e-03  -5.8281984e-03
   2.3448217e-01  -3.5441892e+00  -2.9420055e-01   3.7837041e-02  -5.9809287e-03  -5.5206434e-03
   2.1996656e-01  -3.5757252e+00  -2.5297747e-01   3.8349107e-02  -5.9886792e-03  -5.3742646e-03
   1.9218835e-01  -3.4145911e+00  -2.1583309e-01   3.6471427e-02  -5.7168364e-03  -5.6176084e-03
   2.3019235e-01  -3.5340917e+00  -2.2238418e-01   3.7556262e-02  -6.1003502e-03  -5.2875101e-03
   2.3736037e-01  -3.5541547e+00  -2.1256111e-01   3.7729041e-02  -6.2255195e-03  -5.1157723e-03
   2.4808052e-01  -3.2989564e+00  -2.4470779e-01   3.6315881e-02  -6.1433981e-03  -5.4301607e-03
   2.5911607e-01  -3.5383405e+00  -1.7986554e-01   3.7237866e-02  -6.4149427e-03  -5.6190605e-03
   2.5111681e-01  -3.4783509e+00  -1.2868171e-01   3.7151547e-02  -6.5473203e-03  -5.1099778e-03
   2.4813662e-01  -3.3759254e+00  -1.5657960e-01   3.6245940e-02  -6.5016947e-03  -5.4416975e-03
   2.8110929e-01  -3.4866348e+00  -1.9320161e-01   3.7138328e-02  -6.7297425e-03  -5.0100497e-03
   2.4546725e-01  -3.4132805e+00  -1.2956168e-01   3.6584020e-02  -6.6341965e-03  -5.1090791e-03
   3.0360628e-01  -3.3834667e+00  -1.4906549e-01   3.6392143e-02  -6.9574874e-03  -5.1758179e-03
   3.0126067e-01  -3.5805311e+00  -1.3294983e-01   3.7576853e-02  -7.0030901e-03  -4.9393196e-03
   2.8040292e-01  -3.4183054e+00  -8.6920032e-02   3.6439505e-02  -6.7232265e-03  -4.8384557e-03
   3.4234657e-01  -3.4533307e+00  -1.7260622e-01   3.6743793e-02  -7.1823413e-03  -4.8425471e-03
   3.0803115e-01  -3.5697246e+00  -1.1778161e-01   3.7344165e-02  -7.0603796e-03  -4.7932282e-03
   2.7551359e-01  -3.2898389e+00  -1.5892042e-01   3.5912981e-02  -6.6620400e-03  -4.7751198e-03
   3.2269891e-01  -3.3647699e+00  -2.0173147e-01   3.6499643e-02  -7.0432274e-03  -4.8862621e-03
   3.3253548e-01  -3.5399012e+00  -1.4243260e-01   3.7628799e-02  -7.3788219e-03  -4.5726547e-03
   3.2054622e-01  -3.3514174e+00  -1.3833767e-01   3.6066762e-02  -7.1609818e-03  -4.5966137e-03
   3.3311881e-01  -3.5633730e+00  -1.3119086e-01   3.7272360e-02  -7.2478015e-03  -5.0184846e-03
   3.1049252e-01  -3.5668397e+00  -1.2377401e-01   3.7676899e-02  -7.0961111e-03  -4.9926590e-03
   2.9499582e-01  -3.3479584e+00  -1.2850352e-01   3.5666639e-02  -6.8669617e-03  -5.0138020e-03
   3.5833758e-01  -3.4564905e+00  -2.0707689e-01   3.6822562e-02  -7.3167960e-03  -4.9465489e-03
   2.8775006e-01  -3.3779436e+00  -1.2262023e-01   3.6395327e-02  -7.0016109e-03  -5.2184947e-03
   2.9987391e-01  -3.2835847e+00  -2.0542121e-01   3.5642296e-02  -6.8539077e-03  -5.2031317e-03
   3.3751608e-01  -3.4330850e+00  -1.5371708e-01   3.6650262e-02  -7.3108428e-03  -5.0141817e-03
   3.8382416e-01  -3.2483439e+00  -6.4379763e-02   3.5397776e-02  -7.9021727e-03  -5.2479314e-03
   3.0651782e-01  -3.5524273e+00  -7.7512132e-02   3.7184503e-02  -7.4182312e-03  -5.9681718e-03
   3.4240198e-01  -3.3692008e+00  -6.2924122e-02   3.6250768e-02  -7.7473896e-03  -5.5296350e-03
   3.5889671e-01  -3.3475346e+00  -1.2111590e-01   3.5740564e-02  -7.8555768e-03  -5.3785067e-03
   3.3463614e-01  -3.3611457e+00  -6.3848465e-02   3.6313663e-02  -7.7404721e-03  -5.7931179e-03
   3.7737173e-01  -3.3140226e+00  -5.9203778e-02   3.5817960e-02  -8.0013031e-03  -5.4254654e-03
   3.7458212e-01  -3.4425618e+00  -9.7764094e-02   3.6616931e-02  -7.7901717e-03  -5.3580249e-03
   3.5312781e-01  -3.3956890e+00  -3.2813118e-02   3.6055247e-02  -7.7780493e-03  -5.3510572e-03
   4.0735216e-01  -3.4072251e+00  -5.4743154e-02   3.6128174e-02  -8.1720652e-03  -5.4905839e-03
   3.7174270e-01  -3.5006935e+00  -6.9722453e-02   3.7153736e-02  -7.7967188e-03  -5.2603538e-03
   3.4132842e-01  -3.2566477e+00  -2.5293969e-02   3.5348518e-02  -7.5791193e-03  -5.3770995e-03
   4.0199763e-01  -3.3554819e+00  -6.5131147e-02   3.6046816e-02  -8.0627668e-03  -5.3145055e-03
   3.7150352e-01  -3.4323625e+00  -1.8598612e-02   3.6594973e-02  -8.0165488e-03  -5.3224836e-03
   3.5257595e-01  -3.3618587e+00  -3.4163965e-02   3.5607908e-02  -7.7547448e-03  -5.2480585e-03
   3.8478068e-01  -3.4773837e+00  -1.0451207e-01   3.6819433e-02  -7.8612287e-03  -5.0846043e-03
   3.5792044e-01  -3.4839581e+00  -6.6357642e-03   3.6352505e-02  -7.9253632e-03  -5.5609678e-03
   3.8534836e-01  -3.3509744e+00  -5.3823749e-02   3.5559435e-02  -8.0499520e-03  -5.3151863e-03
   4.0373803e-01  -3.4593291e+00  -9.2038463e-02   3.7074497e-02  -8.0681760e-03  -5.4761031e-03
   3.6743210e-01  -3.3945536e+00  -1.7742870e-02   3.6466520e-02  -7.9438383e-03  -5.6109687e-03
   3.9714594e-01  -3.3038750e+00  -6.4776609e-02   3.5341139e-02  -7.9955593e-03  -5.1186880e-03
   4.4817985e-01  -3.4126037e+00  -5.7655140e-02   3.6872384e-02  -8.4989258e-03  -5.1573681e-03
   3.9052446e-01  -3.3651689e+00   6.6968735e-03   3.5661400e-02  -8.0422328e-03  -5.1220146e-03
   4.3647314e-01  -3.3211094e+00  -6.6589066e-02   3.5519703e-02  -8.2000744e-03  -4.5897742e-03
   4.4291943e-01  -3.4589858e+00  -5.0382603e-03   3.6118246e-02  -8.5168136e-03  -4.6739725e-03
   4.0389489e-01  -3.3902341e+00   6.2143332e-02   3.5515473e-02  -8.2879815e-03  -4.9544735e-03
   4.5674117e-01  -3.4184671e+00  -3.0487207e-02   3.6018114e-02  -8.6087285e-03  -4.4295342e-03
   4.6948184e-01  -3.5326328e+00   1.4732605e-02   3.6944764e-02  -8.7836763e-03  -4.7075247e-03
   4.6951373e-01  -3.2774952e+00   1.9685277e-02   3.5202556e-02  -8.7435241e-03  -4.9491386e-03
   4.8690986e-01  -3.4454211e+00   5.0668877e-02   3.6149693e-02  -8.8882576e-03  -4.4825837e-03
   4.6705403e-01  -3.3759122e+00   6.5452048e-02   3.5894555e-02  -8.7857117e-03  -4.5983270e-03
   4.6290126e-01  -3.1424000e+00   7.1362021e-02   3.3997292e-02  -8.7057774e-03  -4.5722773e-03
   4.8716722e-01  -3.4116634e+00   1.9592662e-01   3.4730059e-02  -9.0442748e-03  -4.7684914e-03
   4.6397842e-01  -3.3711953e+00   9.8609055e-02   3.5432027e-02  -9.2570187e-03  -5.1737047e-03
   3.6793105e-01  -3.2418267e+00   1.1730132e-01   3.3831922e-02  -8.5368575e-03  -5.0577295e-03
   3.4885661e-01  -3.2076359e+00   3.7683356e-02   3.3922942e-02  -8.2337166e-03  -4.9933809e-03
   3.8917850e-01  -3.2290304e+00   8.7473606e-02   3.4810603e-02  -8.7594611e-03  -5.2857988e-03
   3.6493962e-01  -3.3108047e+00   1.1521158e-01   3.4441305e-02  -8.6304302e-03  -4.9696449e-03
   3.6712548e-01  -3.3001026e+00   8.5985129e-02   3.4526017e-02  -8.5908523e-03  -5.0219411e-03
   4.1156733e-01  -3.2437467e+00   1.0578801e-01   3.4730215e-02  -8.9803563e-03  -4.7100387e-03
   4.1742577e-01  -3.2144502e+00   9.6996522e-02   3.4190637e-02  -8.9915142e-03  -4.6365977e-03
   3.8950740e-01  -3.4091447e+00   1.0145408e-01   3.5501814e-02  -8.7713710e-03  -4.6031142e-03
   4.2721330e-01  -3.2151429e+00   1.0296720e-01   3.4597722e-02  -9.1032893e-03  -4.5105628e-03
   3.9127997e-01  -3.2024054e+00   1.1010536e-01   3.4653605e-02  -8.7305522e-03  -5.0456060e-03
   4.0601331e-01  -3.3540841e+00   9.1149467e-02   3.4989621e-02  -8.7776811e-03  -4.7909428e-03
   4.3856167e-01  -3.2004043e+00   7.6182260e-02   3.4961105e-02  -9.2002254e-03  -4.4161073e-03
