   0.0000000e+00   0.0000000e+00   0.0000000e+00   0.0000000e+00   0.0000000e+00   0.0000000e+00
   3.1129300e-02  -2.2707026e-01   6.3914852e-01  -8.2518025e-04  -3.7968017e-04   4.6851921e-04
  -3.9756482e-02  -2.1104116e-01   3.1699314e-01   1.8640313e-03   1.1926959e-03  -5.1455104e-05
  -3.0123204e-02  -2.0531563e-01   2.5933339e-01   2.3911596e-03   7.8766366e-04  -4.2941435e-04
   7.6272980e-03  -1.2187561e-01   2.7222169e-01   1.0515349e-03   2.2864596e-04  -4.2655921e-04
  -3.2401328e-02  -2.3987075e-01   2.0101706e-01   2.2588537e-03   9.7705454e-04  -7.9139081e-04
  -7.2723919e-03  -1.4235181e-01   2.6115664e-01   1.5173501e-03   6.5678619e-04  -5.8295000e-04
  -3.7977941e-02  -3.0321967e-01   3.0541313e-01   3.3398301e-03   1.0618623e-03  -8.6226313e-04
   8.1631146e-03  -1.6890590e-01   3.8115303e-01   1.3773142e-03   4.2275496e-04  -6.9617612e-04
  -3.7963458e-02  -2.2326918e-01   2.5474969e-01   8.7432730e-04   8.6411719e-04  -7.4192476e-04
  -1.6921722e-02  -1.7764614e-01   3.1655298e-01   6.3662332e-04   4.6489007e-04  -3.3446001e-04
  -4.7507332e-02  -2.1364043e-01   2.2240941e-01   1.3098032e-03   7.7354815e-04  -2.4881859e-04
  -4.2682005e-02  -2.1910898e-01   2.3385648e-01   1.1918332e-03   8.0926075e-04  -2.9441372e-04
  -5.9302640e-02  -1.1847599e-01   9.0850848e-02   3.6129032e-04   1.3991020e-03  -1.1626485e-04
  -4.6074963e-02  -1.1882107e-01   7.9830906e-02  -5.0935515e-04   9.8835942e-04  -1.5809081e-04
  -2.8322388e-02  -6.0258885e-02   1.0668179e-02  -1.7156773e-03   8.8514262e-04  -1.6167370e-04
  -3.4385756e-02  -3.2251585e-01   4.7206993e-01   5.7089751e-04   2.4042775e-04  -1.5371641e-04
  -3.3470305e-02  -2.9223995e-01   3.8631845e-01   1.0173812e-03   7.4918510e-05  -1.6305359e-04
  -3.5938357e-02  -1.9106497e-01   2.4879500e-01   1.0493668e-03   2.0965217e-04  -3.8134076e-04
  -1.9765247e-02  -3.8852220e-02   2.2198452e-01  -2.5752219e-04   1.0490856e-04  -2.1181946e-04
  -8.1634349e-02  -9.1667580e-02   2.5273567e-02  -3.1383255e-04   1.0165142e-03  -3.9183732e-04
  -5.1947741e-02  -1.4802859e-01   1.5565465e-01  -6.7726322e-04   2.0686344e-04  -1.1714347e-04
  -7.7655962e-02  -2.4463891e-01   1.5087333e-01   5.8139116e-04   7.2599974e-04  -3.7218084e-04
  -5.4773038e-02  -1.7969753e-01   2.4369033e-01  -1.4326045e-04   6.9734175e-04  -3.2416949e-04
  -7.2742377e-02  -1.3987668e-01   1.4177232e-01  -1.0163735e-03   8.0319820e-04  -1.7754601e-04
  -8.1629470e-02  -2.2004033e-01   1.3243556e-01  -1.0301332e-04   7.4149658e-04  -1.7092145e-04
  -5.2415869e-02   2.2515988e-02   2.4031262e-02  -1.3041628e-03   9.0831753e-04  -4.4572201e-06
  -8.9057039e-02  -2.5539617e-01   1.4906316e-01  -4.1675382e-04   1.1345266e-03  -2.4548778e-04
  -7.0306687e-02  -1.2124765e-01   1.4146289e-01  -1.0768500e-03   9.7144027e-04  -2.4908416e-05
  -9.4362206e-02  -1.8254270e-01   1.0229692e-01  -8.6195735e-04   1.0544563e-03  -3.2727054e-04
  -4.5158679e-02  -6.4663371e-02   1.0768784e-01  -1.5224085e-03   4.0471560e-04  -1.8488573e-04
  -5.5470222e-02  -1.3871016e-01   2.9313367e-02  -1.8326994e-03   4.7059777e-04   1.9505512e-04
  -4.3438986e-02  -1.9193034e-01   9.8619151e-02  -6.4261778e-04   5.8790867e-04   1.7941022e-04
  -1.5051354e-02  -5.4339820e-02   1.1484619e-01  -1.4836052e-03   6.2880201e-04   5.2044625e-04
  -3.0103540e-02  -1.2578080e-01   3.5576438e-02  -9.7881864e-04   6.2769477e-04   2.8164195e-04
   4.0597272e-03  -8.5709985e-02   1.1992400e-01  -1.9127662e-03   2.9665583e-04   4.2791528e-04
  -3.2128793e-02  -1.9044153e-01   2.6803467e-02  -3.1772257e-03   3.9760097e-04   8.1086830e-04
  -2.2965800e-02  -2.0656270e-01   3.8759207e-02  -1.6792724e-03   8.8582168e-04   9.8076472e-04
  -1.1810228e-02  -7.2207040e-02  -5.3256863e-02  -2.8514038e-03   6.7745500e-04   1.1926113e-03
  -1.4444240e-02  -7.5639141e-02  -7.3371562e-02  -3.0124698e-03   8.2023627e-04   1.2149993e-03
  -8.4688397e-03  -1.9047017e-01   3.2837740e-01  -4.2370375e-03   1.1955890e-03   9.3952619e-04
  -4.6850945e-02  -2.1273452e-01  -8.7177192e-02   3.5351914e-03   1.4851006e-03  -1.1148033e-03
  -1.1920069e-02  -1.6011743e-01   2.3060977e-01  -1.8058237e-03  -7.8516404e-04  -3.0259302e-04
  -9.0653181e-03  -6.3564797e-02   6.5638744e-02  -3.3229216e-03  -1.0943677e-03  -1.6297970e-04
   1.3099299e-02  -1.4950066e-01   2.6875489e-01  -1.3710462e-03  -1.4392925e-03  -1.4666953e-04
  -1.3945626e-02  -8.0652897e-02   1.4106275e-01  -7.6915084e-04  -5.4305797e-04  -3.4973516e-04
  -2.3002413e-02  -6.6616507e-02   4.9865197e-02  -1.3104526e-03  -4.4848756e-04  -5.6088818e-04
  -2.3901845e-02  -7.3346488e-02   2.7803463e-02  -2.7527347e-03  -6.7433036e-04  -1.9933696e-04
  -5.9002719e-02  -4.5070906e-01   2.4772058e-01  -1.6265435e-03  -1.2398431e-03  -4.3378178e-04
  -5.9654786e-02  -3.3361009e-01   6.5857392e-02  -8.1926439e-05  -9.7850640e-04  -6.7207558e-04
   2.4721396e-02   2.3944521e-01  -2.6193020e-02  -3.1325924e-03  -1.2253804e-03  -5.9371185e-05
  -3.8808233e-02  -2.2629147e-01   1.5816633e-01  -2.0029779e-03  -1.0629785e-03   2.0953625e-05
  -3.9259669e-02  -4.7653980e-04  -2.0397399e-02  -2.5735073e-03  -3.4053305e-04   3.7669386e-05
  -3.9349801e-02  -3.2338160e-02  -3.6268818e-02  -2.1309273e-03  -2.2607699e-04  -1.0791821e-04
  -4.6679267e-02  -7.3065662e-02  -2.7170085e-02  -2.4596315e-03  -2.2171075e-04   3.0750045e-05
  -5.0495688e-02  -1.2462191e-01   4.3593687e-02  -2.5138332e-03  -2.8628629e-04   1.0267974e-04
  -6.9082233e-02  -3.0583055e-01   2.1596908e-01   5.5614952e-04  -9.7051683e-05   2.1343372e-04
  -2.5180818e-02  -1.4995392e-01   3.4171925e-01  -8.8111469e-04  -1.6785754e-04  -4.1804779e-05
  -4.0415714e-02  -8.9753979e-02   1.9481935e-01  -1.6944992e-03  -1.0176295e-04  -2.1096346e-04
  -4.5101160e-02  -7.1125493e-02   1.1272478e-01  -4.8989725e-04   2.9545575e-04  -4.4304137e-04
  -2.9306485e-02   5.9277771e-03   1.9425742e-01  -2.9138883e-03  -1.0002851e-03  -5.0641272e-04
  -1.6402099e-02   2.8255352e-02   2.0075826e-01  -7.9678799e-03  -2.6715623e-03  -1.5564758e-04
  -3.6449447e-02  -1.3788743e-01   3.1377118e-01  -4.0554794e-03  -1.6623731e-03   2.3510891e-04
  -5.0579885e-02   8.3397827e-04   1.5091673e-01  -4.9995012e-03  -1.1507763e-03   3.6253538e-04
  -3.9925101e-02  -1.5752896e-01   2.5940314e-01  -3.9190585e-03  -1.2759825e-03   4.0298657e-04
  -4.8147469e-02  -1.0754710e-01   1.8275119e-01  -5.0851277e-03  -1.1669673e-03   5.0463322e-04
  -7.8115424e-02  -2.3300551e-01   1.1393136e-01  -3.7744183e-03  -1.0883452e-03   1.6947518e-04
  -5.2954733e-02   2.8711181e-02   8.2970946e-02  -5.3539001e-03  -1.0100001e-03   7.4488763e-04
  -7.4252500e-02  -1.3842085e-01   6.1606596e-02  -3.3912747e-03  -5.1364662e-04   3.5403659e-04
  -3.0985019e-02  -4.3337102e-02   1.6477719e-01  -3.8186870e-03  -8.1188322e-04   4.3927670e-04
  -6.2128600e-02  -1.1982048e-01   6.2236982e-02  -3.2670279e-03  -4.5475458e-04   1.2738498e-04
  -3.6873568e-02  -6.9209097e-02   1.7331341e-01  -3.6033207e-03  -7.3849271e-04   3.4313227e-04
  -5.7696454e-02  -6.1266257e-02   1.3207127e-03  -4.0244963e-03  -7.7708144e-04   3.5774183e-04
  -3.9023718e-02  -1.2667514e-01   1.4614766e-01  -3.6407328e-03  -1.0106857e-03   3.0427173e-04
  -5.8026887e-02  -1.2266847e-02  -2.0282641e-02  -4.5164478e-03  -8.0285539e-04   4.4959824e-04
  -5.8207007e-02  -1.1983376e-01   1.2258021e-01  -3.8847500e-03  -8.7565500e-04   4.5503380e-04
  -6.7608482e-02  -1.0313872e-02  -3.9834801e-02  -5.5147564e-03  -9.4921809e-04   5.8428557e-04
  -7.2521440e-02  -1.7680888e-01   1.0692163e-01  -3.6032026e-03  -6.0927814e-04   3.5964703e-04
  -6.7251374e-02  -7.2760108e-02   5.6495670e-03  -3.8033990e-03  -5.1964138e-04   3.6012501e-04
  -4.9908129e-02  -8.9404528e-02   3.9719701e-02  -2.4656888e-03  -3.8236716e-04   4.3367758e-04
  -1.3838805e-02   7.2723847e-03   5.2766944e-02  -3.6854124e-03  -7.9085071e-04   3.6037168e-04
  -4.2363756e-02  -2.3014034e-02  -7.5708877e-02  -3.0718802e-03  -6.2455107e-05   1.3616328e-04
  -1.6780558e-02  -2.3419712e-02   3.8410394e-02  -2.5398394e-03  -1.0055578e-04   2.3195126e-04
  -4.4330098e-02  -5.8712778e-02  -8.9146802e-02  -3.3947120e-03  -6.1566045e-05   1.8060825e-04
  -3.8276733e-02  -7.8150005e-03  -7.1617158e-02  -3.3889825e-03  -6.5711881e-05   4.4565412e-04
  -4.5432060e-02  -1.3350239e-01   4.5929578e-02  -1.5672423e-03   2.8218148e-05   3.3878924e-04
  -2.6506255e-02  -1.2591546e-02  -1.5406050e-01  -2.2763188e-03  -5.7285484e-04   4.2596952e-04
  -5.4796923e-02  -8.1880527e-02   4.7737098e-02  -3.2219951e-03   1.1730150e-04   6.0999564e-04
  -5.5397932e-02  -7.6225453e-02  -4.6741337e-02  -3.0372029e-03  -8.5734553e-05   3.3700269e-04
  -1.9626128e-02  -9.3332165e-02   8.7587607e-02  -2.8447985e-03  -4.2982433e-04   2.9934423e-04
  -2.4705524e-02  -3.8370372e-02   1.7164094e-02  -3.3875851e-03  -3.2391649e-04   2.7380572e-04
  -3.1101075e-02  -3.5205847e-02  -3.3451029e-02  -2.6865081e-03  -2.1109655e-04   2.1041177e-04
  -2.3309572e-02   9.1388841e-02  -7.0439197e-02  -2.9173183e-03  -1.0600819e-04   3.9256959e-04
  -5.6068755e-02  -1.2378359e-01   4.2769881e-02  -3.1863913e-03  -4.8233595e-04   5.1722555e-04
  -6.3868383e-02  -1.3545907e-01   1.6803585e-01  -2.6985986e-03  -2.3916842e-04   4.5982940e-04
  -3.3849371e-02   2.7889041e-02  -3.1252955e-03  -2.7118676e-03  -4.8493062e-04   5.3942871e-04
  -2.8776424e-02   4.1889443e-02   5.1463698e-02  -4.0929302e-03  -7.6859268e-04   4.5509742e-04
  -5.5100130e-02  -5.2748054e-02  -1.0882777e-02  -2.8201563e-03  -3.3418374e-04   2.3635195e-04
  -5.4607563e-03   7.0939347e-03   1.1529434e-01  -3.3699351e-03  -7.4797216e-04   1.8465306e-04
  -5.1047805e-02  -7.6467139e-02  -9.9407472e-03  -3.1144471e-03   1.6701508e-05  -1.5272992e-04
  -3.2662055e-02  -2.2379164e-02  -1.5352629e-02  -2.4201527e-03  -7.9999357e-04   3.0287265e-04
  -3.8857856e-02  -8.5045748e-02   6.2114208e-02  -1.5274502e-03  -5.7234592e-04   3.9016799e-04
  -2.1762155e-02  -3.5716737e-02   1.2352496e-01  -8.2904040e-04  -3.6890190e-04   2.1528764e-04
  -4.1680415e-02   4.3542927e-02  -2.3315287e-02  -2.8240152e-03  -3.1768453e-04   3.7631738e-04
  -5.8410955e-02  -2.2648779e-01   1.7172984e-01  -9.8380170e-04  -5.0113562e-04   3.0386714e-04
  -6.0995633e-02  -2.3299000e-02   6.8889080e-03  -1.8757448e-03   4.2660030e-06   1.2298568e-04
  -4.2648833e-02  -7.4674535e-02   1.4147499e-01  -2.0757859e-03  -2.4732766e-04   1.1295848e-04
  -7.4582391e-02  -8.2637256e-02  -1.0623082e-02  -2.2281398e-03   3.3914860e-04   1.1180144e-04
  -3.6675031e-02  -1.0391867e-01   2.3551436e-01  -7.3317120e-04   2.4032119e-05   3.7173904e-04
  -6.2348980e-02  -2.1647964e-02   2.4016657e-02  -2.2786288e-03  -4.9655730e-05   2.5064126e-04
  -4.6199736e-02  -7.2451752e-02   1.2407907e-01  -1.3414286e-03  -1.2217069e-04   2.3377021e-04
  -3.7495834e-02   9.4742033e-02  -2.3508242e-02  -2.8470371e-03  -1.3805249e-04   4.8996449e-04
  -7.5829852e-02  -1.3425400e-01   4.3428192e-02  -1.5731084e-03   3.1636917e-04   2.1704008e-04
  -5.3495356e-02  -2.0868308e-02   2.4371540e-02  -2.9495629e-03   1.5821543e-04   4.5461470e-04
  -7.7335762e-02  -1.3360984e-01  -3.2637262e-02  -2.7749745e-03  -5.4329387e-05   2.3515769e-04
  -6.6173243e-02  -1.4732025e-02   2.0971950e-02  -2.3467148e-03   2.3579681e-04   4.1988755e-04
  -6.5113463e-02  -7.0528028e-02   1.7250557e-01  -3.7960727e-03   7.2743766e-04   5.2720525e-04
  -5.1561310e-02  -8.4251220e-03  -6.3221365e-02  -2.8935823e-03  -9.0071318e-05   8.4349589e-05
  -4.6570408e-02   3.0617597e-02  -1.1947178e-02  -3.5316521e-03  -2.1520821e-04   3.9101838e-04
  -6.6740166e-02  -1.1191592e-01   1.0614171e-01  -1.3393415e-03   3.4001615e-04   2.3439396e-04
  -2.3185977e-02   1.7061808e-01  -6.0112132e-02  -3.4220508e-03   8.3871801e-05   3.5861059e-04
  -6.9891953e-02  -7.7309515e-02  -2.2112738e-02  -3.1076341e-03   2.7789067e-04   2.7005946e-04
  -4.1882090e-02  -3.6206734e-01   4.1028634e-01  -2.5512497e-03  -8.3346944e-04   7.4421417e-04
  -3.8726108e-02  -2.1226446e-01   1.4283031e-01   3.6849664e-04  -8.6241641e-04   5.9835729e-04
  -1.6622152e-02   2.5112308e-01   2.7995496e-02  -4.6548036e-03  -3.4873412e-04   8.1855312e-04
  -7.4154437e-02  -2.1790743e-01   1.2822731e-01  -2.6237726e-03  -6.8093618e-04   4.0326690e-04
  -4.4961629e-02   1.9906487e-01  -1.2462094e-02  -6.9437138e-03  -1.3614918e-04   5.1029972e-04
  -8.2652033e-02  -4.8497012e-02  -1.0227146e-01  -4.3182856e-03   8.2091454e-05  -1.6582846e-04
  -7.3693323e-02  -2.1057623e-01   1.7206929e-01  -3.3544350e-03  -6.8842444e-04  -8.9706154e-05
  -7.3944551e-02  -1.6355020e-01   1.4066870e-01  -4.0635649e-03  -6.4553290e-04   3.9502255e-05
  -3.4562294e-02  -1.3230759e-01   3.3581246e-01  -4.2421761e-03  -1.0086327e-03   3.0151631e-04
  -5.8993817e-02  -9.7260969e-02   1.7576793e-01  -4.3113663e-03  -7.8446131e-04   4.1104546e-04
  -5.1949262e-02   3.0065749e-02   3.4306694e-02  -5.5612485e-03  -1.0078410e-03   6.6940399e-04
  -6.4298497e-02  -9.5581003e-02   1.4132913e-01  -4.0931484e-03  -5.5983554e-04   5.4069981e-04
  -7.0632582e-02  -3.9892373e-03  -7.3494451e-02  -4.5539583e-03  -2.9862863e-04   5.1551434e-04
  -7.8394062e-02  -1.3244295e-01   6.7810277e-02  -3.3236323e-03  -1.5127772e-04   3.7485146e-04
  -7.2775785e-02  -1.2051744e-01   2.5542969e-01  -5.5162819e-03   1.3385707e-04   6.5251285e-04
  -7.8421448e-02  -7.7014684e-02   1.0988614e-01  -4.8101028e-03  -9.7379182e-05   5.5451042e-04
  -4.1430985e-02  -5.6339769e-02   2.4400892e-01  -4.1017297e-03  -5.9126461e-04   6.8353707e-04
  -6.2274228e-02   6.1445180e-02   5.2488045e-02  -5.8168251e-03   1.6054154e-04   7.4303246e-04
  -5.5353003e-02   1.4875096e-02   1.7030542e-02  -5.8725140e-03   1.4557461e-04   6.7478479e-04
  -6.6826411e-02  -2.3315117e-01   3.6066882e-01  -3.3963252e-03   3.5645413e-04   3.6554859e-05
  -1.1026740e-01  -5.0647267e-01   5.2516973e-01  -1.9142759e-03   2.2678474e-03  -7.3991020e-04
  -6.2438411e-02   1.1724072e-02   1.3535303e-01  -5.0273745e-03  -1.9422071e-05  -8.5921208e-05
  -8.3977662e-02  -2.4903109e-02   6.5210501e-02  -4.4855820e-03   1.3425296e-04   1.4969585e-04
  -7.8427529e-02  -2.7383474e-01   4.6990840e-01  -2.2675771e-03   2.3920759e-04   1.6400534e-04
  -7.2070276e-02  -9.6491200e-03   2.1476409e-01  -5.0942618e-03   1.4314263e-04   2.1350600e-04
  -6.9408247e-02  -2.1809422e-01   4.2567625e-01  -3.7373541e-03  -6.2245584e-05   3.9152221e-04
  -4.9515285e-02  -1.0354257e-01   3.0303230e-01  -3.9362261e-03  -2.4165841e-04   6.2237319e-04
  -3.9970188e-02  -3.2131227e-03   2.4909099e-01  -3.5950041e-03  -7.5720250e-05   4.9220583e-04
  -7.0814691e-02  -1.0447464e-01   2.7769392e-01  -3.7946605e-03   3.9424308e-04   4.3552423e-04
  -6.2171269e-02  -1.6613677e-01   4.4763386e-01  -4.9566578e-03  -1.0739146e-04   2.8691378e-04
  -9.0153140e-02  -2.1187009e-01   3.9095021e-01  -5.0082208e-03   6.9328007e-05   3.4565406e-04
  -8.1102148e-02  -4.5151098e-02   2.3384585e-01  -4.0159668e-03   4.9796418e-04   2.3916348e-04
  -7.8666272e-02   5.6654037e-02   4.6892094e-02  -4.7055641e-03   5.3300947e-04   2.2053841e-04
  -1.6961274e-02  -1.1578888e-01   5.3545613e-01  -5.6249334e-03   3.0918242e-04   9.6176671e-04
  -1.3153576e-02   2.3606178e-02   3.7859364e-01  -3.6171660e-03   9.6066295e-06   3.7519031e-04
  -5.6212242e-02  -6.4367842e-02   2.5278056e-01  -5.2168874e-03  -2.0842807e-04   3.2309167e-04
  -6.6822256e-02  -3.9142841e-02   2.1131942e-01  -4.5599784e-03   3.6739809e-04   3.0589925e-04
  -5.3178143e-02  -7.6090940e-04   2.9502558e-01  -4.6809604e-03   2.5845785e-04   5.3430151e-04
  -7.8404427e-02   2.0057675e-02   1.4413823e-01  -5.3180186e-03   4.1405229e-04   5.0370469e-04
  -6.0291288e-02  -1.1884346e-01   4.1348741e-01  -4.2168677e-03   1.7420136e-04   4.4960078e-04
  -8.3921828e-02   2.9266508e-03   1.7129248e-01  -4.8334506e-03   7.4573797e-04   2.8007859e-04
  -7.0081783e-02   4.6838610e-02   9.4189599e-02  -5.8095243e-03   5.0366376e-04   4.3507257e-04
  -6.3974125e-02  -2.0403384e-01   4.6867957e-01  -3.4092641e-03   3.5135713e-04   4.9101180e-04
  -8.3387939e-02  -1.6480710e-01   3.7358513e-01  -2.3825134e-03   1.0576781e-03   2.3174489e-04
  -5.7080470e-02  -2.4728627e-02   3.8024976e-01  -3.1713904e-03   1.1547195e-03   3.1743084e-04
  -7.2555891e-02   1.2018736e-01   1.4634906e-01  -4.2541155e-03   1.6066012e-03   2.5979728e-04
  -7.4670426e-02   4.0512413e-02   1.1114232e-01  -4.3435447e-03   1.5170980e-03   2.7153761e-04
  -7.2242680e-02   7.0366893e-02   9.7529843e-02  -4.5078897e-03   1.5302199e-03   3.4084253e-04
  -8.9229749e-02  -1.9013282e-01   4.0201401e-01  -3.0340933e-03   1.3620703e-03   4.4862229e-04
  -8.5047892e-02  -8.7779782e-02   3.3462568e-01  -4.0270476e-03   1.2692962e-03   4.7790656e-04
  -7.5787541e-02  -2.6895466e-02   3.4721952e-01  -4.6877402e-03   1.1433936e-03   4.0070302e-04
  -8.7573254e-02   4.3446015e-02   1.7518305e-01  -4.8440770e-03   1.2279627e-03   2.1734806e-04
  -6.8609624e-02   1.0472659e-01   1.1636355e-01  -5.2382598e-03   1.1017607e-03   3.7612802e-04
  -5.0767891e-02  -9.1069144e-02   4.0143821e-01  -4.4047408e-03   5.2716547e-05   6.6289495e-04
  -7.6399807e-02  -1.6324153e-01   3.8511114e-01  -3.0773766e-03   5.1936983e-04   6.7647664e-04
  -5.2789961e-02  -1.2638461e-01   4.3689439e-01  -4.3443880e-03   2.7685166e-04   7.7486309e-04
  -5.9070087e-02   2.8634633e-03   2.6225117e-01  -6.1172368e-03   3.5201290e-04   6.5940337e-04
  -7.2316685e-02  -1.0094641e-01   3.2566514e-01  -5.4235658e-03   3.8908183e-04   6.5889604e-04
  -8.4576608e-02  -1.9351230e-02   3.0323877e-01  -4.9569328e-03   4.5839291e-04  -2.6083969e-04
  -4.0150500e-02  -7.1808844e-02   2.8976178e-01  -7.5607720e-04  -3.0973053e-03  -4.0205424e-04
   8.3568290e-03  -1.0751276e-01   5.0362368e-01  -3.5143921e-03  -2.0179388e-03   2.3554001e-05
  -2.7803708e-02   5.9807337e-02   2.3145965e-01  -6.5702184e-03  -2.0994529e-03   7.3580008e-04
  -8.2490309e-02   2.0752188e-02   1.7415309e-02  -6.4834615e-03  -1.6064507e-03   9.7638771e-04
  -7.2561035e-02   9.9434296e-02  -1.3814177e-02  -6.2071059e-03  -1.2981102e-03   9.3533492e-04
  -7.3750768e-02  -1.3379412e-02   9.2132430e-02  -7.2175029e-03  -1.7499700e-03   1.1418086e-03
  -9.2579124e-02  -1.1377081e-01   2.4200084e-01  -5.1415798e-03  -1.0097096e-03   9.5640030e-04
  -7.1665936e-02  -7.5343649e-02   3.1018628e-01  -5.4843491e-03  -1.2045205e-03   9.6141263e-04
  -6.0240108e-02   1.2794313e-01   7.8995011e-02  -7.2587160e-03  -1.5441433e-03   9.5916631e-04
  -9.7917459e-02  -9.5706164e-02   1.5458864e-01  -6.2920466e-03  -1.1862035e-03   1.0441860e-03
  -7.5744139e-02   1.4333385e-01   6.0055966e-04  -7.0844620e-03  -1.2455786e-03   9.5143048e-04
  -9.7855823e-02  -1.1786663e-01   2.3679679e-01  -5.8964898e-03  -1.2050154e-03   8.4327261e-04
  -9.6733191e-02  -6.6503048e-03   1.3668906e-01  -7.0622920e-03  -1.0975701e-03   1.0567735e-03
  -1.0897171e-01  -7.7874132e-02   2.6272469e-01  -7.0986436e-03  -5.1491994e-04   1.1767396e-03
  -7.7459691e-02   2.2818873e-02   2.0985498e-01  -5.8281528e-03  -8.3371369e-04   1.2179600e-03
  -9.3324732e-02   5.1174626e-02   1.5534605e-02  -7.0976875e-03  -1.0689214e-03   1.0648724e-03
  -8.5380586e-02  -3.5040899e-02   1.9226744e-01  -6.8312751e-03  -1.1121660e-03   1.1818692e-03
  -9.0341492e-02   2.5897849e-03   9.8085940e-02  -7.3667633e-03  -1.1142408e-03   1.1206565e-03
  -9.9559071e-02  -6.9502786e-02   1.0630613e-01  -5.9113969e-03  -8.0319792e-04   9.5436252e-04
  -6.8170516e-02   1.0102466e-02   2.1540412e-01  -6.5133087e-03  -9.2212462e-04   1.2183613e-03
  -8.5671254e-02   5.7463100e-02   1.1203445e-02  -7.5246755e-03  -8.8874124e-04   1.0888319e-03
  -8.8470643e-02  -4.0690041e-02   1.6841896e-01  -6.9282028e-03  -9.1694345e-04   1.0482634e-03
  -8.7560663e-02   1.9633905e-02   1.6944108e-02  -7.3126501e-03  -9.2877022e-04   1.0797338e-03
  -6.9321018e-02   6.1391429e-02  -1.3213674e-02  -8.0499869e-03  -1.3290320e-03   1.0902138e-03
  -9.6635804e-02  -5.1502953e-01   7.8260679e-01  -6.7095008e-03  -4.6725503e-04   6.8031755e-04
  -1.9605176e-01  -4.5480151e-01   5.1218320e-01  -8.0135868e-03   2.4814714e-03  -9.8335987e-05
  -6.5347760e-02   2.5133216e-01   7.0872517e-02  -9.3421860e-03   3.4032621e-05   4.3795911e-04
  -9.2487507e-02   4.4494724e-02  -3.2255943e-02  -7.5495730e-03  -1.3943641e-03   2.2814962e-04
  -1.3316967e-01  -4.5910372e-02  -3.1866053e-01  -4.1032322e-03  -1.2181156e-03  -4.4246947e-04
  -8.7273828e-02  -2.4028969e-01   3.2592565e-01  -3.2480649e-03  -1.8853320e-03  -6.6021286e-04
  -1.1038611e-01  -2.7578612e-01   3.0692672e-01  -3.9672432e-03  -5.2659831e-04  -2.7198375e-04
  -9.3585518e-02   5.2685673e-03   1.2037287e-01  -4.8493333e-03   3.6630422e-04   5.0285657e-05
  -1.2417482e-01  -1.0319856e-01   6.0397457e-02  -4.2172087e-03   7.0332906e-04  -1.0777582e-04
  -6.3956765e-02  -2.3186120e-01   6.8487161e-01  -4.9620943e-03  -1.1434087e-03   4.4712647e-04
  -5.9063510e-02  -3.0322267e-01   1.0946364e+00  -4.8194441e-03  -5.6081688e-04   6.8058655e-04
  -2.5481608e-02   2.1559191e-02   7.0172484e-01  -4.4683542e-03  -1.1609915e-03   1.1024447e-04
  -5.3745752e-02  -2.5864507e-02   5.6082442e-01  -4.6998744e-03  -1.1456092e-03   2.2549816e-04
  -6.9625171e-02   7.6223251e-02   4.7296083e-01  -5.7108195e-03  -4.4793485e-04   4.5764683e-04
  -9.4747566e-02   1.6405806e-02   4.5021701e-01  -5.6666812e-03  -7.8969428e-05   5.0932435e-04
  -1.0775714e-01  -1.8438548e-01   5.7188686e-01  -5.9900574e-03  -6.9791560e-04   4.4679233e-04
  -1.2076505e-01  -1.3115147e-01   5.0027833e-01  -5.9724598e-03  -3.5375871e-04   3.9140145e-04
  -9.2449365e-02  -3.9539639e-02   5.1541208e-01  -6.0466568e-03  -5.3275850e-04   4.3121354e-04
  -9.7359206e-02   9.5453583e-02   4.4158189e-01  -6.5611522e-03   2.9104692e-04   2.0580894e-04
  -1.1786977e-01  -4.4079550e-03   3.6393120e-01  -6.0926398e-03   3.2440348e-04   6.7479854e-05
  -1.0022656e-01   5.5715581e-02   3.9217020e-01  -6.6229800e-03  -3.7137661e-05   4.0563815e-04
  -1.4535791e-01  -1.7853704e-01   3.8980267e-01  -5.6284900e-03   2.0214279e-04   8.6317367e-05
  -1.1062707e-01   1.3259175e-01   2.6727759e-01  -7.2002509e-03   2.3414138e-04   4.5346395e-04
  -1.3360432e-01   4.1525803e-02   2.1419085e-01  -6.9498994e-03   3.7509338e-04   5.1973487e-04
  -1.1249446e-01  -8.7376003e-02   4.0787055e-01  -6.7421011e-03  -3.2371825e-04   5.5772780e-04
  -1.4271685e-01  -1.3470734e-01   5.7271341e-01  -8.2303249e-03   3.6953933e-04   8.4371918e-04
  -1.3641181e-01   2.8029124e-02   2.1942883e-01  -6.7352473e-03  -1.8761416e-04   4.8964038e-04
  -9.6538590e-02   6.6966163e-02   3.4683709e-01  -6.6768044e-03  -4.8501501e-04   8.2236815e-04
  -1.2655187e-01   9.5022152e-02   2.1056744e-01  -7.2877498e-03   1.1433124e-04   8.0461502e-04
  -1.4341856e-01   4.7378462e-02   1.8287677e-01  -6.2640901e-03   4.5212114e-04   7.2336991e-04
  -1.4263501e-01  -5.5200117e-03   1.9867057e-01  -6.8012724e-03   1.9440602e-04   8.0900829e-04
  -1.3943038e-01  -1.3452452e-01   3.8993443e-01  -7.2142097e-03  -6.6213512e-04   9.3108874e-04
  -1.3498525e-01  -1.6663573e-01   5.0359287e-01  -4.6287697e-03  -7.3440361e-04   9.8987781e-04
  -1.1904024e-01   2.1960937e-02   4.3344769e-01  -6.4019668e-03  -2.0567262e-04   1.0784545e-03
  -1.3881116e-01   2.1890653e-02   3.0012312e-01  -6.9782648e-03   2.3453502e-05   9.7535300e-04
  -1.4668446e-01   2.1458872e-03   2.1302769e-01  -6.1257069e-03   3.0833452e-05   7.2294246e-04
  -1.2418640e-01   1.1448305e-01   2.7292948e-01  -6.9494621e-03   1.1510816e-04   1.0005321e-03
  -1.4833608e-01   2.0289247e-02   2.0381828e-01  -6.2041711e-03   3.7281706e-04   7.9310852e-04
  -1.4181389e-01   9.1006310e-02   1.7648747e-01  -6.5489417e-03   5.5073387e-04   8.5497530e-04
  -1.4410138e-01  -9.4516359e-02   3.6623984e-01  -6.4940802e-03   1.6359982e-04   9.6615908e-04
  -1.6136076e-01  -7.9567849e-02   2.9935198e-01  -6.5751435e-03   1.1229435e-04   9.1859690e-04
  -1.8332942e-01  -3.5540541e-02   2.3669122e-01  -6.1979989e-03   2.0218949e-04   8.0192867e-04
  -1.5739971e-01   5.2789463e-02   2.7381992e-01  -5.8413254e-03   9.1491482e-05   8.2814372e-04
  -1.4520342e-01   4.1387148e-02   2.7729752e-01  -7.6182458e-03  -5.4853990e-04   8.5222851e-04
  -1.9464550e-01  -5.5417448e-02   2.2325953e-01  -6.0555875e-03   1.1467065e-04   6.3947034e-04
  -1.4715888e-01   5.3810960e-02   2.5054149e-01  -6.6660260e-03  -8.9436463e-05   7.4630363e-04
  -1.5467713e-01  -1.9782975e-03   2.7680097e-01  -6.7909152e-03  -1.0208067e-04   7.5339465e-04
  -1.7541345e-01   2.1213792e-02   1.7421763e-01  -6.3329896e-03   2.7066141e-04   6.5342328e-04
  -1.5440757e-01   8.0589036e-02   1.3188660e-01  -7.4147110e-03  -7.1304610e-05   7.7749773e-04
  -1.7105181e-01  -9.2297636e-02   2.3186472e-01  -6.9194233e-03  -3.9052229e-05   8.7512926e-04
  -1.2900625e-01   8.7300334e-02   2.2067805e-01  -7.7231355e-03  -2.9139564e-04   1.0063903e-03
  -1.6964523e-01  -2.6386951e-02   1.4242119e-01  -7.6048028e-03  -1.2628484e-04   9.1187254e-04
  -1.3624718e-01   2.2072987e-02   2.2900413e-01  -8.0829647e-03  -4.7275087e-04   9.3689494e-04
  -1.4798632e-01   7.1111158e-02   7.2440395e-02  -8.2640918e-03  -1.8338145e-04   8.7674530e-04
  -1.3408357e-01   9.3827399e-03   1.8498132e-01  -8.2636965e-03  -3.6596385e-04   9.1365128e-04
  -1.6013670e-01   1.9417654e-02   8.0793800e-02  -8.4939322e-03  -4.8928703e-04   9.4612216e-04
  -1.7319846e-01  -4.5151434e-02   8.5990242e-02  -7.1632638e-03  -3.4442503e-04   1.0075150e-03
  -1.4890343e-01   1.3411872e-01  -2.7374433e-02  -8.4908230e-03  -4.5937526e-04   1.0225231e-03
  -1.6354142e-01   5.6064036e-02  -5.2501362e-02  -7.8234822e-03  -2.4143345e-04   8.6192594e-04
  -1.4304960e-01   3.6909414e-02  -1.2660309e-02  -9.0760034e-03  -9.5478846e-04   1.1664943e-03
  -2.3624494e-01  -9.9687919e-02  -4.9971992e-01  -4.6311193e-03  -1.2890546e-03   3.0301893e-04
  -1.8548898e-01  -3.2411460e-02   1.2136036e-01  -5.4126560e-03  -1.8404329e-04   6.9414775e-05
  -2.1340258e-01   7.1392788e-02  -6.0134772e-02  -7.0948402e-03  -2.4343229e-04   2.8190751e-04
  -2.0333539e-01   1.2730849e-03   6.5588707e-02  -5.5484880e-03  -2.2470446e-04   2.3698097e-04
  -2.0909531e-01   1.5592202e-01  -6.4197955e-02  -7.0515465e-03  -8.9932100e-05   3.1117975e-04
  -2.2430816e-01  -4.0796808e-02   7.4875948e-02  -5.9522578e-03  -1.1998093e-05   1.2045201e-04
  -2.0338488e-01   1.3948712e-01  -2.3641885e-02  -7.3980560e-03  -1.7753332e-04   2.8869991e-04
  -2.2760692e-01  -1.0091791e-02   2.2315073e-02  -5.5792319e-03   1.8259302e-04   1.6000613e-04
  -1.8550850e-01   1.1727526e-01   7.3643131e-02  -7.1747186e-03  -1.4532626e-04   4.3168330e-04
  -2.2381709e-01   1.8018340e-03  -5.5251588e-02  -6.7464653e-03   1.7669531e-04   4.3976409e-04
  -1.9709515e-01  -2.0772178e-02   6.8288084e-02  -6.9608808e-03   1.5480763e-04   4.2002590e-04
  -1.9425349e-01  -1.2520468e-01   2.7817714e-01  -6.2079469e-03   2.8795057e-04   1.9836715e-04
  -2.0095287e-01   8.7964360e-03   8.2015910e-02  -8.8583405e-03  -3.7561578e-04   7.9780531e-04
  -2.0822028e-01   3.0354573e-02   2.8972191e-02  -8.1215599e-03  -3.4092736e-04   6.1817856e-04
  -1.8670869e-01   1.8729769e-01  -8.6123545e-02  -9.2821388e-03  -5.1504066e-04   7.7070968e-04
  -2.1273221e-01   5.2447359e-04   7.5327528e-02  -8.5943702e-03  -4.0581818e-04   7.7935297e-04
  -2.1243598e-01   9.2942267e-02  -3.3730729e-03  -9.1712910e-03  -4.1464873e-04   6.8545413e-04
  -2.1704600e-01  -1.4337994e-02  -3.2336088e-02  -8.4917652e-03  -5.9509129e-04   6.5004685e-04
  -1.6777148e-01   2.3185842e-01  -6.4190273e-02  -9.1038306e-03  -6.8913017e-04   8.2205978e-04
  -2.0313393e-01   4.8236413e-02  -2.8106765e-02  -8.3438075e-03  -6.0019874e-04   7.2382808e-04
  -1.6830756e-01   1.4482024e-01   1.1825395e-02  -9.2472876e-03  -8.7029686e-04   7.5952009e-04
  -1.9580500e-01   1.5544351e-01  -1.4212352e-01  -8.8668675e-03  -4.8492944e-04   7.3271914e-04
  -1.8313383e-01   1.2020524e-01  -1.3180744e-01  -8.9378374e-03  -9.0690334e-04   8.4771547e-04
  -2.2992911e-01  -8.3634448e-02  -2.7654231e-02  -7.8259200e-03  -3.1520767e-04   6.9244242e-04
  -1.7748126e-01   1.7200648e-01  -7.9652648e-02  -9.7533181e-03  -8.2240286e-04   9.6250414e-04
  -2.1009278e-01  -8.4557903e-03  -8.8886404e-02  -8.8093566e-03  -4.6340620e-04   8.0868613e-04
  -1.5463993e-01   1.8698300e-01  -1.1636548e-01  -1.0074665e-02  -7.8669439e-04   8.7162635e-04
  -1.8442295e-01   7.4481154e-03  -1.1802410e-01  -9.1516075e-03  -7.3874842e-04   7.9739269e-04
  -1.4454968e-01   2.3395497e-01  -2.0901183e-01  -9.4829841e-03  -5.1849595e-04   9.3267970e-04
  -2.1591634e-01  -4.8106294e-02  -8.0411244e-01  -4.5123181e-03  -2.2838338e-03   4.1638815e-04
  -2.0387520e-01   7.2232672e-02  -2.3698434e-01  -8.8334544e-03  -1.1925747e-03   6.4456327e-04
  -2.0884482e-01   8.1705796e-02  -3.5779395e-01  -8.1754400e-03  -1.2879806e-03   4.5020141e-04
  -1.7469033e-01   2.6791306e-01  -3.4656375e-01  -8.8948853e-03  -1.4599666e-03   6.8505983e-04
  -2.2904009e-01  -2.5736365e-02  -2.6494369e-01  -6.4469813e-03  -9.5800029e-04   3.2050728e-04
  -1.6872565e-01   1.9967639e-01  -2.7392556e-01  -9.4965631e-03  -1.9600217e-03   7.3559930e-04
  -2.1380888e-01   4.1412998e-02  -3.0635187e-01  -8.3861744e-03  -1.5932306e-03   6.6205986e-04
  -1.8853623e-01   7.2705657e-02  -2.4711501e-01  -9.0614104e-03  -1.7568370e-03   7.4358591e-04
  -1.9727785e-01   1.2346658e-01  -3.4147766e-01  -9.5679969e-03  -1.7544833e-03   6.5692414e-04
  -2.0638410e-01   2.8828003e-02  -3.1063899e-01  -8.4898957e-03  -1.6340306e-03   5.4172929e-04
  -1.8099286e-01   1.7239312e-01  -3.2571686e-01  -8.8592957e-03  -1.5996083e-03   5.6286331e-04
  -2.0121201e-01   1.2461900e-01  -4.0473879e-01  -8.8502024e-03  -1.3979317e-03   5.1999491e-04
  -1.9532252e-01   8.1536690e-02  -2.5708611e-01  -9.9948997e-03  -1.6592303e-03   5.7850607e-04
  -2.2262435e-01  -7.6485866e-02  -2.9686283e-01  -6.9585040e-03  -1.5878206e-03   2.4112650e-04
  -1.6620837e-01   1.7594132e-01   4.6175387e-03  -1.0054621e-02  -6.6516768e-04   6.6741593e-04
  -1.8815046e-01   6.1027305e-02  -3.7592612e-02  -1.0048551e-02  -1.0453097e-03   7.7491421e-04
  -1.7892767e-01   9.4933734e-02  -1.3475659e-01  -8.7298410e-03  -1.2947019e-03   5.4501693e-04
  -1.5928970e-01   2.8103579e-01  -2.2834410e-01  -9.7919388e-03  -1.2691166e-03   6.3202113e-04
  -1.9302027e-01   1.3905920e-01  -1.9988412e-01  -1.0238614e-02  -1.1709043e-03   7.8635254e-04
  -1.7756267e-01   1.0014235e-01  -5.9495734e-02  -1.0509448e-02  -1.3812661e-03   1.0329221e-03
  -2.4645324e-01  -4.4503941e-01   2.6580505e-01  -6.7739705e-03  -1.7820689e-04   5.1862984e-04
  -1.8623660e-01   1.7051749e-01   8.6787714e-02  -1.1050873e-02  -1.7233712e-04   5.9545143e-04
  -2.1394822e-01  -4.5008558e-02   1.3740056e-01  -1.1681335e-02   1.0681608e-03   3.6413626e-04
  -1.8865412e-01   4.1136788e-02  -1.4087820e-01  -8.5015465e-03  -3.4218222e-04   1.8266059e-04
  -2.0074849e-01  -2.3442093e-02  -6.9972680e-02  -6.8265603e-03  -2.5920327e-05  -2.1062829e-04
  -1.8760401e-01  -5.2427277e-02   5.9896748e-02  -5.8132253e-03  -4.2286373e-05  -3.5087932e-04
  -1.5832477e-01   1.9903064e-01  -3.9429310e-02  -7.1446123e-03   1.7281509e-04   9.2227029e-05
  -1.8500026e-01  -4.9151870e-02   4.0552706e-02  -8.0718668e-03  -7.6027378e-04   3.6553163e-04
  -1.8456218e-01  -4.6709379e-02   3.1052775e-02  -7.5717866e-03  -6.7822949e-04   2.2645724e-04
  -1.5241881e-01   1.1942619e-01   2.9832616e-02  -9.7058958e-03  -1.0902349e-03   4.0215921e-04
  -1.8902193e-01  -1.5761958e-02   4.2577995e-02  -1.0009088e-02  -9.4870864e-04   5.8154510e-04
  -1.7885321e-01   2.8344848e-02  -1.2127714e-02  -9.7024586e-03  -8.7798680e-04   5.8456896e-04
  -1.6695916e-01   9.8625318e-02   1.2431249e-02  -1.0190329e-02  -7.7751095e-04   7.5029102e-04
  -1.9642310e-01   5.8982605e-02  -9.0990753e-02  -9.9290219e-03  -4.2803206e-04   7.3163680e-04
  -1.6952900e-01   6.1694502e-02   5.5873148e-02  -1.0023117e-02  -7.4632564e-04   8.7172112e-04
  -1.9871550e-01   5.5897606e-02  -9.1862689e-02  -1.0664164e-02  -5.6350209e-04   7.5046591e-04
  -1.8230273e-01  -9.6837309e-03   4.9341323e-02  -1.0605587e-02  -1.0418757e-03   8.7898180e-04
  -2.1048188e-01   2.8200530e-02  -1.1516703e-02  -9.6982783e-03  -4.0159640e-04   7.9388532e-04
  -1.9231462e-01   2.3771607e-02   3.7698861e-02  -8.4352646e-03  -4.8854898e-04   7.3085998e-04
  -1.8014136e-01   1.1305207e-01  -2.7922127e-02  -1.0841460e-02  -8.6985813e-04   8.1168488e-04
  -2.1674230e-01  -2.4825187e-02  -4.1358391e-02  -9.6692158e-03  -3.2917767e-04   6.0846354e-04
  -1.6500398e-01   1.5928648e-01  -4.8240552e-02  -1.0309366e-02  -6.7567052e-04   7.6266882e-04
  -2.0051353e-01   3.0918668e-02  -1.1062428e-01  -1.0226968e-02  -6.1971933e-04   5.9852142e-04
  -1.6129645e-01   2.2678744e-01  -1.9468872e-01  -1.0594636e-02  -6.7804486e-04   8.0046142e-04
  -1.7115574e-01   1.1909920e-01  -2.2416707e-01  -1.1212283e-02  -1.0556830e-03   8.3900956e-04
  -1.9374910e-01   1.7292958e-02  -4.8140031e-01  -1.0822589e-02  -1.7386188e-03   6.0822409e-04
  -1.6782381e-01  -1.3018896e-01  -1.5320348e-01  -1.0797470e-02  -3.2258129e-03   9.0034656e-04
