   0.0000000e+00   0.0000000e+00   0.0000000e+00   0.0000000e+00   0.0000000e+00   0.0000000e+00
   1.6742602e-02  -5.5657833e-02   8.3704296e-02   2.9035711e-04  -6.8025515e-05   4.5431895e-04
  -2.0565614e-02  -8.7743305e-02  -3.1236684e-02   3.7615049e-04   3.0522246e-04  -5.7278009e-05
  -3.9045415e-02  -1.4166987e-01   6.5026964e-02  -2.2736061e-04   6.6499138e-04   5.1650925e-05
  -1.6727274e-02  -1.3818928e-01   1.0776959e-01  -1.1025852e-03   7.7875805e-04   9.0038717e-04
  -3.1237194e-02  -2.5787021e-01   1.0514105e-02   3.2223132e-04   1.3159331e-03   1.1073483e-03
   1.6144675e-02   5.7720517e-02  -9.1149644e-02  -7.6175675e-04   4.0922061e-04   1.3665284e-03
   1.7764580e-02  -5.1170547e-02   9.9336172e-02  -9.2452185e-04   4.1190944e-04   1.1946567e-03
  -3.2727042e-02  -2.9505107e-01  -4.8412714e-02   9.7312416e-04   1.3679067e-03   1.4454833e-03
  -2.1999327e-02  -1.1090321e-01   1.2886349e-01  -3.6682661e-04   1.3278337e-03   1.2136121e-03
  -8.5215779e-03  -1.6283219e-01   6.6434933e-02  -1.0803101e-03   4.0001614e-04   1.0073872e-03
   7.6278305e-03  -8.8906599e-02  -5.2563233e-02  -5.8477354e-05   1.8152461e-04   9.5505740e-04
  -1.0074610e-02  -1.1247567e-01   1.3033703e-01  -7.5969795e-04   3.8636026e-04   6.1103503e-04
  -2.4958388e-02  -2.6884366e-01  -3.6046343e-03   2.5657339e-04   2.9923996e-04   6.1471672e-04
  -2.0503117e-02  -4.1992765e-02   6.9225167e-02  -2.9411661e-04   6.3638855e-04   5.9508705e-04
  -1.5026947e-02  -6.4011815e-02   7.9559090e-02  -2.9440497e-04   6.7008086e-04   6.5522458e-04
  -3.0965022e-02  -1.7243643e-01   6.1827745e-03   1.4625593e-04   1.2662028e-03   9.3564522e-04
   4.9156560e-02   7.9576455e-02  -3.3211306e-02  -5.0056243e-04  -3.1477226e-04   1.2018998e-03
  -1.9697539e-02  -2.7145583e-01   6.9610116e-02  -1.4770203e-03   7.9480791e-04   1.0045103e-03
   1.9003226e-03  -2.1070906e-01   3.4205265e-02  -2.2085400e-03  -3.8694843e-04   6.3662561e-04
  -1.1551976e-02  -2.3798493e-01   3.5640940e-02   2.4995616e-04   6.2199655e-04   1.4036652e-03
  -1.5307378e-02  -7.0270585e-02   4.2232187e-02  -9.6599158e-05   1.0940644e-03   1.3862070e-03
  -2.9399855e-02  -7.0002900e-02  -8.8502828e-03  -3.2088296e-04   7.4481617e-04   6.3444090e-04
  -2.1612427e-03  -2.4883733e-02   7.2338878e-02  -8.5865796e-04   5.5905066e-04   1.1509184e-03
  -9.2308518e-03  -6.6140684e-02   2.9489979e-02  -5.6524907e-04   2.9024553e-04   8.4759466e-04
  -1.8134383e-02  -1.3270780e-01  -9.5953206e-04  -1.1235672e-04   5.4226562e-04   4.7613159e-04
  -2.7964239e-02  -1.3359172e-01   5.7342336e-02  -1.1564007e-03   4.8318786e-04   3.2940758e-04
  -3.2153618e-02  -2.3462510e-01  -4.7617256e-02  -1.1373304e-03  -2.5121760e-04  -3.1480373e-04
   7.8597488e-03  -9.0530142e-02  -8.6864741e-02  -9.1071685e-04  -1.1296972e-03  -4.7496253e-04
  -3.3204521e-02  -2.9213185e-01   6.4569784e-02  -6.1186288e-04   5.7646604e-05  -4.3890317e-04
  -2.1285733e-02  -2.2430141e-01   6.8840515e-02  -6.8535933e-04  -6.6776208e-04  -9.6799337e-04
  -8.3680037e-02  -1.7220422e-01   5.9087256e-03   1.9880353e-04  -1.5275482e-04  -1.9487759e-03
  -2.3764680e-02   5.8219187e-02  -4.0322772e-02  -9.2363585e-04  -7.2852937e-04  -4.1580316e-04
   5.8981832e-03  -9.5151245e-02   7.8644593e-02   6.9659496e-04  -1.3159105e-03  -5.4242911e-04
  -4.0430525e-02  -2.3563090e-01   4.3039525e-02  -2.8986723e-05  -5.4631875e-04  -4.3270257e-04
  -5.6523424e-02  -1.2739691e-01   1.0016397e-02   1.2350928e-03  -2.2074997e-04  -6.6715985e-04
  -4.6232334e-02   2.7055760e-02   9.7863028e-02   7.2507537e-04  -1.7023490e-04  -8.8100127e-04
  -5.0386362e-02  -5.6261882e-02   2.1115255e-02  -2.5362725e-04  -7.6046255e-04  -1.4921830e-03
  -3.2361738e-02   1.3130898e-02   1.0662764e-01  -8.3713025e-04  -7.7307892e-04  -1.3070790e-03
  -6.9122817e-02  -1.8170039e-01   5.9197030e-02   3.1391159e-04  -6.0620980e-04  -1.6237050e-03
  -6.3026466e-02  -5.8824402e-02   9.2469913e-02  -5.1602013e-04  -4.9357166e-04  -1.9835552e-03
  -5.2677669e-02  -6.8184166e-02   7.6489816e-02  -3.1786783e-05  -5.0091134e-04  -1.7060901e-03
  -6.5476408e-02  -1.8407649e-01   1.1604111e-01  -8.6952859e-04  -2.1129806e-04  -1.5709828e-03
   2.6135432e-03   5.9644136e-03  -9.9598512e-03  -6.0617580e-04  -1.4738566e-03  -1.3765926e-03
  -6.0617339e-02  -3.0364574e-01   1.2790709e-01   6.2895261e-04   2.1716186e-04  -1.4314532e-03
  -5.2616137e-02  -9.7826162e-02   1.5064921e-01  -7.5383556e-04   1.2664625e-04  -1.5958119e-03
  -6.0337262e-02  -2.7521618e-01   1.4427746e-01  -9.9773377e-04  -1.9257066e-04  -1.3060711e-03
  -7.1625401e-02  -2.4737892e-01   1.3156376e-01  -8.0931426e-04  -4.5874456e-04  -1.7579961e-03
  -2.8381868e-02  -1.0079747e-01   1.2628005e-01   6.3949775e-04  -9.0882620e-06  -6.6409317e-04
  -2.0119451e-02   3.8835200e-02  -1.5540476e-02  -1.1128231e-04  -4.2053534e-04  -1.1066847e-03
   4.1320640e-02   1.7985600e-01   7.1176090e-02  -1.4872553e-03  -1.2381534e-03  -8.1779573e-04
  -4.4451519e-02  -2.8801242e-01   8.9001166e-02   3.0724156e-04  -1.1526656e-06  -1.2460308e-03
  -4.3396568e-02  -1.1417082e-01   8.7683678e-02   1.3349522e-03   1.3896232e-04  -1.6546163e-03
   3.8049087e-02  -6.9493185e-02  -1.6453941e-02   1.5811053e-03  -1.5430740e-03  -9.6976653e-04
  -2.2254247e-02  -3.1660484e-01   1.3236124e-01   1.2215036e-03  -7.1205292e-04  -1.6480443e-03
  -4.8210003e-02  -3.2113330e-01   1.3324985e-01   1.0309774e-03   1.1852347e-04  -2.1585022e-03
  -3.2909962e-02  -2.5629026e-01   1.7151923e-01   9.3853564e-04   1.1607499e-04  -2.0309709e-03
  -3.6350971e-02  -2.7867797e-01   1.0747298e-01   4.6464543e-04   3.1230919e-04  -1.7956709e-03
  -2.1344601e-02  -5.9654345e-02   1.5207522e-01  -2.1731302e-03   5.4462898e-05  -1.5229486e-03
  -4.6970029e-02  -2.0609779e-01   9.7463030e-02   5.4151961e-04   9.5816782e-06  -1.7377687e-03
  -2.8621958e-02   3.7987739e-02   8.3128079e-02   9.1036397e-04   1.2761525e-05  -1.3625233e-03
   2.9138336e-02   4.8130078e-02   1.0548860e-01   3.8078663e-04  -1.2778671e-03  -1.0029072e-03
  -4.8133990e-02  -4.5200252e-01   1.9436734e-01   1.9288392e-04  -1.4239709e-04  -1.3997819e-03
  -5.4658343e-02  -3.1386593e-01   2.3048702e-01   1.6190940e-03   1.6524567e-04  -1.6464452e-03
  -3.3650670e-02  -2.2459170e-01   2.6382948e-03   3.3041849e-03  -5.4719899e-05  -1.9414214e-03
   1.0060555e-02   8.2439753e-02   1.4565980e-01   2.2274387e-03  -1.3712164e-03  -2.4952380e-03
  -4.7314501e-02  -3.9104400e-01   1.4114154e-01   1.0749945e-03  -5.6746594e-04  -2.6280638e-03
  -3.2382929e-02  -2.0155753e-01   3.3350213e-01  -1.4666072e-03  -4.2162764e-04  -1.9268713e-03
  -7.4238958e-02  -3.1794723e-01   1.1283309e-01   1.4084062e-03  -6.3433499e-04  -3.0480824e-03
  -3.6038982e-02  -2.8903413e-02   2.2276988e-01   2.0316543e-05  -3.7238648e-04  -2.7220924e-03
  -4.7921696e-02  -1.8187074e-01   1.5260131e-01   3.6503568e-04  -5.2421311e-04  -2.8817596e-03
   9.9227403e-03  -3.7127298e-02   1.0271407e-01   7.5516544e-04  -1.8856841e-03  -2.8890050e-03
  -1.9298926e-02  -2.7827906e-01   3.0969728e-01  -9.4243204e-04  -1.1274849e-03  -2.6730410e-03
  -4.4245430e-02  -3.1021481e-01   9.7976917e-02   1.1564989e-03  -1.8003325e-03  -3.7007197e-03
  -2.1051405e-02   1.0796522e-01   2.1570869e-01   7.4339797e-04  -1.8879105e-03  -3.3393090e-03
  -6.6791325e-02  -4.0081198e-01   1.3417495e-01   9.5288139e-04  -1.1092401e-03  -3.7025382e-03
  -5.5265378e-02  -2.8671308e-01   1.8270574e-01   9.8560329e-04  -9.1136315e-04  -3.1807687e-03
  -3.4385448e-02  -3.2358477e-01   1.6111414e-01   3.7235061e-04  -1.4068288e-03  -3.0832352e-03
  -1.3355554e-02  -1.2133356e-01   1.6940115e-01  -1.1652003e-03  -1.1795971e-03  -2.7725692e-03
  -3.2552320e-02  -1.2724554e-01   1.6223253e-01  -7.2868707e-04  -1.2493516e-03  -3.4907487e-03
  -6.3125141e-03   5.9103195e-02   1.3293730e-01  -6.9225623e-04  -1.1704878e-03  -3.0883147e-03
  -2.0666780e-02  -4.8321724e-02   1.7531044e-01  -7.9351977e-06  -1.1208755e-03  -3.4225807e-03
  -6.4499397e-02  -1.7867933e-01   1.7742128e-01  -2.3685599e-04  -1.0563612e-03  -3.9860275e-03
  -6.6889171e-02  -1.3842887e-01   1.9334626e-01  -6.1574095e-04  -1.1517629e-03  -4.0374438e-03
  -7.7856810e-02  -2.7103927e-01   1.5875688e-01   1.8885629e-04  -1.4424242e-03  -4.8171705e-03
  -1.5206417e-02  -1.2992452e-01   1.8580223e-01   1.3648851e-03  -1.9314614e-03  -3.7044704e-03
  -3.8506628e-02  -4.8662906e-01   9.1028491e-02   1.9971811e-03  -1.7294658e-03  -3.9895997e-03
  -2.9983861e-02   1.1848177e-01   2.1180249e-01  -4.4379470e-04  -2.6848436e-03  -4.7586612e-03
  -7.3513139e-02  -3.5455348e-01   2.3562564e-01   2.2959104e-04  -2.2774674e-03  -5.2797054e-03
  -8.8960641e-02  -2.7436137e-01   2.9613982e-01   1.7616361e-03  -1.9210808e-03  -5.0988658e-03
  -6.8835017e-02  -2.6540249e-01   2.1176808e-01   1.4478404e-03  -2.2373412e-03  -4.3790065e-03
  -7.6794986e-02  -3.0323276e-01   8.4737206e-02   1.9377897e-03  -1.9655590e-03  -4.4689469e-03
  -4.0365160e-04  -1.1725802e-02   9.3573161e-02   1.8674178e-03  -2.9097768e-03  -3.4942476e-03
  -4.7931301e-02  -3.9256654e-01   1.7992325e-01   2.0267381e-03  -1.9864562e-03  -3.5342395e-03
  -5.0319532e-02  -3.2874269e-01   2.4006418e-01   2.1199145e-03  -2.2392058e-03  -3.5756166e-03
   3.4912142e-03  -2.9910262e-01   9.5534104e-02   3.6604711e-03  -3.0701524e-03  -3.3594077e-03
  -5.7288338e-02  -4.1789346e-01   2.0010191e-01   3.8865954e-03  -2.0800532e-03  -4.3304706e-03
  -4.4234428e-02  -1.5993700e-01   3.2409237e-01   2.5009815e-03  -2.7465740e-03  -5.1526481e-03
  -7.5676550e-02  -4.1203232e-01   2.3795419e-01   3.2787280e-03  -2.0705398e-03  -4.8899304e-03
  -8.3513533e-02  -1.6378922e-01   1.5890336e-01   3.4730058e-03  -2.0958631e-03  -5.2592776e-03
  -1.0314774e-01  -1.9543938e-01   3.1015938e-01   3.0222206e-03  -2.4630775e-03  -5.7372637e-03
  -7.8222193e-02  -2.7544037e-01   3.4164103e-01   1.8995763e-03  -2.9329618e-03  -5.3288273e-03
  -2.9047683e-02  -2.4579075e-01   8.9401928e-02   3.2167948e-03  -3.6526274e-03  -4.5810961e-03
  -3.5588681e-02  -2.4857664e-01   2.5679761e-01   2.3924380e-03  -3.7310208e-03  -4.4025272e-03
  -5.8864349e-02  -5.2208194e-01   1.6795725e-01   6.2435521e-03  -2.7468628e-03  -3.7679899e-03
  -2.6782671e-02  -1.9688264e-01   2.9866868e-01   3.8275425e-03  -3.2786336e-03  -3.9006001e-03
  -4.2888783e-02  -3.1666893e-01   3.6138161e-01   2.8283556e-03  -3.1654671e-03  -4.6525172e-03
  -2.9319006e-02  -1.6690582e-01   1.5176812e-01   3.4262901e-03  -3.6073895e-03  -4.9710632e-03
  -2.2621265e-02  -1.6995320e-01   3.5839993e-01   3.2181746e-03  -4.2510203e-03  -5.7755281e-03
  -5.9392049e-02  -3.4363341e-01   2.6954915e-01   1.6840006e-03  -3.7153637e-03  -6.0243131e-03
  -3.5730442e-02  -2.4232057e-01   3.0524313e-01   3.3087777e-03  -3.4840054e-03  -5.7881759e-03
  -2.7849469e-02  -2.3051150e-01   2.9763193e-01   3.0232452e-03  -3.5512480e-03  -5.3738980e-03
   2.6055861e-02  -1.5305315e-01   1.8759954e-01   3.2588613e-03  -4.7705596e-03  -5.1458195e-03
  -3.4233582e-02  -4.0026606e-01   2.4901478e-01   3.6492504e-03  -3.7086550e-03  -5.4146629e-03
  -1.0919113e-02  -3.1814323e-01   2.7840756e-01   1.7527059e-03  -4.1598960e-03  -5.2506549e-03
   6.6852118e-03  -3.7365022e-01   2.1846295e-01   3.1959000e-03  -4.7124951e-03  -5.5030070e-03
   2.4810529e-03  -3.5410148e-01   1.3244519e-01   5.7203394e-03  -3.9862815e-03  -5.2570367e-03
   2.4123779e-02  -1.8862011e-01   2.8559506e-01   4.1049212e-03  -3.9560897e-03  -5.2058209e-03
   8.3910233e-03  -5.2514617e-01   8.1417089e-02   5.0606039e-03  -4.2293624e-03  -4.8783240e-03
   3.3110586e-02  -1.4490692e-02   2.6216386e-01   2.7230123e-03  -4.9087848e-03  -5.4373974e-03
  -3.9322672e-02  -5.6780919e-01   2.5005080e-01   4.4821013e-03  -3.9528216e-03  -6.4308416e-03
   1.0200545e-03  -1.8898306e-01   2.3254741e-01   2.6420816e-03  -4.1557724e-03  -5.9344747e-03
  -1.3671758e-02  -3.2216469e-01   2.8176007e-02   4.5770724e-03  -4.2939483e-03  -6.2757581e-03
   6.7414085e-03  -1.1742756e-01   2.7496029e-01   3.5237617e-03  -4.5368069e-03  -5.8288752e-03
  -5.1754332e-02  -4.3280729e-01   1.3645853e-01   3.9762360e-03  -4.5125954e-03  -6.9798068e-03
  -5.6333774e-02  -1.0415816e-01   2.8481733e-01   3.1438564e-03  -4.7302275e-03  -7.1474751e-03
  -5.3986278e-02  -2.9283658e-01   3.1071524e-01   2.0532202e-03  -4.3433578e-03  -6.9398673e-03
  -7.4956529e-04  -2.9082821e-01   2.6650230e-01   2.1424948e-03  -5.6916378e-03  -7.0240232e-03
  -2.0150825e-02  -2.2428323e-01   2.7767443e-01   2.8903817e-03  -5.5070846e-03  -7.3306070e-03
   3.3141384e-03  -3.3607269e-02   2.0244164e-01   1.7310321e-03  -5.6935607e-03  -7.2175106e-03
   1.2604733e-02  -1.2157819e-01   1.1906614e-01   3.1436573e-03  -5.4156458e-03  -6.7405384e-03
   1.4436039e-02  -2.4472866e-02   3.2650944e-01   9.9734563e-04  -5.6775536e-03  -6.7137101e-03
   1.8690810e-02  -3.1664402e-01   1.4431631e-01   3.9842881e-03  -5.2242989e-03  -5.8391558e-03
   1.3430401e-02  -2.5339680e-01   1.9294084e-01   3.8777288e-03  -5.5668147e-03  -6.2774139e-03
   7.9857933e-03  -1.2907271e-01   1.4490096e-01   3.1706797e-03  -5.3293707e-03  -6.4510676e-03
   4.9426356e-03  -9.9526998e-02   1.6671318e-01   3.7213519e-03  -5.1501105e-03  -6.2592997e-03
   2.9074620e-02   8.0614090e-03   1.2602160e-01   3.5145657e-03  -5.8493243e-03  -5.8206769e-03
   2.7298989e-02  -4.0157076e-01   1.9063271e-01   3.8788583e-03  -5.5748404e-03  -5.5967467e-03
   7.1286352e-02  -1.0980384e-01   1.2213198e-01   3.9209792e-03  -5.5642633e-03  -4.3186850e-03
   4.4016268e-02  -1.8618017e-01   2.3781720e-01   2.2033191e-03  -5.6340357e-03  -5.0955442e-03
   2.8313323e-04  -3.9729616e-01   1.1649883e-01   4.5311168e-03  -4.7883650e-03  -5.2285999e-03
   7.1539540e-02  -4.4478961e-02   1.7052047e-01   4.3078687e-03  -5.6153227e-03  -4.8499275e-03
   3.0458201e-02  -4.8833596e-01   3.9167679e-01   4.3296476e-03  -3.8724115e-03  -4.1742334e-03
   5.4557284e-02  -1.1721224e-01   1.6084402e-01   2.6797016e-03  -4.9556623e-03  -4.7205558e-03
   3.0394599e-02  -1.0580885e-01   1.6183309e-01   3.6953912e-03  -4.6587236e-03  -5.2190985e-03
   5.5952074e-02  -6.4152221e-02   1.9719320e-01   3.1771095e-03  -5.3078494e-03  -4.7740585e-03
   1.2048376e-02  -3.8518873e-01   1.8974887e-01   5.0277811e-03  -4.6476545e-03  -4.7320763e-03
  -1.3763956e-02  -3.5428435e-01   2.7604918e-01   5.9605403e-03  -4.1795168e-03  -5.3002997e-03
  -1.2343888e-02  -2.7537194e-01   3.2868931e-01   3.3939732e-03  -4.7638435e-03  -5.5842883e-03
   2.8632031e-03  -2.8234804e-01   1.9313813e-01   3.9225639e-03  -5.2053644e-03  -5.7391041e-03
   6.4218879e-03  -1.4476925e-01   5.3993300e-02   4.6715846e-03  -4.5851112e-03  -5.7878498e-03
   7.4231121e-02   6.7699247e-02   1.3841640e-01   3.0582981e-03  -6.2068156e-03  -5.6865414e-03
   1.3188443e-02  -4.2122680e-01   3.3163758e-01   2.7328200e-03  -5.5188952e-03  -6.0688521e-03
  -2.0814356e-02  -4.3110009e-01   2.6825678e-01   2.5918587e-03  -6.3248570e-03  -7.4150625e-03
  -3.4459411e-02  -2.3349654e-01   2.5666480e-01   3.9537046e-03  -5.1558571e-03  -7.0935013e-03
  -3.5965751e-02  -1.9724689e-01   3.2540139e-01   2.5625245e-03  -5.5870305e-03  -7.2831749e-03
   7.8464064e-03  -1.9348258e-01   1.1643323e-01   4.0399316e-03  -6.3159134e-03  -6.8571667e-03
  -6.6513715e-03  -4.2632610e-01   2.2443684e-01   4.6781192e-03  -6.3226433e-03  -7.4921861e-03
   3.4390292e-02  -1.1444485e-01   1.8223286e-01   1.4100068e-03  -7.4759473e-03  -6.8676079e-03
  -1.4270227e-02  -4.2367380e-01   2.4817557e-01   3.6767711e-03  -6.5647869e-03  -7.1625132e-03
  -4.9183530e-02  -3.7836330e-01   2.7197538e-01   4.7402838e-03  -5.6804794e-03  -7.1112898e-03
  -1.1370875e-02  -3.6968500e-01   2.3034937e-01   5.3690902e-03  -6.5074252e-03  -7.0581855e-03
  -3.8877988e-02  -3.8224374e-01   2.5076774e-01   4.1928925e-03  -6.5374641e-03  -8.1745913e-03
  -3.2198032e-02  -3.6061232e-01   2.5514754e-01   3.2089020e-03  -6.6993681e-03  -8.2068575e-03
  -4.2216024e-02  -3.6677246e-01   2.1070290e-01   3.5674062e-03  -6.6330568e-03  -8.4105076e-03
  -4.2275411e-02  -3.1880932e-01   2.3239302e-01   3.2856345e-03  -6.6420924e-03  -8.5927304e-03
   1.8104808e-02  -1.9802850e-01   1.4450869e-01   3.8994440e-03  -7.4932482e-03  -7.5796118e-03
  -4.7163496e-03  -3.6811877e-01   1.2748919e-01   4.8652844e-03  -6.8931020e-03  -7.5761153e-03
  -3.5818371e-03  -1.5799269e-01   1.3550950e-01   3.9371975e-03  -7.2876704e-03  -8.0555780e-03
   7.7048055e-02  -8.1867281e-02   5.2170725e-02   5.0784113e-03  -8.1793549e-03  -6.1395609e-03
   8.7094262e-03  -4.1097013e-01   2.3749183e-01   5.8416451e-03  -6.0622348e-03  -6.3704376e-03
   6.5375826e-03  -4.5536541e-01   1.8084044e-01   6.1346953e-03  -7.1238250e-03  -7.3383019e-03
   2.7953019e-02  -1.0684317e-01   5.1123595e-02   4.4258224e-03  -7.6245649e-03  -7.6630215e-03
   2.0837649e-02  -1.2884313e-01   7.2577324e-02   5.4412907e-03  -7.3417486e-03  -7.7252257e-03
  -3.5716240e-02  -5.3855173e-01   2.6013068e-01   4.3521408e-03  -6.1851559e-03  -8.1024483e-03
  -5.0805450e-02  -4.5037735e-01   2.1385481e-01   5.8350020e-03  -6.7579554e-03  -8.8471147e-03
  -3.3557885e-02  -2.3843399e-01   9.5551997e-02   5.6391175e-03  -6.4531282e-03  -8.4016588e-03
  -8.9579798e-03   8.8614483e-03   1.6352821e-01   5.1360351e-03  -7.3566375e-03  -7.9418113e-03
  -8.2171665e-02  -5.8556220e-01   2.4442214e-01   6.1369367e-03  -6.2357324e-03  -8.6506284e-03
  -4.6268267e-02  -2.4820156e-01   2.8018409e-01   5.0315640e-03  -6.1100437e-03  -8.2528805e-03
  -2.9976354e-02  -3.2719918e-01   9.8105679e-02   5.5166831e-03  -6.6309915e-03  -8.3596756e-03
  -1.9992751e-03  -1.0057879e-01   1.5297219e-01   5.7767878e-03  -7.2306230e-03  -8.2425765e-03
  -5.4201448e-02  -5.2256171e-01   2.5527136e-01   5.0379627e-03  -6.3258574e-03  -8.6859106e-03
  -1.0951987e-02  -1.8047383e-01   8.3438987e-02   3.3165566e-03  -6.5474213e-03  -7.9023768e-03
  -2.7506331e-02  -3.6758118e-01   3.2999557e-01   3.8870823e-03  -6.1691867e-03  -7.9785927e-03
  -3.7746465e-02  -4.5344574e-01   9.7582060e-02   6.5906835e-03  -6.0682585e-03  -8.2646199e-03
  -7.8443709e-03   1.1538878e-01   1.7110124e-01   4.5543283e-03  -7.2084501e-03  -8.4000688e-03
  -5.0648229e-02  -4.9718546e-01   2.7125485e-01   6.3034773e-03  -5.8746555e-03  -8.3008136e-03
  -3.8017576e-02  -3.9832617e-01   2.3929042e-01   5.9924330e-03  -6.1533434e-03  -8.1174349e-03
  -3.0583725e-02  -3.0903306e-01   6.5640331e-02   5.9059817e-03  -6.7436766e-03  -8.5570278e-03
   1.9168074e-02   3.7194044e-02   1.7546469e-01   5.9749760e-03  -7.4012307e-03  -8.1287926e-03
  -3.6150012e-02  -5.6112283e-01   1.6835020e-01   6.8981114e-03  -6.7255204e-03  -8.6910465e-03
  -4.9829686e-02  -3.8973447e-01   2.9250821e-01   5.6838796e-03  -5.9370163e-03  -8.8661747e-03
  -1.0681981e-02  -3.5508928e-01   2.4160989e-01   6.0485915e-03  -6.3956560e-03  -8.5841797e-03
  -4.2369350e-02  -3.2732361e-01   1.3980082e-01   6.6249534e-03  -6.1341714e-03  -9.1435950e-03
  -6.0523228e-03  -1.8023165e-01   9.6041814e-02   6.8436859e-03  -6.1901659e-03  -8.8206886e-03
   6.6658553e-02  -1.1126731e-01   5.9367462e-02   6.5833896e-03  -6.6266027e-03  -7.1293953e-03
   2.3436027e-02  -4.4981924e-01   2.2233895e-01   5.0047233e-03  -6.0218514e-03  -7.3230024e-03
  -5.3135526e-03  -5.2911952e-01   1.1723881e-01   7.4907496e-03  -5.8036343e-03  -7.7957440e-03
   2.8255231e-02  -2.7367911e-01   2.2011272e-01   7.3503535e-03  -6.1479673e-03  -7.7158552e-03
   2.4677638e-02  -4.3090038e-01   3.4707825e-01   7.3131818e-03  -5.3516898e-03  -7.2722721e-03
   4.3479363e-02  -4.8858201e-01   1.4706384e-01   8.0741481e-03  -5.7721114e-03  -7.3484533e-03
   4.0867438e-02  -2.7452794e-01   8.2955177e-03   8.9142582e-03  -6.5025648e-03  -7.7916638e-03
   1.0335962e-02  -3.3686156e-01   2.1512319e-01   6.7091077e-03  -6.5941689e-03  -8.8131276e-03
   1.6488895e-02  -4.9115852e-01   2.7876790e-01   7.1688115e-03  -6.6068816e-03  -8.2842646e-03
   1.2603571e-02  -3.7841687e-01   1.7707633e-01   7.9386455e-03  -6.5695708e-03  -8.2620440e-03
   2.4719912e-02  -2.2636797e-01   2.1338407e-01   8.7040589e-03  -6.4082935e-03  -7.6699788e-03
   5.6004168e-02  -1.5683660e-01   1.7565960e-01   8.9595487e-03  -7.1962733e-03  -7.4230592e-03
   1.0063141e-02  -6.1515822e-01   2.6825102e-01   8.3338753e-03  -6.7301074e-03  -7.7484567e-03
   5.2180438e-02  -4.4691651e-01   1.6304783e-01   9.2561824e-03  -6.9085497e-03  -6.8462440e-03
   9.5959152e-02  -3.3106824e-01   5.7347816e-02   7.7799834e-03  -7.6968154e-03  -6.5799865e-03
   7.5992707e-02  -3.3255288e-01   1.8722522e-01   6.6606788e-03  -7.2095020e-03  -6.5374406e-03
   4.1023462e-02  -5.6434239e-01   1.6782044e-01   8.0889556e-03  -6.2638129e-03  -6.8577719e-03
   4.5265367e-02  -3.9189746e-01   3.0701457e-01   7.7772252e-03  -5.9402741e-03  -6.4657002e-03
   6.0079830e-02  -3.2051938e-01   8.2432285e-02   7.9431088e-03  -7.8279434e-03  -7.5815270e-03
   3.1657438e-02  -3.0918262e-01   2.4995658e-01   7.0598548e-03  -6.9202008e-03  -7.8990019e-03
  -1.9365943e-03  -6.5843886e-01   1.4897476e-01   1.0051216e-02  -5.9427848e-03  -7.0652391e-03
   9.3846408e-03  -3.0315603e-01   2.1619066e-01   8.8235906e-03  -6.1094889e-03  -7.4645872e-03
  -2.7342088e-03  -3.8979967e-01   2.3487449e-01   8.9222720e-03  -5.8860838e-03  -7.7807171e-03
  -1.1435393e-02  -5.9905475e-01   2.0974710e-01   9.6488514e-03  -5.8106327e-03  -7.7291735e-03
   2.1092641e-02  -4.0067711e-01   2.0877816e-01   8.1327939e-03  -6.3679696e-03  -7.5606269e-03
  -1.2094533e-02  -4.2502016e-01   1.5723929e-01   8.3438515e-03  -6.4262765e-03  -8.3790637e-03
  -1.9251733e-02  -3.8744233e-01   2.5691140e-01   7.1200909e-03  -5.9956792e-03  -8.0020851e-03
  -2.3308352e-02  -4.5020803e-01   2.2696293e-01   6.8714593e-03  -6.1038073e-03  -8.3734637e-03
  -2.1081496e-02  -4.0794467e-01   2.3595685e-01   7.1107959e-03  -6.8935410e-03  -9.0192946e-03
  -2.1667755e-02  -3.4039440e-01   2.3688028e-01   6.9042894e-03  -6.7032115e-03  -9.0635881e-03
  -2.6116003e-02  -4.1427948e-01   2.4122567e-01   7.2970221e-03  -6.8285746e-03  -8.9667203e-03
   7.6641500e-03  -3.1329529e-01   2.9242302e-01   6.7800328e-03  -6.1919443e-03  -8.4135121e-03
   1.0241853e-02  -4.3454955e-01   1.9244754e-01   9.2495829e-03  -4.8586280e-03  -8.1511212e-03
   8.1438472e-02   4.7905041e-03   7.6746858e-02   8.4913673e-03  -7.0482074e-03  -7.3044692e-03
   4.1229998e-03  -5.7251404e-01   2.4238810e-01   8.6312193e-03  -5.9303204e-03  -8.3064758e-03
   2.6884220e-02  -1.7004971e-01   5.7672011e-02   5.4447871e-03  -7.0394053e-03  -8.3435252e-03
   3.3928843e-02  -2.4595890e-01   2.5326242e-01   7.0035951e-03  -7.3404521e-03  -8.0620837e-03
  -5.8901760e-02  -5.6771380e-01   1.5811730e-01   7.7914527e-03  -6.6296527e-03  -9.4773972e-03
  -3.6362666e-02  -3.4922471e-01   2.9223295e-01   7.7038920e-03  -6.5707193e-03  -9.0707093e-03
  -7.1204065e-03  -1.1604800e-01   1.0602089e-01   5.1821892e-03  -7.4467897e-03  -8.8442983e-03
  -2.9761179e-02  -4.9223837e-01   2.6370387e-01   5.0870164e-03  -6.5978320e-03  -8.1956283e-03
  -3.2143630e-02  -3.5698303e-01   2.1817360e-01   4.0928202e-03  -7.7288416e-03  -9.7146421e-03
  -3.1607917e-02  -3.5303564e-01   1.1551715e-01   6.1578115e-03  -7.6039139e-03  -9.9810122e-03
   9.2887777e-03  -3.2339977e-02   1.4356855e-01   6.7558945e-03  -8.3021446e-03  -9.3350095e-03
  -6.1529695e-02  -5.4457423e-01   3.0540403e-01   5.0631024e-03  -7.1370281e-03  -9.7666563e-03
  -5.4375082e-02  -2.7215931e-01   1.7271860e-01   4.3686156e-03  -7.6457005e-03  -1.0169312e-02
  -3.4430679e-02  -2.6423219e-01   1.6475960e-01   5.7991364e-03  -7.7059050e-03  -9.7832514e-03
  -2.5910782e-03  -7.9312953e-02   1.7569221e-01   5.9807083e-03  -8.2809358e-03  -8.8825758e-03
  -5.1820835e-02  -5.0761757e-01   2.5691330e-01   7.3870827e-03  -6.2065152e-03  -8.4861794e-03
  -4.4102880e-02  -6.1103576e-01   1.8217123e-01   9.5433353e-03  -6.4880343e-03  -9.0016344e-03
  -2.6182537e-02  -2.4921124e-01   3.1332852e-01   6.4821996e-03  -7.0197435e-03  -8.9042689e-03
  -5.3072582e-02  -5.1736850e-01   9.3589990e-02   8.6229680e-03  -7.0700725e-03  -9.0441247e-03
  -4.1176647e-02  -2.4475183e-01   3.2834916e-01   8.6290941e-03  -6.9044770e-03  -8.9180399e-03
  -4.4555979e-02  -1.6014645e-01   1.2607264e-01   7.2865637e-03  -7.9020700e-03  -9.3822031e-03
  -7.0442555e-02  -3.8025562e-01   3.1079761e-01   7.2642211e-03  -6.9898765e-03  -9.2233696e-03
  -8.1183153e-02  -5.1374716e-01   1.6722177e-01   8.0711186e-03  -7.2322860e-03  -9.3566911e-03
  -5.8963711e-02  -3.7391036e-01   2.3806664e-01   9.1758730e-03  -7.2686004e-03  -9.3896797e-03
  -6.5793749e-02  -3.8179620e-01   2.7411701e-01   9.1285867e-03  -7.2067843e-03  -9.2362476e-03
  -6.3506725e-02  -3.0541543e-01   9.7736388e-02   8.2538770e-03  -7.8503794e-03  -9.8043999e-03
  -3.4333340e-02  -1.0058356e-01   2.4892991e-01   7.1256706e-03  -7.9387121e-03  -9.0715153e-03
  -6.7842549e-02  -3.7254838e-01   2.0427209e-01   6.7281636e-03  -7.8736239e-03  -9.9577776e-03
  -6.5865406e-02  -3.2502976e-01   2.7524658e-01   8.0073638e-03  -7.0293634e-03  -9.4461584e-03
  -4.4579197e-02  -3.5150198e-01   2.1431235e-01   8.6190122e-03  -7.1323113e-03  -8.4526415e-03
  -4.0089880e-02  -4.2216898e-01   1.9740096e-01   8.1984214e-03  -7.0026615e-03  -8.0130914e-03
  -2.8928871e-02  -3.1333533e-01   2.1542386e-01   7.6116694e-03  -6.8734779e-03  -7.8416731e-03
  -4.5159999e-02  -3.1382071e-01   1.3655704e-01   8.2803027e-03  -7.1085358e-03  -8.3839586e-03
  -1.7158651e-02  -1.4139863e-01   1.6645181e-01   8.3474965e-03  -7.0787465e-03  -7.7224172e-03
  -4.2046236e-02  -3.4201247e-01   2.0465429e-01   8.8047733e-03  -6.9403905e-03  -8.0674691e-03
  -2.9477759e-02  -3.3785940e-01   2.2424152e-01   7.5804787e-03  -7.4769717e-03  -8.0653321e-03
  -5.5978785e-02  -4.5219737e-01   1.7117424e-01   7.9125285e-03  -7.2325879e-03  -8.7072670e-03
  -3.5333208e-02  -3.0820382e-01   1.0486318e-01   8.2294644e-03  -7.4925149e-03  -8.6488076e-03
  -3.8704567e-02  -1.5390228e-01   4.6554738e-02   8.3414828e-03  -7.3478449e-03  -8.9228731e-03
   1.4905534e-04  -2.3431208e-01   1.6547340e-01   8.6706005e-03  -7.7101666e-03  -8.4543222e-03
  -5.2974732e-02  -5.0805270e-01   1.2206534e-01   9.9948662e-03  -6.9910807e-03  -9.0565514e-03
  -3.4882763e-02  -2.9779601e-01   2.1864189e-01   9.4895081e-03  -6.9094918e-03  -8.5816082e-03
  -5.6195243e-02  -3.2813712e-01   1.6596423e-01   9.7689412e-03  -6.8873540e-03  -8.9167256e-03
  -4.3685958e-02  -3.0548945e-01   1.4926882e-01   9.1263244e-03  -6.9738916e-03  -8.2462962e-03
  -5.3440203e-02  -5.7550057e-01   1.2438410e-01   1.0882747e-02  -7.0232336e-03  -8.5193385e-03
  -2.7539590e-02  -2.4896518e-01   9.7562052e-02   8.5614142e-03  -6.9927142e-03  -8.3022546e-03
  -2.4567930e-02  -4.2331664e-01   1.6777905e-01   9.5022202e-03  -7.2198310e-03  -8.2881120e-03
  -2.6633371e-02  -4.7783562e-01   1.8341960e-01   1.0461934e-02  -6.8850621e-03  -7.9611378e-03
  -3.0828332e-02  -4.0234030e-01   1.4896535e-01   9.8802759e-03  -7.1149608e-03  -8.4267247e-03
  -2.4063568e-02  -4.1862867e-01   2.1912004e-01   9.4043072e-03  -7.2092204e-03  -8.5955432e-03
  -1.8746741e-02  -3.5334020e-01   2.6815369e-01   8.5168402e-03  -7.4429958e-03  -8.7264050e-03
  -1.7365678e-02  -4.3815483e-01   4.3336243e-02   1.0424502e-02  -7.5520951e-03  -8.6654804e-03
   7.7760296e-03  -1.4989838e-01   2.0862360e-01   8.6353592e-03  -7.5952729e-03  -8.3161588e-03
  -2.6520684e-02  -5.9291414e-01   1.6822278e-01   1.0909630e-02  -7.1031654e-03  -8.3019701e-03
  -2.7504721e-02  -4.7308480e-01   1.7799119e-01   1.0943340e-02  -7.0923081e-03  -8.7123841e-03
   2.9684848e-02  -1.0978707e-01   9.6949588e-02   1.0923194e-02  -7.8464582e-03  -8.0634279e-03
  -3.6450562e-02  -4.7540277e-01   2.1048698e-01   1.0390660e-02  -7.0887751e-03  -7.8847521e-03
  -2.4552407e-02  -5.5357096e-01   2.3573700e-01   1.1202163e-02  -7.1653055e-03  -7.8623703e-03
  -3.5920622e-02  -4.4607467e-01   6.2872337e-02   1.1897429e-02  -7.3543789e-03  -8.4266436e-03
   9.1872177e-03  -1.3008904e-01   1.8745919e-01   1.0063224e-02  -7.9492024e-03  -7.7937152e-03
  -4.5722942e-02  -6.7112415e-01   2.2438543e-01   1.2091634e-02  -6.5755267e-03  -7.6548728e-03
  -4.5436710e-02  -4.4483263e-01   3.0660310e-01   1.0771370e-02  -6.7022396e-03  -7.7006827e-03
  -8.6516799e-02  -4.9790130e-01  -6.2594485e-03   1.2046777e-02  -5.8161994e-03  -8.1839635e-03
  -1.0213310e-04   1.2020339e-01   5.5783990e-02   9.5440488e-03  -7.2564631e-03  -7.4622763e-03
  -8.4675442e-02  -5.4165183e-01   2.0190819e-01   1.0455133e-02  -5.7212124e-03  -8.2902568e-03
  -7.5555784e-02  -4.4795582e-01   2.1362688e-01   9.3477356e-03  -6.3945232e-03  -8.6125878e-03
  -6.0510833e-02  -4.6938252e-01   1.5724100e-02   1.1991310e-02  -5.5066763e-03  -7.5329228e-03
  -1.8562091e-02  -7.1650860e-02   1.4579678e-01   9.2811854e-03  -5.5238626e-03  -7.0156198e-03
  -7.1559134e-02  -5.6500571e-01   9.3011519e-02   9.6582673e-03  -5.8087219e-03  -7.9118480e-03
  -5.5825678e-02  -2.3389155e-01   3.1558129e-01   8.2842190e-03  -6.0963341e-03  -7.8675356e-03
  -2.4070495e-02  -3.7135791e-01   2.1292731e-01   9.4633220e-03  -6.4027916e-03  -7.4290574e-03
  -4.4500042e-02  -3.0466204e-01   2.6889303e-01   1.1895552e-02  -6.1143042e-03  -7.6825772e-03
  -7.1121911e-02  -3.0125454e-01   2.8920997e-01   9.2424440e-03  -6.0780885e-03  -8.1997415e-03
   8.9336434e-03  -2.0035403e-01   1.2707827e-01   9.9511082e-03  -7.5876650e-03  -7.3947992e-03
  -2.2791316e-02  -4.6744515e-01   2.3234939e-01   1.1084708e-02  -7.1730292e-03  -7.4244221e-03
   9.6296687e-03  -4.5630310e-01   1.2436839e-01   1.1011809e-02  -7.2788141e-03  -7.2437865e-03
   2.1051182e-03  -2.2412190e-01   2.8880426e-01   9.8113071e-03  -7.1336128e-03  -7.8684913e-03
  -6.8276499e-02  -5.5257676e-01   2.5120012e-01   1.1604513e-02  -6.4089758e-03  -8.5127495e-03
  -5.9884513e-02  -3.7153619e-01   3.1276831e-01   1.1268903e-02  -6.3088268e-03  -8.6437146e-03
  -7.6569513e-02  -4.1670399e-01   3.5230991e-01   1.1319426e-02  -6.1752017e-03  -8.6039293e-03
  -4.8885190e-03  -2.1233038e-01   2.0542563e-01   1.0695801e-02  -7.7930537e-03  -8.4054262e-03
  -5.8385201e-02  -4.1595424e-01   3.9080464e-01   9.9515018e-03  -7.0507940e-03  -8.9702476e-03
  -6.0582422e-02  -5.0544257e-01   1.7240445e-01   1.1771462e-02  -7.5813809e-03  -9.1150073e-03
  -4.0817276e-02  -1.8813586e-01   2.3940409e-01   1.0763944e-02  -7.9490533e-03  -9.0723284e-03
  -5.9785239e-02  -3.0011949e-01   2.1011740e-01   1.0417703e-02  -7.8967660e-03  -8.8568325e-03
  -6.5750716e-02  -4.4201399e-01   2.8750604e-01   1.0935011e-02  -7.0071957e-03  -8.5885605e-03
  -7.8035919e-02  -4.0134592e-01   3.7212111e-01   9.8247430e-03  -7.1519363e-03  -9.0682242e-03
  -6.8438753e-02  -5.2107906e-01   2.6030481e-01   1.1429622e-02  -7.4515383e-03  -8.9863107e-03
  -7.3468010e-02  -4.8291900e-01   3.3436028e-01   1.1066297e-02  -6.8164879e-03  -8.7552710e-03
  -8.3412322e-02  -5.0498942e-01   3.2975968e-01   1.0113706e-02  -7.1648483e-03  -9.2241864e-03
  -7.8607916e-02  -4.0684526e-01   2.8016239e-01   1.0358433e-02  -7.4445955e-03  -9.6089464e-03
  -7.2438951e-02  -5.3963938e-01   3.8453888e-01   1.0819540e-02  -6.9679203e-03  -9.7545519e-03
  -3.7973365e-02  -3.4997095e-01   3.4055551e-01   8.1527646e-03  -7.4278895e-03  -9.3361052e-03
  -3.4528056e-02  -3.5918410e-01   2.5049465e-01   9.7458749e-03  -7.9416203e-03  -9.4410076e-03
  -2.8126206e-02  -3.7179890e-01   3.9001393e-01   1.0184340e-02  -7.2314161e-03  -8.6701030e-03
  -3.6070935e-02  -4.7604846e-01   3.6102063e-01   9.7546343e-03  -7.7506731e-03  -8.9344146e-03
  -5.8156451e-02  -4.1774278e-01   2.4117433e-01   1.1856821e-02  -7.6706949e-03  -9.1855908e-03
   4.3811902e-03  -7.7351014e-02   2.8484197e-01   1.0569900e-02  -8.7657027e-03  -8.4120432e-03
  -5.1975293e-02  -5.9110134e-01   3.2762032e-01   1.1740971e-02  -8.1774294e-03  -9.3426486e-03
  -2.9990672e-02  -4.5108958e-01   3.6227882e-01   1.1175076e-02  -8.0859681e-03  -8.5867471e-03
  -4.6009570e-02  -3.9396630e-01   3.6948747e-01   9.2257542e-03  -8.6160609e-03  -9.5675832e-03
  -7.3234893e-02  -3.9656725e-01   2.6112227e-01   1.0096139e-02  -8.7745620e-03  -1.0057312e-02
  -1.3013421e-02  -1.1092401e-01   3.0791102e-01   9.8039079e-03  -9.7576711e-03  -9.5709336e-03
  -9.1044922e-02  -6.2342596e-01   3.6615478e-01   1.0122778e-02  -8.3470882e-03  -1.0072532e-02
  -5.7346657e-02  -3.3147107e-01   3.8721683e-01   8.2234295e-03  -8.7337260e-03  -9.7933428e-03
  -7.6521456e-02  -4.6593326e-01   2.1546761e-01   1.1002429e-02  -8.1891496e-03  -9.5486590e-03
  -3.5594879e-03  -8.6110979e-02   2.2333299e-01   1.0059941e-02  -9.4752650e-03  -9.0959640e-03
  -6.2678592e-02  -4.7845594e-01   4.0093308e-01   8.7108430e-03  -8.4115289e-03  -9.3737261e-03
  -6.5928692e-02  -4.9083141e-01   2.9466412e-01   8.5214184e-03  -8.5156068e-03  -9.7723388e-03
  -6.8361838e-02  -2.7727015e-01   2.9380262e-01   9.0023381e-03  -8.5390737e-03  -1.0078890e-02
  -5.5293094e-02  -2.1033557e-01   3.1797386e-01   9.4230612e-03  -8.3323541e-03  -9.9169552e-03
   1.2336794e-02  -1.6244440e-01   2.4435609e-01   9.5382453e-03  -9.7195449e-03  -8.6079166e-03
