   0.0000000e+00   0.0000000e+00   0.0000000e+00   0.0000000e+00   0.0000000e+00   0.0000000e+00
  -1.8145963e-02  -1.4781369e-02  -5.3740774e-02   1.0461847e-03   7.4104001e-05  -8.2796830e-05
   1.5646602e-02  -4.8350149e-02  -9.6356017e-02   9.6195741e-04   2.0359871e-04   1.9460936e-04
   5.6384404e-03  -4.3902166e-02  -1.7795311e-01   1.6909373e-03  -5.3675298e-05   1.8447197e-04
   1.9771871e-02  -8.1166294e-02  -7.2697462e-02   1.8170821e-03  -9.0378787e-05  -6.2859009e-05
   3.5371713e-02  -2.2955819e-01  -1.4104458e-01   7.7443498e-04  -3.9877007e-05   1.9749603e-04
   1.7018566e-02  -1.1224995e-01  -1.7301103e-01   1.1566646e-03  -1.1617870e-04   3.0730391e-04
   1.4139449e-02  -1.3258429e-01  -1.2102826e-01   1.3819712e-03  -1.2497240e-04   4.8310734e-05
   4.2284145e-03  -1.5498564e-01  -9.3877434e-02  -7.1411184e-06  -9.2394467e-04   1.7700753e-04
   1.5719822e-02  -1.6589309e-01  -1.3533461e-01   8.0012826e-04  -1.2040027e-03   4.7554622e-04
   3.1368545e-02  -1.3434383e-01  -2.2820342e-02   4.3326908e-04  -1.3075933e-03   3.4423230e-04
   3.2845945e-02  -1.8658785e-01  -2.6994261e-02  -1.2943404e-03  -1.2055748e-03   5.9033709e-04
   3.4583513e-02  -2.1276748e-01  -8.3499555e-02  -3.6386746e-04  -1.0046490e-03   4.3288869e-04
   4.3534494e-02  -1.8856709e-01  -9.3268188e-03  -6.9424608e-04  -1.0086678e-03   5.0337691e-04
   2.8742332e-02  -1.5288771e-01  -6.8236446e-02  -9.2577799e-04  -1.5093305e-03   6.0159246e-04
   3.2847438e-02  -1.8667622e-01  -7.0622115e-02   7.4854969e-05  -1.3870416e-03   5.6089743e-04
   4.7648367e-02  -1.8379925e-01   2.3532245e-02  -8.3848591e-04  -1.2898447e-03   7.3107415e-04
   2.4220543e-02  -1.8484403e-01  -7.3112315e-02  -1.0660602e-03  -2.4561953e-03   9.6490093e-04
   1.8472742e-02  -1.7848544e-01   8.8474469e-03  -7.0157436e-04  -2.8288207e-03   8.1924106e-04
   1.7079333e-02  -1.5432244e-01   2.0043092e-02  -7.0566875e-04  -2.9577867e-03   1.0305542e-03
   1.9483560e-02  -1.8215194e-01  -8.4004410e-02  -1.0075732e-03  -3.0760193e-03   1.3568801e-03
   1.3230772e-02  -1.6087132e-01  -8.0245424e-02  -7.1716414e-04  -3.0209510e-03   1.3144570e-03
   3.4774528e-02  -1.5997965e-01  -4.3234892e-02  -5.1951146e-04  -2.9259247e-03   1.5326584e-03
   7.8998392e-03  -2.0746349e-01  -8.4955870e-02  -8.8255619e-04  -3.5674068e-03   1.5550559e-03
   4.1500803e-02  -2.0464867e-01  -3.6791801e-03  -1.8562913e-03  -3.0433750e-03   1.6602593e-03
   4.4998791e-02  -2.3762110e-01   9.5123024e-02  -2.2171016e-03  -3.4351471e-03   1.6769654e-03
   3.3566373e-02  -2.3517574e-01  -2.9572864e-02  -1.9156157e-03  -4.1569342e-03   1.8701426e-03
   4.8849865e-02  -2.2413497e-01   5.2309517e-02  -2.2397058e-03  -3.9380777e-03   1.9935402e-03
   3.9428174e-02  -2.1745554e-01   5.1739611e-02  -2.2955372e-03  -4.4576324e-03   2.1454690e-03
   3.8021777e-02  -2.3628895e-01  -6.3832771e-03  -1.7882066e-03  -4.2983375e-03   2.1848124e-03
   5.3684789e-02  -2.3013326e-01   5.3133027e-02  -1.7262330e-03  -4.0209084e-03   2.2433454e-03
   5.5333554e-02  -2.1047353e-01   7.1751266e-02  -1.8027533e-03  -4.5532926e-03   2.5186419e-03
   3.1459452e-02  -2.7497717e-01  -1.1782940e-02  -1.8687609e-03  -4.3879911e-03   2.3004411e-03
   3.4998389e-02  -2.2184875e-01   5.7958944e-02  -2.3833081e-03  -4.7523143e-03   2.4453901e-03
   3.3401605e-02  -2.7206410e-01   3.0332309e-03  -1.8388490e-03  -4.9911114e-03   2.4831810e-03
   4.5471663e-02  -2.9509014e-01   3.8025468e-02  -2.0977195e-03  -4.6757153e-03   2.4929898e-03
   3.9679230e-02  -2.8136086e-01   7.7024870e-02  -2.9794038e-03  -5.0036719e-03   2.4483578e-03
   3.7366657e-02  -3.0018094e-01  -8.3551739e-03  -2.6573516e-03  -4.9381027e-03   2.3830986e-03
   7.2158537e-02  -3.2920686e-01   4.1507151e-02  -4.0484524e-03  -4.7973979e-03   2.6044955e-03
   5.1996120e-02  -1.8357990e-01   1.7131715e-03  -3.0468300e-03  -5.6612745e-03   3.0880686e-03
   6.3004254e-02  -2.8807540e-01   2.6427839e-02  -2.4259855e-03  -5.7723947e-03   3.2373748e-03
   5.0313965e-02  -2.3253533e-01   6.3229921e-02  -3.8702830e-03  -5.7588303e-03   2.8282731e-03
   5.4573499e-02  -3.1087878e-01   3.9436531e-02  -3.7580088e-03  -5.6290397e-03   2.7913608e-03
   5.4077576e-02  -3.3145860e-01   5.1303460e-02  -3.7451629e-03  -5.3348317e-03   2.7032024e-03
   5.2731302e-02  -2.9800161e-01   3.0890257e-02  -4.1832628e-03  -5.5842396e-03   2.8406412e-03
   4.6211401e-02  -3.1245505e-01   3.4427951e-02  -3.6189620e-03  -5.6774057e-03   2.6800583e-03
   4.4731448e-02  -3.0119253e-01   4.0790339e-02  -3.6741247e-03  -5.8736429e-03   2.5053212e-03
   4.8185153e-02  -2.8660425e-01   4.3593178e-02  -4.2296294e-03  -6.2757017e-03   2.7854640e-03
   1.7744926e-02  -2.2812371e-01  -1.2845330e-01  -1.7727767e-03  -6.5004956e-03   3.0101830e-03
   2.1010766e-02  -2.4837905e-01  -4.5696748e-02  -2.7723699e-03  -6.4534898e-03   2.7464595e-03
   2.5467594e-02  -2.8768218e-01  -4.9500535e-02  -3.2261309e-03  -6.9030337e-03   3.0051148e-03
  -9.5899681e-04  -2.8632155e-01  -1.3544395e-01  -1.6836098e-03  -6.9929548e-03   2.9529683e-03
   7.2707177e-03  -2.3810336e-01  -1.7013949e-01  -1.5983849e-03  -7.2369147e-03   3.1617082e-03
   2.0641565e-02  -2.2307491e-01  -9.4934524e-02  -5.9810623e-04  -7.7791527e-03   3.6076808e-03
   1.7125664e-02  -2.4334786e-01  -1.4705183e-01   8.0132330e-04  -8.0276615e-03   3.8788499e-03
   4.1969635e-02  -1.8847582e-01  -6.6601348e-02   2.0425614e-04  -8.3474300e-03   4.4452896e-03
   6.2249820e-02  -2.3795511e-01  -1.9445884e-02  -2.8110110e-04  -8.4967799e-03   4.7383087e-03
   4.5501849e-02  -2.4276658e-01  -5.3247835e-02   1.1899308e-03  -8.9066096e-03   4.8966530e-03
   6.1776173e-02  -1.5943822e-01  -8.3022130e-02   9.8767791e-04  -9.0030177e-03   5.0498608e-03
   7.5761254e-02  -2.3653335e-01  -3.7443449e-02  -1.5638413e-04  -8.1906123e-03   5.0455351e-03
   4.4553737e-02  -2.1962566e-01  -1.2550410e-01   1.3977632e-04  -8.2198593e-03   4.9487605e-03
   7.2125287e-02  -2.0805630e-01  -2.2103086e-02  -4.8354938e-04  -8.1072132e-03   5.2791365e-03
   5.2333386e-02  -2.6951857e-01   8.3817478e-02  -2.4941659e-04  -8.6857663e-03   5.0371673e-03
   7.4013751e-02  -2.9383640e-01   3.5553176e-01  -9.8656825e-04  -9.7608129e-03   4.8447023e-03
   7.1217756e-02  -1.0655181e-01   1.1669688e-01   6.9183180e-04  -1.0499436e-02   6.0666029e-03
   1.0129012e-01  -2.8587342e-01   2.1033415e-01   1.3768637e-03  -1.0926343e-02   6.5336079e-03
   7.1066936e-02  -2.3026157e-01   1.0730393e-01   1.2121505e-03  -1.1250737e-02   6.5068016e-03
   4.3738486e-02  -2.5040524e-01   1.6854556e-01   6.0914448e-04  -1.0840037e-02   5.8847592e-03
   4.9218680e-02  -2.0869555e-01   2.0910596e-01   7.7586395e-04  -1.0708577e-02   5.8857130e-03
   4.4405146e-02  -2.5580339e-01   1.2625902e-01   1.2482195e-03  -1.0851642e-02   5.7912485e-03
   5.4591564e-02  -2.1009455e-01   2.3998582e-01  -1.1460364e-04  -1.1008791e-02   6.0135518e-03
   5.0211484e-02  -2.5106936e-01   2.4817576e-01  -5.3239499e-05  -1.1512981e-02   6.2332312e-03
   8.9677607e-02  -2.7899396e-01   2.4806270e-01   8.7794756e-04  -1.1410126e-02   6.7245846e-03
   7.8533120e-02  -2.4550998e-01   2.3655461e-01   3.1025903e-04  -1.2142700e-02   6.8763931e-03
   9.3510077e-02  -2.9581828e-01   2.2422518e-01   1.6775408e-03  -1.2256631e-02   7.0729328e-03
   9.0859823e-02  -2.0820047e-01   2.9844096e-01   7.4864203e-04  -1.1974377e-02   6.9224974e-03
   6.9268506e-02  -2.4745062e-01   1.5907916e-01   1.3899957e-03  -1.1876423e-02   6.9859824e-03
   8.6135777e-02  -2.2575634e-01   2.5800834e-01   1.3809458e-03  -1.1727050e-02   7.0613815e-03
   6.4857743e-02  -2.3310956e-01   2.0300602e-01   1.4701988e-03  -1.1862936e-02   7.0195420e-03
   7.5981924e-02  -2.4367272e-01   1.6008966e-01   1.4357059e-03  -1.1228999e-02   6.8442039e-03
   7.5408099e-02  -2.6536782e-01   1.8596881e-01   2.0598664e-04  -1.1441141e-02   6.7602860e-03
   6.3846099e-02  -2.6961001e-01   1.4277586e-01   7.0309630e-04  -1.1603373e-02   6.8478438e-03
   5.9178951e-02  -2.1656242e-01   1.1161719e-01   1.3776861e-03  -1.1514037e-02   6.7091268e-03
   5.9287674e-02  -2.0543831e-01   1.6229490e-01   1.7721134e-04  -1.1629452e-02   6.5450517e-03
   2.8595374e-02  -3.0611949e-01   1.0489255e-01   8.2937697e-04  -1.1731285e-02   6.3375485e-03
   2.4498688e-02  -2.0236290e-01   1.2531249e-01   7.4481203e-04  -1.1521520e-02   6.0385470e-03
   2.7148910e-02  -2.7577083e-01   1.2370083e-01  -8.5852204e-04  -1.1110409e-02   6.2452588e-03
   1.6529338e-03  -2.8366936e-01   7.0560336e-02  -4.2041271e-04  -1.1162117e-02   5.8260101e-03
   3.0627820e-02  -2.9679457e-01   1.1324259e-01  -1.0237907e-03  -1.0994499e-02   5.7958850e-03
   1.9359580e-02  -2.3593382e-01   1.2924055e-01  -1.0709634e-03  -1.1115562e-02   5.7981877e-03
  -2.9219498e-03  -3.0998125e-01   9.3207196e-02  -2.0583671e-05  -1.1266634e-02   5.6629795e-03
   1.2041544e-02  -2.4334419e-01   9.4497092e-02  -7.3447224e-04  -1.1338035e-02   6.0680524e-03
   1.5540967e-02  -2.5209077e-01   1.3703727e-01   7.3665846e-04  -1.1638118e-02   6.5041627e-03
  -7.2190098e-03  -2.7510636e-01   8.6895264e-02   9.9221791e-04  -1.1552672e-02   6.1690287e-03
   2.8162046e-02  -2.3438074e-01   1.0764691e-01   2.1766701e-04  -1.1524422e-02   6.7582921e-03
   5.1272285e-02  -1.7721560e-01   1.8699981e-01  -2.2063589e-04  -1.1352004e-02   6.9978356e-03
   3.6785419e-02  -3.0705446e-01   9.5576155e-02   7.9455243e-04  -1.1515371e-02   6.9995538e-03
   5.8965776e-02  -2.0927826e-01   1.1029217e-01   8.0124005e-04  -1.1019041e-02   6.9613196e-03
   4.5055623e-02  -1.8282859e-01   1.6580261e-01  -4.8477972e-04  -1.0931711e-02   6.8383844e-03
   4.1303515e-02  -1.8141237e-01   1.8029412e-01  -8.7841450e-04  -1.0078251e-02   6.6883793e-03
   5.0765830e-02  -2.5920048e-01   1.7415376e-01  -1.5555955e-03  -1.0320831e-02   7.2818774e-03
   5.8476654e-02  -2.7477639e-01   2.4278661e-01  -1.3094023e-03  -1.0644587e-02   7.1831881e-03
   9.4049444e-02  -1.4423331e-01   2.9934734e-01  -1.6142687e-03  -1.1055640e-02   7.7494360e-03
   8.6018106e-02  -2.7276959e-01   2.4074421e-01  -8.2675659e-04  -1.1276041e-02   7.7742665e-03
   8.1282515e-02  -1.8442278e-01   2.1475870e-01   3.4677272e-04  -1.1687409e-02   8.2817134e-03
   9.7526672e-02  -1.9080040e-01   2.8830820e-01  -5.0747156e-04  -1.1287797e-02   8.3889092e-03
   8.5185872e-02  -2.4257790e-01   1.8078497e-01   8.3434363e-04  -1.1408697e-02   8.4179998e-03
   1.0039311e-01  -2.5819742e-01   2.3740311e-01  -8.9077823e-04  -1.1265813e-02   8.3557163e-03
   1.1986714e-01  -2.7206919e-01   2.8024699e-01  -5.7112251e-04  -1.1269162e-02   8.7185364e-03
   1.2531091e-01  -2.1743671e-01   1.9319294e-01  -3.6555674e-04  -1.1464371e-02   8.9743490e-03
   1.6245268e-01  -2.7289732e-01   2.8378608e-01   5.9469975e-04  -1.1620901e-02   9.4838987e-03
   1.3542155e-01  -2.0570492e-01   2.4668033e-01   2.2783087e-04  -1.1831771e-02   9.4225499e-03
   1.2497339e-01  -1.9258013e-01   1.9733397e-01   5.9214126e-04  -1.1956517e-02   9.4748084e-03
   1.3676930e-01  -2.1915396e-01   2.8758312e-01   3.7795618e-04  -1.1642130e-02   9.0240585e-03
   1.1898192e-01  -2.1106551e-01   1.7905416e-01   4.0778679e-04  -1.1624465e-02   9.0617180e-03
   1.3775731e-01  -2.1947265e-01   2.2825614e-01   6.1891557e-04  -1.1491382e-02   9.4155745e-03
   1.5420999e-01  -1.6751614e-01   3.0251624e-01   3.7386362e-04  -1.1805784e-02   9.7136525e-03
   1.3263364e-01  -2.4370213e-01   2.2521170e-01   1.7466092e-03  -1.2095412e-02   9.8138923e-03
   1.1515723e-01  -1.8491300e-01   1.9893220e-01   1.4423531e-03  -1.2130812e-02   9.7476356e-03
   1.0335467e-01  -2.1107438e-01   2.8733422e-01   1.1247990e-03  -1.2274717e-02   9.5346979e-03
   1.1410279e-01  -2.2250082e-01   1.9452670e-01   1.2300644e-03  -1.1974466e-02   9.6192537e-03
   1.2743663e-01  -1.9069178e-01   2.6208049e-01   1.9852662e-03  -1.2507537e-02   1.0025777e-02
   1.2778202e-01  -1.9218742e-01   3.0054051e-01   1.6328315e-03  -1.2642437e-02   9.8411973e-03
   1.1579168e-01  -2.5750004e-01   2.0138498e-01   1.5974505e-03  -1.2751578e-02   9.8197947e-03
   1.3198155e-01  -1.8403224e-01   3.4844002e-01   5.1456957e-04  -1.3126249e-02   9.9323065e-03
   1.0257615e-01  -2.9434563e-01   2.9919331e-01   7.9584273e-04  -1.3515826e-02   9.7527920e-03
   1.1024775e-01  -2.7135508e-01   2.7061346e-01   7.9445408e-04  -1.3398153e-02   9.9299720e-03
   1.2167910e-01  -2.1135952e-01   3.1220358e-01  -7.8009802e-05  -1.3759976e-02   1.0282930e-02
   1.3584995e-01  -2.8605362e-01   4.2056631e-02   4.2747717e-03  -1.3031228e-02   1.0535718e-02
   1.0340534e-01  -1.9817424e-01   1.2317533e-01   5.7490753e-03  -1.4506773e-02   1.0658179e-02
   1.2037655e-01  -1.5578841e-01   1.3939309e-01   4.9744655e-03  -1.4999519e-02   1.1058388e-02
   1.1972316e-01  -1.0049526e-01   2.2815886e-01   4.8017467e-03  -1.5107229e-02   1.1021218e-02
   1.1204629e-01  -1.7607294e-01   1.2927664e-01   6.3201419e-03  -1.5131091e-02   1.1073884e-02
   1.2351063e-01  -9.9261265e-02   1.6699448e-01   5.0570397e-03  -1.5300266e-02   1.1265883e-02
   1.1548503e-01  -2.5731908e-01   2.0652785e-01   4.8426164e-03  -1.4968706e-02   1.1302482e-02
   1.3019309e-01  -1.8328298e-01   1.8139001e-01   4.6651064e-03  -1.4831498e-02   1.1309503e-02
   1.3940159e-01  -2.1732113e-01   2.2691360e-01   3.5010035e-03  -1.4563432e-02   1.1363442e-02
   1.1005657e-01  -1.7800905e-01   2.0734288e-01   3.1207320e-03  -1.4757138e-02   1.1207127e-02
   1.1499974e-01  -2.1594792e-01   1.5334152e-01   3.9060679e-03  -1.4801331e-02   1.1203747e-02
   1.2970821e-01  -1.1429806e-01   2.0749359e-01   2.8761230e-03  -1.4709971e-02   1.1328671e-02
   1.6144121e-01  -1.8932544e-01   2.1928267e-01   3.2910023e-03  -1.4808100e-02   1.1857105e-02
   1.5863083e-01  -2.3993201e-01   1.2253510e-01   4.3252269e-03  -1.4601292e-02   1.1732218e-02
   1.3531344e-01  -1.8273341e-01   1.1473868e-01   3.6248177e-03  -1.4465037e-02   1.1644545e-02
   1.6464024e-01  -1.5808752e-01   2.6370539e-01   4.2820192e-03  -1.4511087e-02   1.2042133e-02
   1.4952548e-01  -2.1185135e-01   1.4945831e-01   4.1442970e-03  -1.5127291e-02   1.2226359e-02
   1.5212496e-01  -1.5361508e-01   1.8788812e-01   4.2076847e-03  -1.5433458e-02   1.2443949e-02
   1.3688881e-01  -1.1901740e-01   1.8282474e-01   4.3086011e-03  -1.5276975e-02   1.2160124e-02
   1.2163134e-01  -1.8184856e-01   1.7594773e-01   4.5479360e-03  -1.5614162e-02   1.2305698e-02
   1.2924072e-01  -2.1901400e-01   2.1553194e-01   4.6969867e-03  -1.5904596e-02   1.2406894e-02
   1.1738512e-01  -1.6002723e-01   1.8777114e-01   3.9985134e-03  -1.6001784e-02   1.2238538e-02
   9.1784657e-02  -2.1206767e-01   1.2435686e-01   5.0330227e-03  -1.6001017e-02   1.2047365e-02
   1.1009616e-01  -1.6186022e-01   2.1488914e-01   4.5216164e-03  -1.6180294e-02   1.2078963e-02
   9.6783242e-02  -2.0435670e-01   2.0794606e-01   4.4259390e-03  -1.6653027e-02   1.2340629e-02
   1.0017717e-01  -2.2624771e-01   1.8760816e-01   5.2034635e-03  -1.7223879e-02   1.2522173e-02
   1.0142250e-01  -1.1777265e-01   2.7008882e-01   3.8801458e-03  -1.6960289e-02   1.2536033e-02
   9.0913676e-02  -2.4495218e-01   1.7747290e-01   5.2459892e-03  -1.7241980e-02   1.2411234e-02
   1.0407911e-01  -2.1379485e-01   2.6086066e-01   4.9720109e-03  -1.7952658e-02   1.2675439e-02
   8.1273469e-02  -9.3410347e-02   2.5736335e-01   4.8964668e-03  -1.8647491e-02   1.2797324e-02
   8.0047310e-02  -1.7602909e-01   1.5997349e-01   4.8353568e-03  -1.8798858e-02   1.3027994e-02
   1.1860483e-01  -2.1609589e-01   2.5615316e-01   4.3146238e-03  -1.8271115e-02   1.2925529e-02
   9.9377891e-02  -2.0929329e-01   1.6587389e-01   5.1894622e-03  -1.8592150e-02   1.3247236e-02
   9.1516142e-02  -1.9271274e-01   2.0912715e-01   5.0911888e-03  -1.8965279e-02   1.3128971e-02
   1.1208953e-01  -1.7312158e-01   2.7908266e-01   4.8549840e-03  -1.8907387e-02   1.3321116e-02
   8.8914266e-02  -1.8387905e-01   1.7793182e-01   4.5636065e-03  -1.9158795e-02   1.3345895e-02
   8.1331857e-02  -2.3975001e-01   1.7596397e-01   5.5431779e-03  -1.8980918e-02   1.3059543e-02
   7.6103217e-02  -1.9575553e-01   1.7827114e-01   4.9374607e-03  -1.9109284e-02   1.3041710e-02
   4.5599348e-02  -2.2961466e-01   1.4529019e-01   5.2862021e-03  -1.9290809e-02   1.2832225e-02
   4.0868350e-02  -1.9416127e-01   1.4856641e-01   6.1117282e-03  -1.9059908e-02   1.2635031e-02
   4.4248949e-02  -2.2531470e-01   1.6174006e-01   4.7618267e-03  -1.8704356e-02   1.2461824e-02
   3.1165072e-02  -2.2286192e-01   1.5388177e-01   4.7604195e-03  -1.8749773e-02   1.2476830e-02
   1.9163144e-02  -1.7898294e-01   1.2465301e-01   4.7738836e-03  -1.8942396e-02   1.2372434e-02
   2.3901442e-02  -1.8417421e-01   1.7519476e-01   3.8348498e-03  -1.8962754e-02   1.2426721e-02
   3.7897353e-02  -2.2332184e-01   2.2631680e-01   3.7892489e-03  -1.8805799e-02   1.2572561e-02
   3.2077281e-02  -2.2598485e-01   1.2900599e-01   4.4476981e-03  -1.9282280e-02   1.2848508e-02
   4.9076187e-02  -2.2126551e-01   2.0596701e-01   3.8357367e-03  -1.9039739e-02   1.2932258e-02
   3.4261841e-02  -3.1018853e-01   4.1153233e-01   3.2460667e-03  -1.9944944e-02   1.1954188e-02
   4.3244619e-05  -3.4494610e-01   3.1297967e-01   3.6515843e-03  -2.0101711e-02   1.2203402e-02
   1.3357147e-02  -2.7074355e-01   3.3882241e-01   5.0827728e-03  -1.9899741e-02   1.2212535e-02
  -7.9882506e-03  -2.6919756e-01   3.6865410e-01   3.7825528e-03  -2.0406396e-02   1.2062990e-02
  -2.9150832e-02  -3.2602590e-01   3.1083169e-01   4.6325130e-03  -2.0696538e-02   1.2032573e-02
  -1.7459175e-02  -3.3545357e-01   3.7912151e-01   4.1880687e-03  -2.0846555e-02   1.2055777e-02
  -4.2552655e-02  -2.5790274e-01   3.1231279e-01   4.4065228e-03  -2.0951979e-02   1.1964167e-02
  -8.9397586e-03  -3.1514603e-01   3.7867405e-01   4.3245096e-03  -2.0930682e-02   1.2356637e-02
  -1.6522963e-02  -2.3336894e-01   2.4671275e-01   5.9947576e-03  -2.0386515e-02   1.1966057e-02
  -1.1354538e-02  -1.2846634e-01   1.9114287e-01   4.8866686e-03  -1.9394899e-02   1.2195935e-02
  -1.5210002e-03  -3.4452397e-01   2.8897744e-01   4.3807820e-03  -1.9755876e-02   1.2232824e-02
  -3.1327461e-02  -3.0505750e-01   2.5968271e-01   4.3181509e-03  -2.0182112e-02   1.1897012e-02
  -5.0834872e-03  -3.0365340e-01   3.3917414e-01   3.6730640e-03  -2.0513433e-02   1.2255039e-02
  -2.5828237e-02  -3.0843295e-01   3.2481231e-01   4.3627777e-03  -2.0827274e-02   1.2103226e-02
  -4.5268160e-02  -2.3473877e-01   1.8031268e-01   4.4650701e-03  -2.0758658e-02   1.1968115e-02
  -2.8105162e-02  -2.6390613e-01   2.9507994e-01   4.2677203e-03  -2.0109995e-02   1.1800997e-02
  -4.8954560e-02  -2.5106906e-01   1.4874473e-01   4.7348725e-03  -1.9848349e-02   1.1529811e-02
   6.5101707e-03  -2.9877587e-01   2.2584267e-01   4.2987618e-03  -1.9277384e-02   1.2173438e-02
   3.3218777e-03  -2.1152701e-01   2.2598642e-01   3.7987508e-03  -1.9212564e-02   1.2340793e-02
   7.5781595e-03  -2.2906071e-01   1.0708596e-01   4.3797449e-03  -1.8516889e-02   1.2460586e-02
   3.3901751e-02  -2.7201085e-01   2.4881629e-01   4.4154506e-03  -1.9194778e-02   1.2678616e-02
   8.2507420e-03  -2.1444968e-01   1.4053055e-01   3.6857490e-03  -1.9513701e-02   1.2845648e-02
   3.5986617e-02  -2.7842525e-01   1.7392267e-01   5.6223615e-03  -1.9595210e-02   1.3245517e-02
   4.7789851e-02  -2.3574063e-01   1.9467567e-01   4.1442890e-03  -1.9511949e-02   1.3590601e-02
   2.6996325e-02  -2.8002698e-01   1.0596181e-01   5.1575190e-03  -1.9681706e-02   1.3629440e-02
   4.8068522e-02  -2.6230319e-01   1.4219964e-01   5.0262363e-03  -1.9328040e-02   1.3556123e-02
   4.7046799e-02  -3.1644126e-01   9.1113407e-02   4.6255167e-03  -1.9309457e-02   1.4023226e-02
   7.7462444e-02  -3.5087550e-01   1.8320662e-01   5.2731884e-03  -1.9209390e-02   1.4318652e-02
   6.7633577e-02  -2.4010457e-01   1.4026343e-01   4.2251477e-03  -1.9033490e-02   1.4357617e-02
   4.7562747e-02  -3.1599115e-01   1.0164805e-01   5.0947179e-03  -1.9666638e-02   1.4376638e-02
   7.3527313e-02  -2.6929896e-01   1.9283375e-01   5.1745380e-03  -1.9281498e-02   1.4508850e-02
   3.9699952e-02  -2.9235798e-01   7.4806760e-02   4.7802746e-03  -1.9584953e-02   1.4518705e-02
   7.1674894e-02  -2.8749427e-01   7.9453934e-02   5.8609491e-03  -1.9338617e-02   1.4808841e-02
   7.8543072e-02  -2.3882285e-01   9.9371860e-02   5.1589568e-03  -1.9107034e-02   1.5085797e-02
   5.8035120e-02  -2.7877267e-01   1.2858783e-02   5.3376397e-03  -1.9160637e-02   1.4942638e-02
   9.0839309e-02  -2.5717290e-01   1.2276280e-01   5.2294961e-03  -1.8333142e-02   1.4765163e-02
   1.1852633e-01  -3.0610466e-01   1.1346371e-01   4.0944202e-03  -1.8492523e-02   1.5643090e-02
   1.0011964e-01  -2.6485699e-01  -1.8106095e-02   5.5534053e-03  -1.8361426e-02   1.5594918e-02
   1.3123815e-01  -2.6892411e-01   3.8878489e-02   4.7567390e-03  -1.7860869e-02   1.5473481e-02
   1.3959800e-01  -2.1495732e-01  -9.4904070e-02   5.2589403e-03  -1.7283830e-02   1.5832835e-02
   1.6034452e-01  -2.2416658e-01  -1.5437523e-02   4.4212209e-03  -1.5907809e-02   1.5273048e-02
   1.5463612e-01  -1.6851114e-01  -2.8062812e-02   4.6862091e-03  -1.5942728e-02   1.5571063e-02
   1.9585298e-01  -1.7387330e-01   1.3626670e-01   4.3594265e-03  -1.6148993e-02   1.6157399e-02
   1.4980534e-01  -2.3223988e-01   1.7135525e-02   4.8931299e-03  -1.7228376e-02   1.6055983e-02
   1.6216718e-01  -2.3081154e-01   8.1038274e-02   4.3499928e-03  -1.7598941e-02   1.6164819e-02
   1.3933321e-01  -2.6543129e-01   6.9084045e-02   4.5900971e-03  -1.7510514e-02   1.5849805e-02
   1.3119375e-01  -2.5047211e-01  -4.1814218e-02   5.0451584e-03  -1.8036451e-02   1.6137322e-02
   1.5977029e-01  -2.2519310e-01   5.7021485e-02   4.6381851e-03  -1.8077731e-02   1.6232061e-02
   1.2574595e-01  -2.4811225e-01  -7.1095654e-02   5.2742188e-03  -1.7992094e-02   1.5985475e-02
   1.6305991e-01  -2.3959955e-01  -8.8128191e-03   4.9735532e-03  -1.8260272e-02   1.6777853e-02
   1.3097078e-01  -2.2841668e-01   3.0918862e-02   5.3845181e-03  -1.8735283e-02   1.6154882e-02
   1.1520257e-01  -2.5226909e-01  -3.8629564e-02   4.8955920e-03  -1.9007832e-02   1.6171838e-02
   1.2981176e-01  -2.2250173e-01   6.2109899e-02   5.1740767e-03  -1.8824814e-02   1.6341100e-02
   1.1308041e-01  -2.6642480e-01  -5.0727436e-02   5.0631614e-03  -1.8634441e-02   1.6349231e-02
   1.2655966e-01  -2.5375460e-01  -1.1340416e-02   5.9393464e-03  -1.8618437e-02   1.6526796e-02
   1.4005169e-01  -1.9836420e-01   5.9136461e-02   4.5542090e-03  -1.8377969e-02   1.6536157e-02
   1.0394262e-01  -3.2139121e-01  -1.1874376e-02   5.1935078e-03  -1.8894751e-02   1.6322669e-02
   1.1752861e-01  -2.3401141e-01   9.8334719e-02   5.2527886e-03  -1.8886705e-02   1.6331053e-02
   1.2673514e-01  -3.0519922e-01   1.0742362e-01   4.5598132e-03  -1.8886502e-02   1.6518801e-02
   9.9052663e-02  -3.2519063e-01   9.0018400e-03   5.0313333e-03  -1.9020016e-02   1.6242203e-02
   1.9587343e-01  -2.5324551e-01   2.7136815e-02   6.8157285e-03  -1.6196646e-02   1.7110612e-02
   1.7097901e-01  -1.4672627e-01  -1.8456418e-01   7.9023018e-03  -1.5647179e-02   1.7368528e-02
   2.2820173e-01  -2.0913592e-01   2.4230448e-02   7.4065219e-03  -1.6326572e-02   1.7670721e-02
   2.3029849e-01  -2.4511236e-01   4.2530370e-02   6.1333757e-03  -1.6314207e-02   1.7671910e-02
   1.8009793e-01  -1.6862653e-01  -9.4986378e-03   5.3073926e-03  -1.7296425e-02   1.7399476e-02
   2.1970663e-01  -2.9479041e-01   1.3465200e-01   4.1957935e-03  -1.7437706e-02   1.7736941e-02
   1.9961009e-01  -2.1198894e-01   5.7433423e-02   4.9758410e-03  -1.7882339e-02   1.7949765e-02
   1.7322017e-01  -2.7061721e-01   2.4413308e-02   4.8886041e-03  -1.8170894e-02   1.7742889e-02
   1.9174953e-01  -2.4619554e-01   7.9236122e-02   4.3676614e-03  -1.7618765e-02   1.7466141e-02
   1.7039137e-01  -2.7836485e-01  -7.8620936e-02   4.2270565e-03  -1.8054460e-02   1.7929731e-02
   2.0173319e-01  -2.6578271e-01   1.5378870e-02   4.7970947e-03  -1.7902337e-02   1.7964742e-02
   2.0471504e-01  -2.5989016e-01  -1.0121567e-02   4.5995213e-03  -1.8216141e-02   1.8097293e-02
   1.9025856e-01  -2.7330238e-01  -5.1490981e-02   5.3735771e-03  -1.8128000e-02   1.8108811e-02
   2.3524728e-01  -2.0511775e-01   3.3547624e-02   4.8619416e-03  -1.8121431e-02   1.8493966e-02
   2.0714493e-01  -2.1469784e-01  -4.6782194e-03   5.1641093e-03  -1.8554907e-02   1.8583061e-02
   2.1446254e-01  -2.5890918e-01  -3.9467565e-02   5.1426085e-03  -1.8809937e-02   1.8725383e-02
   2.5737750e-01  -2.0296068e-01   5.9458560e-02   5.3438880e-03  -1.8252923e-02   1.9041077e-02
   2.7966536e-01  -2.2593629e-01  -7.6136195e-02   5.2091835e-03  -1.7767922e-02   1.9844217e-02
   2.6791486e-01  -2.4687693e-01  -3.2182626e-02   5.5650022e-03  -1.8366504e-02   1.9884132e-02
   2.7142498e-01  -2.2940411e-01  -3.0146742e-02   4.9356384e-03  -1.8273063e-02   1.9920172e-02
   2.8844950e-01  -2.6974933e-01  -4.1511926e-02   6.1336664e-03  -1.8045285e-02   2.0630124e-02
   2.9913249e-01  -2.1733262e-01  -6.6379128e-02   7.3804791e-03  -1.7786209e-02   2.0786577e-02
   3.1747982e-01  -1.9627306e-01  -3.8796723e-02   6.0780283e-03  -1.7532019e-02   2.1233354e-02
   2.9781966e-01  -1.9156697e-01  -1.3254904e-01   6.2887997e-03  -1.6477521e-02   2.0718614e-02
   3.2116724e-01  -2.2859405e-01  -2.0806875e-02   5.3863312e-03  -1.5859765e-02   2.0437152e-02
   2.9244029e-01  -2.5668999e-01  -6.6148632e-02   6.1184958e-03  -1.6363613e-02   2.0474270e-02
   2.9947535e-01  -2.8153401e-01  -1.1170626e-01   6.4804271e-03  -1.6652348e-02   2.0906191e-02
   3.1009984e-01  -2.2764226e-01  -1.2152625e-02   5.4397308e-03  -1.6727330e-02   2.0973945e-02
   2.9043210e-01  -2.5348545e-01  -1.2421264e-01   6.2208623e-03  -1.7265145e-02   2.1158610e-02
   3.0158867e-01  -2.0934167e-01  -4.3253804e-02   5.3170043e-03  -1.7281709e-02   2.0956684e-02
   2.8471439e-01  -2.6197013e-01  -7.8482773e-02   5.4349413e-03  -1.7165530e-02   2.0729536e-02
   2.8450561e-01  -2.9334948e-01  -1.1002689e-01   5.3743121e-03  -1.7514516e-02   2.0793749e-02
   3.0572959e-01  -2.4341336e-01  -3.1904909e-02   4.4650193e-03  -1.7085348e-02   2.0823220e-02
   2.7414680e-01  -2.6416875e-01  -1.2506454e-01   4.8101182e-03  -1.7176820e-02   2.0693209e-02
   3.0090010e-01  -3.6396702e-01  -6.9201424e-02   3.9619158e-03  -1.7151695e-02   2.1019042e-02
   2.7260898e-01  -2.5101827e-01  -1.8967361e-02   3.4709559e-03  -1.7399600e-02   2.0677053e-02
   2.7389097e-01  -3.0402093e-01  -1.0312411e-01   4.1666847e-03  -1.7280826e-02   2.0504089e-02
   3.1560536e-01  -2.7440199e-01  -4.8971888e-02   3.9816871e-03  -1.7440540e-02   2.0859792e-02
   3.0019777e-01  -2.9290360e-01  -1.3356058e-01   4.3654801e-03  -1.7035342e-02   2.0544163e-02
   3.2707452e-01  -2.5621372e-01  -1.2058352e-01   4.0483877e-03  -1.7275542e-02   2.1203052e-02
   3.4980178e-01  -3.0523958e-01  -4.7787833e-02   3.9245423e-03  -1.7371192e-02   2.1439057e-02
   3.3785021e-01  -2.7348679e-01  -1.0950312e-01   3.8991707e-03  -1.7218379e-02   2.1437068e-02
   3.6155368e-01  -2.9059868e-01  -7.0166689e-02   4.4106577e-03  -1.7234154e-02   2.1913932e-02
   3.6895481e-01  -2.4645612e-01  -9.3785474e-03   4.1762416e-03  -1.7236395e-02   2.1960576e-02
   3.5882101e-01  -2.7136479e-01  -1.4577234e-01   4.4132748e-03  -1.7644298e-02   2.2410008e-02
   3.8136114e-01  -3.1175578e-01  -1.2101594e-01   5.2167695e-03  -1.7936133e-02   2.2742949e-02
   3.9228344e-01  -2.5071333e-01  -5.3797552e-02   4.1471117e-03  -1.7613632e-02   2.2351613e-02
   3.7237343e-01  -2.9189177e-01  -1.5185391e-01   4.4053469e-03  -1.8197545e-02   2.2627868e-02
   3.9291185e-01  -3.3562777e-01  -6.0321517e-02   4.4445938e-03  -1.8641726e-02   2.2696372e-02
   3.6460234e-01  -2.5776462e-01  -7.5673006e-02   2.7766778e-03  -1.8410804e-02   2.2340166e-02
   3.6471998e-01  -3.3482849e-01  -1.0709031e-01   3.7702138e-03  -1.8632563e-02   2.2313377e-02
   3.9755796e-01  -2.8593300e-01  -8.0555786e-02   3.1052630e-03  -1.7710959e-02   2.2085876e-02
   3.8551520e-01  -3.8787233e-01  -2.3346441e-01   4.3802844e-03  -1.5546002e-02   2.1003861e-02
   3.5761479e-01  -3.0809986e-01  -2.6793688e-01   5.6630759e-03  -1.6225601e-02   2.0979798e-02
   3.3758971e-01  -2.1792695e-01  -3.0168026e-01   4.1786341e-03  -1.5944565e-02   2.0891020e-02
   3.1775885e-01  -2.6115940e-01  -2.0242947e-01   3.3214884e-03  -1.6729286e-02   2.0544440e-02
   2.8320653e-01  -3.6499168e-01  -2.2071610e-01   3.4349826e-03  -1.7095531e-02   2.0179710e-02
   3.2246987e-01  -3.6744780e-01  -8.9915438e-02   2.9018104e-03  -1.6834456e-02   2.0260509e-02
   2.9671638e-01  -2.9223868e-01  -2.0372389e-01   1.4363739e-03  -1.6631257e-02   2.0283802e-02
   2.7650933e-01  -3.5884504e-01  -2.1326247e-01   2.4170282e-03  -1.6317754e-02   1.9688043e-02
   2.9622230e-01  -3.2977866e-01  -2.1512096e-01   9.8698113e-04  -1.6086543e-02   1.9927993e-02
   2.6107468e-01  -3.2330526e-01  -3.6422315e-01   1.8878903e-03  -1.5577992e-02   1.9570430e-02
   3.0810135e-01  -3.2923395e-01  -2.7638588e-01   9.1446517e-04  -1.5512353e-02   1.9783162e-02
   2.9026799e-01  -2.9882012e-01  -2.5386005e-01   9.5524956e-04  -1.5730651e-02   1.9903645e-02
   3.0253803e-01  -2.8020542e-01  -3.1560616e-01   1.6542194e-03  -1.5479439e-02   1.9887567e-02
   3.2702552e-01  -3.0321505e-01  -1.7111644e-01   1.4783911e-03  -1.6107262e-02   2.0674258e-02
   2.7584038e-01  -3.0595261e-01  -3.2829095e-01   2.5585233e-03  -1.6077728e-02   2.0032863e-02
   2.9768021e-01  -3.4484084e-01  -3.0792721e-01   9.7061626e-04  -1.5612261e-02   1.9967559e-02
   3.0974990e-01  -2.9827076e-01  -2.5533738e-01   1.2784647e-03  -1.5367887e-02   2.0271177e-02
   3.3377372e-01  -3.0672215e-01  -2.9574054e-01   1.2715402e-03  -1.5727198e-02   2.1141751e-02
   3.8080305e-01  -3.2132969e-01  -2.0407659e-01   1.9077727e-03  -1.6353058e-02   2.1812133e-02
   3.6100986e-01  -3.1278754e-01  -2.5177070e-01   1.6063087e-03  -1.6466388e-02   2.1742893e-02
   3.4408958e-01  -3.8867841e-01  -3.2675035e-01   2.1386878e-03  -1.6519986e-02   2.1672914e-02
   3.6178891e-01  -3.0543588e-01  -2.5956699e-01   1.5043898e-03  -1.6538246e-02   2.1806849e-02
   3.5077815e-01  -3.3381198e-01  -2.4702850e-01   2.5360141e-03  -1.6855255e-02   2.1906866e-02
   3.7192729e-01  -3.5026748e-01  -2.4698153e-01   2.0873768e-03  -1.6746084e-02   2.2123142e-02
   2.8875599e-01  -2.6916830e-01  -3.6262238e-01   2.8767835e-03  -1.6845977e-02   2.0180566e-02
   2.6709218e-01  -3.6028070e-01  -3.7822858e-01   1.8521320e-03  -1.6634447e-02   1.9420185e-02
   3.0926213e-01  -3.1005543e-01  -2.6448633e-01   1.7450079e-03  -1.6863321e-02   2.0576258e-02
   3.0811442e-01  -3.4999031e-01  -3.4692294e-01   2.3606953e-03  -1.6799496e-02   2.1057904e-02
   3.3715685e-01  -3.3549512e-01  -2.9429639e-01   2.1084467e-03  -1.6697570e-02   2.1748647e-02
   3.4464333e-01  -3.6489845e-01  -2.2912611e-01   3.6276719e-04  -1.6409771e-02   2.1263098e-02
   3.3778734e-01  -3.5992731e-01  -2.8868759e-01   1.7767796e-04  -1.6583830e-02   2.1573580e-02
   3.3373883e-01  -2.7741556e-01  -2.7708960e-01   3.6186614e-04  -1.6573329e-02   2.1351141e-02
   3.6732080e-01  -3.0843797e-01  -2.0975045e-01   9.3003572e-05  -1.6819777e-02   2.1950689e-02
   3.4610651e-01  -3.9071627e-01  -2.7649725e-01   1.2280123e-03  -1.6992540e-02   2.2069696e-02
   3.5873680e-01  -3.3904832e-01  -2.6353294e-01   9.3955763e-04  -1.7114205e-02   2.2168225e-02
   3.5756485e-01  -3.0945601e-01  -2.7281845e-01   1.1026964e-03  -1.7077176e-02   2.2015678e-02
   3.7076370e-01  -3.4437311e-01  -2.7246871e-01   3.5085723e-04  -1.6869501e-02   2.2096287e-02
   3.2618962e-01  -3.2163830e-01  -3.5880502e-01   1.2678571e-03  -1.6580115e-02   2.1596109e-02
   3.4872191e-01  -3.5428008e-01  -3.1500596e-01   8.0175624e-04  -1.6739748e-02   2.1759080e-02
   3.5366470e-01  -3.7163820e-01  -3.1331280e-01   1.4327547e-03  -1.6745696e-02   2.1912886e-02
   3.2872949e-01  -2.9576744e-01  -3.9468906e-01   1.3571035e-03  -1.7108517e-02   2.2061821e-02
   3.8213816e-01  -3.4004227e-01  -2.7647603e-01   1.6194116e-03  -1.7297682e-02   2.2554346e-02
   3.6454169e-01  -3.2583801e-01  -3.4032592e-01   1.5918025e-03  -1.6778579e-02   2.2239801e-02
   3.5817365e-01  -3.9421192e-01  -4.0981373e-01   1.7748673e-03  -1.6749137e-02   2.2477442e-02
   3.6337168e-01  -3.1478127e-01  -3.8352927e-01   2.4338053e-03  -1.6904978e-02   2.2377607e-02
   3.6961587e-01  -2.8101459e-01  -3.7992688e-01   9.8234456e-04  -1.6746781e-02   2.2365549e-02
   3.1204994e-01  -3.2943455e-01  -4.7595543e-01   2.8825508e-03  -1.6648272e-02   2.1328793e-02
   3.3227783e-01  -3.5095343e-01  -4.3319403e-01   3.9936649e-03  -1.7402626e-02   2.1581681e-02
   3.4760011e-01  -3.7751187e-01  -3.4377521e-01   2.7083916e-03  -1.7711736e-02   2.1830234e-02
   3.4211758e-01  -3.7404735e-01  -3.4760217e-01   2.8165756e-03  -1.7909140e-02   2.1919916e-02
   3.5618719e-01  -3.3577578e-01  -3.6706618e-01   2.7999018e-03  -1.8014704e-02   2.2291112e-02
   3.8399848e-01  -2.9593165e-01  -2.9692386e-01   2.1401003e-03  -1.8379935e-02   2.2735704e-02
   3.7454775e-01  -3.8264882e-01  -3.1588337e-01   2.0307966e-03  -1.8465143e-02   2.2722045e-02
   3.7799420e-01  -3.5461939e-01  -3.6840034e-01   2.1254298e-03  -1.8440245e-02   2.2595067e-02
