   0.0000000e+00   0.0000000e+00   0.0000000e+00   0.0000000e+00   0.0000000e+00   0.0000000e+00
  -2.8892349e-02  -1.2333986e-01   4.6859666e-02   2.2926195e-04   2.3905060e-04  -3.6102084e-04
  -5.4888382e-02  -1.2435708e-01  -6.2940712e-02   1.9318614e-04   5.7267160e-04  -5.3655121e-04
  -5.3774977e-02  -6.3658554e-02  -7.4947565e-02   1.2125148e-04   6.8866788e-04  -6.3732844e-04
  -2.9508581e-02  -2.0579423e-02  -1.2388418e-01   6.9594740e-04   3.7430620e-04  -3.7645936e-04
  -3.5627546e-02  -1.4771148e-01  -4.8505572e-02   1.0981076e-03   2.9332259e-04  -6.9183229e-04
  -5.8796654e-02  -3.1283490e-01  -1.6656906e-02   1.5303015e-03   6.5983983e-04  -7.9784620e-04
  -3.0852866e-02  -6.0089919e-02  -1.4375486e-01   8.2543462e-04   3.2614301e-04  -5.0779675e-04
  -3.0736555e-02   1.3125076e-01  -1.4174180e-01   6.8004726e-04   4.1630695e-04  -4.1383004e-04
  -5.7140201e-02   2.7931682e-02  -1.4764388e-01   8.8270735e-04   7.7613924e-04  -4.0697384e-04
  -7.4777656e-02  -1.9195900e-01  -1.3752297e-01   5.3253501e-04   6.7902488e-04  -6.7969232e-04
  -7.4905830e-02  -1.8966644e-01  -2.0302385e-01   6.7678301e-04   7.4503588e-04  -6.3959483e-04
  -6.1812059e-02   6.1086127e-02  -1.9734220e-01   1.5340782e-03   9.4572831e-04  -6.4887167e-04
  -6.1507081e-02   4.3696266e-02  -1.9430900e-01   7.8054043e-04   1.0521691e-03  -1.3208050e-04
  -8.3222959e-02  -1.9628252e-01  -1.4285868e-01   1.7416624e-04   9.3382105e-04  -6.1195577e-04
  -1.0054689e-01  -2.6836566e-01  -2.1860844e-01   9.6679080e-04   1.2914684e-03  -9.2850276e-04
  -9.1145835e-02   3.9757006e-02  -2.4575633e-01   1.0965018e-03   1.6307271e-03  -7.1540802e-04
  -9.7539697e-02  -3.0272387e-03  -2.4953190e-01   8.2050817e-04   1.7513970e-03  -3.4498017e-04
  -1.1146236e-01  -3.3043264e-01  -2.0530894e-01   1.0475374e-03   1.7144623e-03  -8.2563773e-04
  -1.1076098e-01  -1.5763976e-01  -2.9885035e-01   1.4901352e-03   1.7238710e-03  -9.3191196e-04
  -9.3752080e-02   1.3893699e-01  -2.4108297e-01   1.3119121e-03   1.6446228e-03  -6.1548437e-04
  -1.0827678e-01  -3.0918579e-03  -2.6129320e-01   8.0788393e-04   1.6506773e-03  -4.3940611e-04
  -1.0751236e-01  -1.9080819e-01  -2.3225315e-01   1.4215702e-03   1.5359815e-03  -6.5236443e-04
  -1.2652780e-01  -2.5281330e-01  -3.2257109e-01   2.3782184e-03   1.9443084e-03  -8.9339295e-04
  -8.2137871e-02   6.2708417e-02  -3.0579568e-01   2.1719442e-03   1.6505240e-03  -4.4996109e-04
  -9.3586059e-02  -7.2065654e-02  -3.1495310e-01   1.8473870e-03   1.5700798e-03  -5.5203511e-04
  -1.2563177e-01  -5.8973341e-02  -3.1300136e-01   2.2065406e-03   2.0440351e-03  -8.3212528e-04
  -1.3014136e-01  -7.9229407e-02  -2.5948318e-01   9.7612299e-04   2.1285531e-03  -8.8527643e-04
  -1.2562110e-01  -1.7415138e-01  -3.2441313e-01   1.5253765e-03   1.8807376e-03  -9.3588105e-04
  -1.2940550e-01   5.2130883e-02  -2.9793039e-01   1.3724174e-03   2.2997562e-03  -8.1965611e-04
  -1.5128905e-01  -1.4077957e-01  -2.6272394e-01   8.3530013e-04   2.5277441e-03  -1.0708276e-03
  -1.5816219e-01  -2.6472991e-01  -3.5596808e-01   1.5561898e-03   2.5932889e-03  -1.2203979e-03
  -1.4020634e-01   9.8638257e-03  -3.1699389e-01   1.1181615e-03   2.5310024e-03  -8.3191349e-04
  -1.4363556e-01  -4.7648314e-02  -2.6162107e-01   6.0867577e-04   2.4925229e-03  -5.5013289e-04
  -1.6619777e-01  -2.1850594e-01  -3.8787099e-01   1.3181079e-03   2.6590573e-03  -1.0132470e-03
  -1.5717761e-01   5.7301106e-02  -3.6234559e-01   6.0308805e-04   2.8250063e-03  -8.6853151e-04
  -1.7003010e-01  -3.5302628e-02  -2.8754839e-01   3.1630678e-04   3.1001878e-03  -1.1667436e-03
  -1.7141453e-01  -1.9872259e-01  -3.4600072e-01   1.2499673e-03   2.8255271e-03  -1.3738703e-03
  -1.6902775e-01  -4.2605154e-02  -3.7319205e-01   7.3080874e-04   3.1666289e-03  -9.6145044e-04
  -1.5732357e-01   2.6526331e-02  -3.3405685e-01   8.6316390e-04   3.1441268e-03  -7.0191991e-04
  -1.7371549e-01  -1.6885405e-01  -3.2526391e-01   5.8957644e-04   3.1512631e-03  -8.4494231e-04
  -1.9353009e-01  -2.2953154e-01  -3.8701002e-01   9.6290162e-04   3.3744306e-03  -1.0615674e-03
  -1.8871468e-01  -2.7267168e-03  -3.7026660e-01   6.6723225e-04   3.6245120e-03  -8.6781841e-04
  -1.8791708e-01   4.6252462e-02  -3.4830675e-01   7.1741062e-04   3.6813088e-03  -7.9515389e-04
  -2.0377359e-01  -1.9769075e-01  -2.8039334e-01   6.6496960e-04   3.7591129e-03  -1.2038089e-03
  -2.2826843e-01  -2.6128836e-01  -3.7993293e-01   6.0635938e-04   4.0548402e-03  -1.2118478e-03
  -1.9184567e-01   4.0776336e-02  -3.3491788e-01   8.0794689e-04   3.7773123e-03  -9.5298606e-04
  -1.8756385e-01  -3.7291321e-03  -3.5420100e-01   5.5707312e-04   3.6026952e-03  -8.7301787e-04
  -2.0681025e-01  -1.3844681e-01  -3.2504764e-01   9.3712980e-04   3.8329891e-03  -1.0646498e-03
  -2.3495846e-01  -1.9130098e-01  -4.1020848e-01   5.6321746e-04   3.9307628e-03  -1.2086887e-03
  -2.0397026e-01   8.4374549e-03  -3.9259840e-01   6.0694944e-04   3.6583410e-03  -1.0952423e-03
  -1.9207165e-01   2.3165053e-03  -3.6864189e-01   1.0007102e-03   3.6315157e-03  -1.0352432e-03
  -2.5616746e-01  -2.5760138e-01  -3.0643005e-01   1.6909695e-03   4.5804227e-03  -1.5879597e-03
  -2.4716242e-01  -1.5892287e-01  -4.0824114e-01   1.4830602e-03   4.5630181e-03  -1.2580747e-03
  -2.1507287e-01   5.6951287e-02  -3.7937406e-01   1.2122093e-03   4.4879187e-03  -1.0321128e-03
  -2.1232521e-01   7.0265821e-02  -3.6125737e-01   1.6763563e-03   4.6045639e-03  -9.2831645e-04
  -2.3805029e-01  -1.3234648e-01  -3.5369653e-01   1.3473469e-03   4.9012619e-03  -8.5720025e-04
  -2.4519672e-01  -1.8481290e-01  -3.9720725e-01   1.7373157e-03   5.0136056e-03  -1.2801511e-03
  -2.1149397e-01   7.9663734e-03  -3.9618211e-01   1.8539314e-03   4.6984179e-03  -8.5559986e-04
  -2.1800753e-01  -1.3032248e-02  -3.5305303e-01   1.5693915e-03   4.9932125e-03  -6.7982576e-04
  -2.3723202e-01  -2.2442270e-01  -3.7986684e-01   1.5748416e-03   5.0830935e-03  -8.6195665e-04
  -2.1251174e-01  -6.9044450e-02  -4.2646439e-01   1.6523562e-03   4.8943224e-03  -7.5546960e-04
  -2.0879570e-01  -8.5602204e-03  -3.6817589e-01   9.9157328e-04   5.1401510e-03  -4.6477636e-04
  -2.1959556e-01  -2.3642875e-01  -4.4387134e-01   1.9885458e-03   4.8071783e-03  -8.0483048e-04
  -1.9178279e-01  -1.3779338e-01  -5.3367611e-01   4.0860664e-03   4.9561465e-03  -5.2202878e-04
  -1.8256196e-01   1.0456710e-02  -5.3066898e-01   3.9987830e-03   5.2364643e-03  -3.6791983e-04
  -2.3112830e-01  -1.5524424e-01  -4.5513964e-01   2.9508755e-03   5.6574164e-03  -9.0853771e-04
  -2.3423054e-01  -7.1247889e-02  -5.5359599e-01   3.3793336e-03   5.7053291e-03  -7.2345219e-04
  -2.0299555e-01   1.0729772e-01  -4.3088608e-01   2.4064589e-03   5.4749760e-03  -4.7851960e-04
  -2.4393031e-01  -2.0974024e-01  -5.0051828e-01   2.3856853e-03   5.6570056e-03  -6.3751364e-04
  -2.2593658e-01   6.8809291e-02  -4.2538207e-01   1.9004268e-03   5.7408639e-03  -6.7984218e-04
  -2.4255629e-01  -1.1088658e-01  -4.0755017e-01   1.7272805e-03   5.8153660e-03  -7.9967504e-04
  -2.3733174e-01  -2.6434267e-03  -4.4745892e-01   1.3322325e-03   5.9021496e-03  -5.9791358e-04
  -2.3794051e-01  -3.9671777e-02  -3.4754157e-01   9.5063742e-04   5.8599961e-03  -5.9083616e-04
  -2.7563248e-01  -2.9138473e-01  -4.3547704e-01   1.7928206e-03   6.2625206e-03  -1.0072617e-03
  -2.2916418e-01   4.7563597e-02  -4.1465214e-01   1.6549017e-03   5.9010125e-03  -6.6824583e-04
  -2.4243987e-01   2.2439135e-02  -3.8848996e-01   1.7542247e-03   6.0365648e-03  -7.4216547e-04
  -2.5905034e-01  -1.4502821e-02  -3.9209565e-01   1.0260678e-03   6.2335661e-03  -6.2984611e-04
  -2.5398217e-01  -3.1107146e-02  -4.0859891e-01   1.6340761e-03   5.9486550e-03  -7.1164086e-04
  -2.7328393e-01  -1.4630044e-01  -3.3359539e-01   5.7795478e-04   6.1363782e-03  -7.2166901e-04
  -2.7496012e-01  -2.0384761e-01  -4.2671268e-01   1.1245192e-03   6.0025251e-03  -8.4848293e-04
  -2.5467937e-01   5.2423756e-02  -3.7389691e-01   3.3702832e-04   6.1095205e-03  -5.8911660e-04
  -2.6836359e-01  -1.5035461e-01  -3.5246402e-01   6.8133733e-04   6.2466958e-03  -7.9026065e-04
  -2.5419816e-01  -5.1819747e-02  -4.6061625e-01   7.0157670e-04   5.9285904e-03  -7.4830465e-04
  -2.3868983e-01   1.2997419e-01  -4.0731129e-01   6.7054347e-04   5.9659777e-03  -6.2948887e-04
  -2.6041466e-01   3.0546295e-03  -4.4605096e-01   8.6229480e-04   6.1461552e-03  -6.0868719e-04
  -2.5255069e-01  -9.9877226e-02  -4.5925683e-01   1.5739881e-03   5.9462714e-03  -5.8725963e-04
  -2.5431393e-01  -2.0365130e-01  -3.7640956e-01   9.7271565e-04   6.2696583e-03  -5.4267046e-04
  -2.5292545e-01  -8.4049633e-02  -4.7839819e-01   1.1942525e-03   6.2283193e-03  -7.3374604e-04
  -2.1085166e-01   1.8357610e-01  -3.7964239e-01   8.3532789e-04   5.8975173e-03  -4.2345381e-04
  -2.4411499e-01  -1.9698212e-02  -3.7180238e-01   2.5640930e-04   6.2706671e-03  -4.5575977e-04
  -2.4521538e-01  -1.8840524e-01  -5.2153231e-01   9.9261082e-04   6.0355635e-03  -2.9969590e-04
  -1.9271670e-01   1.0697293e-01  -5.1867978e-01   8.0011693e-04   5.7159164e-03   3.2879779e-04
  -2.0731476e-01  -1.9008196e-02  -4.7996819e-01   1.3535711e-03   5.8600504e-03   1.9473928e-04
  -2.1152808e-01  -1.5480583e-02  -5.2480379e-01   1.3326956e-03   5.8139011e-03   2.2434059e-04
  -2.2495243e-01  -6.4170834e-02  -4.0730855e-01   6.0551529e-04   6.1713824e-03  -1.6113865e-04
  -2.5023024e-01  -1.8291821e-01  -5.1117896e-01   1.7940761e-03   6.2746483e-03  -4.4394551e-04
  -2.1351444e-01   6.3124462e-02  -4.4582097e-01   1.2624842e-03   6.3077959e-03  -1.3731905e-04
  -2.0099796e-01  -8.0290362e-03  -4.6167254e-01   1.6473067e-03   5.9661650e-03   2.6425893e-04
  -2.0302564e-01  -4.5341247e-02  -4.6508668e-01   1.4035408e-03   5.9231320e-03   2.8744379e-04
  -2.2360254e-01  -1.2488062e-01  -4.3923691e-01   1.2162130e-03   6.0320791e-03  -1.9009963e-05
  -2.4572206e-01  -7.0535379e-02  -5.2014109e-01   1.4051735e-03   6.3272440e-03  -1.6817125e-04
  -2.2723551e-01   2.9558208e-02  -4.3622729e-01   3.5889493e-04   6.2038735e-03   5.1755262e-05
  -2.1376044e-01  -1.5787156e-03  -4.7976559e-01   8.6831539e-04   5.9123123e-03  -1.1258332e-05
  -2.2652937e-01  -1.4929100e-02  -4.4335565e-01   8.6733067e-04   6.1411385e-03  -1.2949522e-05
  -2.6784405e-01  -2.2213726e-01  -4.2569710e-01   6.3625877e-04   6.5067301e-03  -2.3980036e-04
  -2.4016324e-01  -3.7999578e-02  -5.1922653e-01   1.1427550e-03   6.2261285e-03  -3.0926827e-04
  -2.2356153e-01   1.5681502e-01  -4.6333061e-01   9.5150638e-04   6.2848439e-03  -1.0264149e-04
  -2.5065556e-01  -4.5727847e-02  -4.6426121e-01   1.0376815e-03   6.5777750e-03  -1.5056194e-04
  -2.6484573e-01  -1.3507789e-01  -4.7297812e-01   1.0554029e-03   6.7291858e-03  -2.4643603e-04
  -2.3848609e-01   2.7978714e-02  -4.7736341e-01   1.4276973e-03   6.6998647e-03  -4.0877762e-04
  -2.1437773e-01   2.8701253e-02  -4.2514608e-01   1.4596612e-03   6.3835082e-03  -1.9571501e-04
  -2.5572148e-01  -1.4915629e-01  -4.3568162e-01   1.3271627e-03   6.8453348e-03  -1.7728421e-04
  -2.4160873e-01   2.3057212e-02  -4.7744422e-01   1.2062133e-03   6.5242574e-03  -6.3490877e-05
  -2.2215747e-01  -3.3278553e-03  -4.3518073e-01   1.0910361e-03   6.3218818e-03   2.4204080e-04
  -2.4318989e-01  -2.3781113e-01  -4.8127762e-01   9.2658415e-04   6.4946821e-03  -1.5380345e-06
  -2.3391232e-01   5.1007127e-02  -5.4491919e-01   7.3459478e-04   6.7107763e-03  -1.3229434e-04
  -1.9377366e-01   9.7315634e-02  -4.8379106e-01   1.5426308e-03   5.9840781e-03   3.0799739e-04
  -2.5556227e-01  -1.0793543e-01  -4.5478782e-01   6.9486282e-04   6.6567453e-03  -8.2447413e-05
  -2.6757982e-01  -1.3218432e-01  -5.0598128e-01   1.2587717e-03   6.7402967e-03  -2.3672887e-04
  -2.2702272e-01   7.1636641e-02  -4.5539083e-01   1.9518024e-03   6.4308842e-03  -1.7086734e-04
  -2.4364239e-01  -9.0849890e-02  -4.7690691e-01   1.7724484e-03   6.5023109e-03  -2.0511191e-04
  -2.4739364e-01  -1.2134846e-02  -4.9735684e-01   1.5057610e-03   6.6694321e-03  -2.9549794e-04
  -2.6391231e-01  -4.1431678e-02  -4.4631448e-01   1.5080665e-03   7.0160479e-03  -3.7092621e-04
  -2.6433477e-01  -2.1798319e-01  -4.9515677e-01   1.7215006e-03   6.7780177e-03  -3.6626257e-04
  -2.6865177e-01  -6.9216548e-02  -5.0104004e-01   1.5053912e-03   7.0882934e-03  -4.2069722e-04
  -2.1828085e-01   1.4826884e-01  -4.2470228e-01   1.7622414e-03   6.6850412e-03  -1.4626402e-04
  -2.4437893e-01  -1.8941129e-01  -4.8991234e-01   1.6839812e-03   6.4835759e-03   1.6296229e-05
  -2.5626502e-01  -5.0789333e-02  -5.5352077e-01   1.9722796e-03   6.8682353e-03  -9.5268856e-05
  -2.1550002e-01   1.3057959e-01  -5.2411109e-01   1.7624899e-03   6.6317910e-03   2.9443542e-04
  -2.4302573e-01  -1.1581780e-01  -5.4093175e-01   1.3334845e-03   6.7975914e-03   1.6382949e-04
  -2.5887244e-01  -3.0837159e-01  -5.7462110e-01   1.5298859e-03   6.8238920e-03  -1.3032119e-04
  -2.2292261e-01   1.3523471e-01  -5.2061522e-01   1.6880568e-03   6.6904576e-03   1.3181231e-04
  -2.3376238e-01   6.4483005e-02  -5.0920068e-01   1.7828580e-03   6.7879256e-03   2.1589387e-04
  -2.4238387e-01  -6.8092399e-02  -4.9668697e-01   1.9585116e-03   6.6331474e-03   9.1273597e-05
  -2.6511167e-01  -1.6266610e-01  -5.3804824e-01   2.2204507e-03   6.7733007e-03  -4.3165003e-04
  -2.3436580e-01   1.8579921e-02  -5.3169950e-01   2.0328289e-03   6.6565569e-03  -6.9516743e-05
  -2.2469689e-01   8.4290751e-03  -5.0412632e-01   1.9061493e-03   6.6562259e-03   1.6888839e-04
  -2.2424767e-01  -5.2353374e-02  -4.8077047e-01   1.6061988e-03   6.7926652e-03   1.2970791e-04
  -2.4733023e-01  -8.1918824e-02  -5.3509786e-01   1.8325319e-03   6.9194343e-03  -1.2224034e-04
  -2.2087358e-01   3.4040443e-02  -4.8943528e-01   2.0328802e-03   6.7615018e-03  -1.3628251e-04
  -2.1505275e-01  -1.1422735e-02  -5.3470975e-01   2.4644647e-03   6.5608857e-03  -3.9063959e-05
  -2.2655868e-01  -9.8657289e-02  -4.6593471e-01   1.3332798e-03   6.7107787e-03  -3.0986189e-04
  -2.3809767e-01  -4.6863475e-02  -5.8366800e-01   2.1278719e-03   6.8974586e-03  -4.8673463e-04
  -2.2837987e-01  -3.3568054e-03  -4.7335444e-01   1.7762180e-03   6.9085569e-03  -4.5932580e-04
  -2.1154885e-01  -2.0469389e-01  -5.3633147e-01   2.5396494e-03   6.4541270e-03  -1.6766054e-04
  -1.9858027e-01   5.9477823e-02  -5.6553710e-01   2.2561166e-03   6.5784102e-03  -1.8605351e-05
  -2.1593515e-01  -2.6706476e-02  -5.3937222e-01   2.6304784e-03   6.6076951e-03  -2.5799501e-04
  -2.1669673e-01   1.0329097e-02  -5.4561899e-01   2.0451638e-03   6.6143340e-03  -1.4826988e-04
  -2.2093293e-01  -1.0370500e-01  -4.9844928e-01   2.5073062e-03   6.6145572e-03  -3.6102626e-04
  -2.5481165e-01  -4.8363356e-02  -5.4414923e-01   2.2972651e-03   7.1444408e-03  -5.2206510e-04
  -2.2423032e-01  -7.0255679e-02  -4.5813539e-01   1.9695316e-03   6.6840789e-03  -1.7736891e-04
  -2.3607846e-01  -1.6552742e-01  -5.4875234e-01   2.7287872e-03   6.6867473e-03  -4.2462431e-04
  -2.1157401e-01   5.4712729e-02  -4.8418282e-01   2.3346241e-03   6.5895746e-03  -9.6723934e-05
  -2.6372803e-01  -1.6801390e-02  -5.1373838e-01   1.8488297e-03   7.2115167e-03  -7.0836902e-04
  -2.4579527e-01  -2.5569872e-02  -4.6958622e-01   2.1074851e-03   6.9952840e-03  -5.9145839e-04
  -2.4090951e-01  -4.9885283e-02  -5.2480407e-01   2.4134573e-03   6.8913753e-03  -5.3346693e-04
  -2.4476491e-01  -1.6556723e-01  -4.4806492e-01   2.3173816e-03   6.8285453e-03  -7.4459591e-04
  -2.3516647e-01  -9.1652533e-02  -5.4387837e-01   2.6708764e-03   6.9239413e-03  -6.9612660e-04
  -1.9824050e-01   1.4575091e-01  -4.5975579e-01   1.6598494e-03   6.9998341e-03  -2.6915535e-04
  -2.3798314e-01  -1.4316696e-01  -6.0394206e-01   2.0418173e-03   7.1421649e-03  -3.2160784e-04
  -2.0079093e-01   1.2183097e-01  -5.5114994e-01   2.1445980e-03   6.9074561e-03   5.0117276e-05
  -2.0981148e-01   9.9569787e-03  -5.6108721e-01   2.0346892e-03   6.8684045e-03   1.1998438e-04
  -2.2887912e-01  -1.0591402e-01  -5.5818489e-01   2.1156445e-03   6.8126818e-03  -1.9577929e-04
  -2.4465987e-01   1.7781909e-02  -5.7215387e-01   2.3060916e-03   7.0775871e-03  -3.8169083e-04
  -2.5828830e-01  -5.7111573e-02  -4.8347181e-01   2.5641673e-03   7.3375713e-03  -6.4292969e-04
  -2.4867689e-01  -1.7846586e-02  -4.9193789e-01   2.0069984e-03   7.2636744e-03  -5.3066057e-04
  -2.5777559e-01  -2.3019351e-02  -5.2993268e-01   2.3366535e-03   7.3458452e-03  -8.7737268e-04
  -2.3714415e-01  -8.7710554e-03  -5.2339137e-01   1.8622938e-03   7.0770758e-03  -7.8216338e-04
  -2.5204758e-01  -5.6335814e-02  -5.1828063e-01   2.0987685e-03   7.2198486e-03  -5.5962435e-04
  -2.3361478e-01   4.8245161e-02  -5.4071508e-01   2.3767812e-03   7.0512250e-03  -3.8644314e-04
  -2.5826357e-01  -9.0973705e-02  -5.0825037e-01   1.6680962e-03   7.3524035e-03  -7.2841195e-04
  -2.4563833e-01  -5.7163777e-02  -6.1028372e-01   2.1274228e-03   6.9267020e-03  -8.0208088e-04
  -2.4959136e-01   3.1364374e-02  -4.9677199e-01   1.7896185e-03   7.3500697e-03  -9.2282664e-04
  -2.5280139e-01   2.3050402e-02  -5.8843270e-01   2.5244914e-03   7.3276918e-03  -8.2325834e-04
  -2.1656022e-01   1.3114608e-02  -5.2316764e-01   2.4329206e-03   6.9723190e-03  -1.5105648e-04
  -2.6035636e-01  -3.1229898e-01  -5.7802046e-01   3.0630849e-03   7.4707753e-03  -5.5068302e-04
  -2.3230025e-01   1.0612193e-02  -5.9060235e-01   3.2322973e-03   8.0570813e-03  -1.5216281e-04
  -2.0370749e-01   1.2691047e-01  -5.0603427e-01   2.7321639e-03   7.3874980e-03  -6.2010762e-05
  -2.5131737e-01  -1.8667330e-01  -5.4392570e-01   3.1299181e-03   7.5468226e-03  -5.0273518e-04
  -2.3323562e-01   6.1440126e-02  -5.2162675e-01   3.1982506e-03   7.5920407e-03  -6.0365941e-04
  -2.3024890e-01   2.9601618e-03  -4.4717382e-01   2.3217596e-03   7.5048467e-03  -4.9689852e-04
  -2.4066217e-01  -1.8122345e-01  -5.8279453e-01   2.1140248e-03   7.6604395e-03  -9.8912092e-05
  -1.7807987e-01   6.8234931e-02  -5.8809369e-01   2.6560410e-03   6.9460568e-03   3.7557577e-04
  -1.8956837e-01   5.3943876e-02  -5.6246930e-01   2.4935404e-03   7.1480534e-03   6.2170875e-04
  -1.7352417e-01  -1.0169288e-01  -5.9879679e-01   2.7643332e-03   6.8177223e-03   7.6783344e-04
  -2.1381995e-01  -2.0772500e-01  -6.0825170e-01   2.8648735e-03   7.1532266e-03   2.4960026e-04
  -2.1080753e-01  -6.5947075e-03  -5.8160514e-01   3.1062268e-03   7.3676964e-03   1.1989149e-04
  -2.2435979e-01  -6.3048771e-02  -5.5139206e-01   3.3024571e-03   7.4367997e-03  -1.8164356e-04
  -2.5360976e-01  -1.6214470e-02  -6.0419610e-01   3.4038120e-03   7.7520137e-03  -6.5559342e-04
  -2.6467574e-01  -2.9681322e-02  -5.1126311e-01   2.8268984e-03   7.9861948e-03  -8.5087527e-04
  -2.8165816e-01  -7.2840432e-02  -6.1616789e-01   3.2904023e-03   7.7783977e-03  -7.4873183e-04
  -2.6219504e-01  -3.8515277e-02  -5.0098973e-01   1.9497659e-03   7.9553889e-03  -6.3306322e-04
  -2.7737903e-01  -6.6914637e-02  -6.3766356e-01   2.5073224e-03   7.7518817e-03  -6.0648660e-04
  -2.6263022e-01   1.2342299e-02  -5.8878529e-01   2.2009715e-03   7.7599960e-03  -1.7525415e-04
  -2.5890323e-01  -3.0285976e-01  -6.5010139e-01   2.2721023e-03   7.7597541e-03   6.9885535e-05
  -2.3110910e-01   2.9555042e-02  -7.7308182e-01   2.0800768e-03   7.4380726e-03   3.0984528e-04
  -2.1988446e-01   3.7930047e-02  -6.6435772e-01   2.2113242e-03   7.2788320e-03   4.0532114e-04
  -2.4558016e-01  -8.0019684e-02  -7.0763553e-01   2.3239452e-03   7.5248507e-03  -1.5688903e-04
  -2.2226712e-01   1.5773353e-02  -6.2221292e-01   2.7922019e-03   7.3962304e-03  -1.7117597e-04
  -2.5629469e-01  -8.6769484e-02  -6.8842352e-01   3.8578132e-03   7.8537588e-03  -4.4216700e-04
  -2.2084763e-01  -1.0111869e-01  -7.4285674e-01   6.6033382e-03   7.4420164e-03  -2.8631465e-04
  -2.1141783e-01  -1.5272043e-01  -7.3062922e-01   5.0271121e-03   7.4857202e-03   1.6271294e-04
  -2.4171585e-01  -7.9495278e-02  -6.6364416e-01   3.5014216e-03   8.0253745e-03  -3.9875941e-05
  -2.2393753e-01  -5.3006415e-03  -6.6966655e-01   3.3063012e-03   7.8509780e-03   1.7684036e-04
  -2.5689189e-01  -1.9087105e-01  -6.1180854e-01   3.0882643e-03   8.0557124e-03  -3.1557058e-04
  -2.6290052e-01  -9.2739766e-02  -7.1056393e-01   3.5861283e-03   7.7514304e-03  -4.3538622e-04
  -2.6882144e-01  -1.0474044e-02  -5.8189953e-01   3.0876079e-03   8.1475871e-03  -7.0371625e-04
  -2.7344016e-01  -2.1129799e-01  -6.7805747e-01   3.3475174e-03   7.8191207e-03  -5.2468703e-04
  -2.6064722e-01   8.7994974e-02  -6.5318955e-01   3.5677388e-03   8.0957180e-03  -6.2710321e-04
  -2.4382131e-01   6.4908091e-02  -6.3244371e-01   3.9427754e-03   7.8663278e-03  -5.8493408e-04
  -2.5971845e-01   2.0965031e-02  -6.3297430e-01   3.6558873e-03   8.0068425e-03  -8.8498566e-04
  -2.6637119e-01  -6.7978504e-02  -6.0919633e-01   3.6448483e-03   8.2028137e-03  -7.9148563e-04
  -2.6109154e-01  -3.1768501e-02  -6.7580218e-01   4.1954226e-03   8.0139354e-03  -8.2600292e-04
  -2.4277990e-01  -4.5146471e-02  -5.6784460e-01   3.7915017e-03   7.9251168e-03  -5.5537230e-04
  -2.7744006e-01  -1.4285324e-01  -6.6033804e-01   3.2211193e-03   8.2021953e-03  -9.3449073e-04
  -2.4128033e-01   1.1566221e-01  -5.9043509e-01   3.6455660e-03   7.7193735e-03  -9.7509120e-04
  -2.8827025e-01  -7.2640317e-02  -6.5656811e-01   3.7717890e-03   8.0180696e-03  -1.0763852e-03
  -2.9450665e-01   4.9294278e-02  -6.3975984e-01   3.7323916e-03   8.2653417e-03  -1.1848773e-03
  -2.8067183e-01  -2.2439383e-01  -5.7651550e-01   2.4538592e-03   8.6882239e-03  -3.1186883e-04
  -2.5204600e-01  -7.1218054e-02  -7.4978250e-01   3.5962154e-03   8.2962872e-03  -1.6222976e-04
  -2.1828327e-01   1.6971292e-01  -6.0746135e-01   3.0489117e-03   7.9659785e-03   2.4925180e-05
  -2.5359096e-01   2.2031498e-03  -6.8010821e-01   3.6580357e-03   8.2630287e-03  -3.9841133e-04
  -2.3628408e-01   5.1175308e-02  -6.0844071e-01   4.1103631e-03   8.0473348e-03  -7.1774950e-04
  -2.5989677e-01  -1.1632230e-02  -5.9386056e-01   3.8019893e-03   8.3970928e-03  -7.7696879e-04
  -2.7528975e-01  -4.9855688e-02  -5.4014666e-01   4.3165804e-03   8.5207962e-03  -1.1037049e-03
  -2.7621720e-01   3.3812213e-02  -5.3528004e-01   3.7026517e-03   8.5989153e-03  -1.2543127e-03
  -2.9958638e-01  -2.1356786e-02  -6.0416923e-01   3.5836832e-03   8.6580778e-03  -1.3080129e-03
  -3.0450983e-01   5.6123818e-02  -5.2683037e-01   3.3116374e-03   8.6921494e-03  -1.4852791e-03
  -2.9543011e-01  -4.3199739e-02  -6.5345287e-01   3.9847797e-03   8.4508196e-03  -1.0013992e-03
  -2.7000500e-01  -7.5183448e-02  -8.6728490e-01   5.4799363e-03   8.7840947e-03   1.5174924e-04
  -2.6183714e-01  -8.6076316e-02  -7.5431133e-01   3.8124620e-03   8.3962287e-03  -2.6860970e-04
  -2.8954112e-01  -2.5559871e-01  -8.1326139e-01   4.3322013e-03   8.5198828e-03  -7.1180232e-04
  -2.5687669e-01   1.3338073e-01  -7.2392633e-01   3.6268077e-03   8.5901149e-03  -2.3445841e-04
  -2.8158173e-01  -4.3686496e-02  -7.5297508e-01   3.8519400e-03   8.6096767e-03  -8.5762475e-04
  -2.6448371e-01   1.2387594e-01  -7.3628345e-01   3.4212300e-03   8.8917693e-03  -3.7587830e-04
  -2.6951407e-01  -4.0735055e-02  -7.2641739e-01   3.3491978e-03   8.6125750e-03  -6.1429642e-04
  -2.7251767e-01  -1.7447472e-01  -7.9853711e-01   3.4964190e-03   8.5016515e-03  -4.7009779e-04
  -2.2183446e-01   1.3714011e-01  -7.5742128e-01   4.1036356e-03   8.2049895e-03  -1.6499902e-04
  -2.4718167e-01   1.7989271e-03  -7.3972036e-01   3.5803899e-03   8.3910115e-03  -4.4646533e-04
  -2.4457258e-01   6.5451851e-02  -6.9280506e-01   3.9153021e-03   8.4610644e-03  -3.5498713e-04
  -2.4912707e-01   5.5179641e-03  -7.0448832e-01   3.6650804e-03   8.4241895e-03  -3.3974059e-04
  -2.6104609e-01  -8.9399717e-02  -7.2284846e-01   3.9481311e-03   8.4357816e-03  -6.6822340e-04
  -2.3270493e-01   4.2081681e-02  -7.0885990e-01   4.0251114e-03   8.2187034e-03  -3.2964018e-04
  -2.4318497e-01   5.0222159e-02  -7.5957367e-01   3.9124353e-03   8.3568700e-03  -2.2183566e-04
  -2.4132379e-01  -4.5532701e-02  -6.9643438e-01   3.5008542e-03   8.3207977e-03  -2.8805975e-04
  -2.5673635e-01  -2.9493654e-02  -7.9614345e-01   3.8015275e-03   8.3317646e-03  -1.1648989e-04
  -2.2803176e-01   1.2429631e-01  -7.6725131e-01   3.4482164e-03   8.1185798e-03   3.5845587e-04
  -2.2997641e-01   1.9676739e-02  -8.3603535e-01   3.5448442e-03   7.9888743e-03   4.6422999e-04
  -2.4531853e-01   2.6890455e-02  -8.4618267e-01   3.7665278e-03   8.3855638e-03   4.5843581e-04
  -2.6561199e-01  -2.0600357e-01  -7.7795861e-01   2.9952902e-03   8.6946533e-03  -9.6591349e-05
  -2.2228033e-01   1.8741565e-02  -8.4494352e-01   3.9194558e-03   7.9325278e-03   2.7402460e-04
  -2.2962978e-01   1.4391162e-01  -7.4288937e-01   3.3480585e-03   8.2864103e-03   1.3421019e-04
  -2.3793920e-01   2.7626531e-02  -8.8223697e-01   4.0747608e-03   8.2503088e-03   4.7310591e-04
  -2.3096811e-01   7.7678824e-02  -7.7666311e-01   3.5434747e-03   8.3493602e-03   5.1617605e-04
  -2.4407023e-01   6.7706031e-02  -9.3890676e-01   3.9908883e-03   8.1076090e-03   3.3986669e-04
  -2.3278040e-01  -2.5538166e-02  -8.2633919e-01   3.3948723e-03   8.1603881e-03   5.7842364e-04
  -2.5055502e-01  -1.2873028e-01  -8.1365452e-01   2.5916022e-03   8.5741376e-03   2.1333206e-04
  -1.9689289e-01   1.6694861e-01  -8.5573139e-01   2.7046549e-03   7.9338520e-03   8.1499586e-04
  -2.1456942e-01   2.1332053e-02  -8.0590022e-01   3.2378680e-03   7.8291868e-03   6.8988811e-04
  -2.4546557e-01  -2.7753280e-02  -9.4735063e-01   3.6581371e-03   7.9843688e-03   5.3725981e-04
  -2.3535021e-01   7.5355755e-02  -8.1416908e-01   3.7997809e-03   8.3115450e-03   8.4889098e-04
  -2.5958737e-01   9.0147903e-02  -8.9065583e-01   3.6601131e-03   8.5517610e-03   8.2209494e-04
  -2.2340222e-01   1.8163730e-02  -8.4044417e-01   3.8568726e-03   8.0560949e-03   6.4748723e-04
  -2.6594883e-01  -2.7543336e-02  -8.4609186e-01   2.7058789e-03   8.7820180e-03   2.7766735e-04
  -2.6952751e-01  -1.0574350e-01  -8.2012704e-01   2.8988966e-03   8.6785029e-03   1.7305549e-05
  -2.3457334e-01   7.5515396e-02  -8.0246962e-01   3.0634376e-03   8.2199135e-03   8.7179129e-05
  -2.4520532e-01   2.9288119e-02  -8.4869543e-01   2.9949091e-03   8.3439233e-03  -9.3450886e-05
  -2.5075676e-01   1.9010468e-02  -8.9479596e-01   2.8783719e-03   8.3286492e-03   7.0014678e-04
  -2.5827989e-01  -1.3136632e-02  -8.7971320e-01   2.1961247e-03   8.3431964e-03   9.5194839e-04
  -2.2387490e-01  -2.4123871e-02  -9.2198900e-01   2.8285304e-03   7.5461924e-03   1.2022837e-03
  -3.0657852e-01  -1.9864326e-01  -8.3653529e-01   2.6847900e-03   9.0312988e-03  -1.0282987e-04
  -2.5899514e-01   9.0493061e-02  -9.3299923e-01   2.6102191e-03   8.6161214e-03   2.4811724e-04
  -2.7325806e-01   9.9288104e-02  -8.3616522e-01   1.8265861e-03   8.8148038e-03   4.0620954e-04
  -2.7032906e-01  -4.4774075e-02  -9.6902311e-01   3.2826764e-03   8.4871359e-03   2.9242791e-04
  -2.6362001e-01   1.1964701e-01  -8.5839466e-01   2.9676125e-03   8.5901492e-03   1.4250073e-04
  -2.9494197e-01   6.8303578e-03  -9.6269835e-01   3.7211005e-03   8.7364188e-03   3.6047863e-04
  -2.6291854e-01   7.9844685e-02  -8.5092629e-01   3.0878363e-03   8.6401081e-03   4.4295775e-04
  -2.5889681e-01   5.0920839e-03  -8.4822092e-01   2.9620600e-03   8.6076432e-03   6.3310356e-04
  -2.8969467e-01  -4.9637446e-02  -8.3698984e-01   2.8858304e-03   8.9691677e-03  -2.0273081e-05
  -2.5505064e-01   8.9317604e-02  -8.7700634e-01   2.9695885e-03   8.5418710e-03   2.1551873e-04
  -2.4541784e-01   2.2824889e-02  -8.6186045e-01   3.0367138e-03   8.3143389e-03   4.9134329e-04
  -2.6849367e-01   3.6187144e-03  -9.8742877e-01   3.2605146e-03   8.6532758e-03   9.7249983e-04
  -2.6170181e-01  -1.1725228e-01  -8.5911402e-01   2.3477183e-03   8.5251510e-03   5.0122371e-04
  -2.7573682e-01  -5.4065481e-02  -9.9074849e-01   2.8407944e-03   8.4858168e-03   2.3343959e-04
  -2.6742999e-01   4.9092327e-02  -8.6602261e-01   2.3814150e-03   8.6908199e-03   3.8685590e-04
  -2.8683142e-01   2.1148027e-02  -1.0160338e+00   2.8832191e-03   8.7548976e-03   3.8075526e-04
  -2.7566226e-01  -2.8026376e-02  -8.7592719e-01   2.4069426e-03   8.6924264e-03   4.1006859e-04
  -2.8173737e-01  -1.2611947e-01  -1.0000400e+00   3.2126914e-03   8.5477236e-03   4.8646064e-04
  -2.4519411e-01   7.2035871e-02  -8.8217967e-01   2.6746511e-03   8.3409444e-03   6.7178722e-04
  -2.5190946e-01  -2.3127818e-02  -1.0468531e+00   3.5175077e-03   8.1839499e-03   1.0284371e-03
  -2.2883967e-01   9.2367847e-02  -9.1536278e-01   2.9884443e-03   8.3746755e-03   1.2649774e-03
  -2.0388878e-01   4.1469562e-02  -1.1227445e+00   2.9231287e-03   7.8125221e-03   1.9358664e-03
  -1.9764729e-01   4.7802567e-02  -1.1226763e+00   2.1250209e-03   7.5223524e-03   1.7830408e-03
  -2.5843922e-01   8.6867095e-02  -1.1906858e+00   1.9444135e-03   8.1900125e-03   1.5685427e-03
  -2.3737690e-01  -1.5019510e-01  -1.0155343e+00   1.7164038e-03   7.9339259e-03   1.4405565e-03
  -1.9069050e-01   1.1674549e-02  -1.0960426e+00   2.5563207e-03   7.7926694e-03   2.1954614e-03
  -1.9853991e-01   4.7442368e-02  -9.6968510e-01   1.8407524e-03   7.8785660e-03   1.8602681e-03
  -2.1268783e-01  -1.2460093e-01  -1.1231257e+00   3.2598535e-03   7.9133148e-03   1.6603766e-03
  -1.7982093e-01   8.2647308e-02  -1.0187246e+00   2.7191097e-03   7.4585449e-03   1.8272624e-03
  -2.1289480e-01  -8.3802126e-02  -1.1407697e+00   3.8941575e-03   7.6556011e-03   1.1948313e-03
  -1.9708341e-01   2.2749579e-01  -1.0354595e+00   2.8941250e-03   7.8117437e-03   1.3882293e-03
  -1.9952373e-01   1.5577424e-02  -1.0947898e+00   4.1643289e-03   7.4641202e-03   1.3271965e-03
  -2.3058485e-01   2.3718202e-02  -9.5257361e-01   3.3307734e-03   8.0263694e-03   7.6378758e-04
  -2.3200547e-01   6.7271297e-02  -1.0081018e+00   3.3057118e-03   8.0790538e-03   8.7660545e-04
  -2.1864916e-01   1.6429395e-02  -8.9362907e-01   2.6426015e-03   7.9625380e-03   7.0198306e-04
  -1.9729923e-01  -4.1235335e-03  -1.0215979e+00   2.6486600e-03   7.5025624e-03   1.1353179e-03
  -2.3633520e-01  -4.0528388e-02  -9.6167121e-01   2.1646630e-03   8.0677514e-03   6.9978524e-04
  -2.3928584e-01   7.7373682e-02  -1.0397515e+00   1.9818063e-03   8.0982225e-03   1.2189932e-03
  -2.4148843e-01  -3.7247203e-02  -8.9979229e-01   1.6587042e-03   8.2213211e-03   6.7621969e-04
  -2.2711900e-01   2.4091559e-02  -1.0435861e+00   2.4240721e-03   7.9790092e-03   7.0565259e-04
  -2.1179137e-01   1.6070468e-01  -9.4343084e-01   2.0658360e-03   8.0768438e-03   8.4574077e-04
  -1.9636109e-01   4.6789712e-02  -1.0929478e+00   2.5531932e-03   7.4480156e-03   1.7305823e-03
  -2.4673094e-01  -1.3541877e-01  -1.0477108e+00   3.2926556e-03   8.1104714e-03   5.6667802e-04
  -2.2384436e-01   1.3411452e-01  -1.0999048e+00   3.0825019e-03   7.9528927e-03   1.1425843e-03
  -2.3398757e-01   8.5303447e-02  -9.6067532e-01   2.1530750e-03   8.1314073e-03   6.1790788e-04
  -2.4473300e-01   2.2173380e-02  -1.0817871e+00   3.2043120e-03   8.0931260e-03   8.3301289e-04
  -2.2040421e-01   6.8564789e-02  -9.6691615e-01   2.8733855e-03   7.9051511e-03   8.2405945e-04
  -2.3965039e-01   7.5876960e-02  -1.0650153e+00   3.0843495e-03   8.1392113e-03   8.9000917e-04
  -2.2009955e-01   9.3982375e-02  -1.0437581e+00   2.8366603e-03   7.9745271e-03   1.5809448e-03
  -1.8645722e-01   9.0404550e-02  -1.0522412e+00   2.3313607e-03   7.6460926e-03   1.8779039e-03
  -1.7090836e-01   3.5787630e-02  -1.0681279e+00   2.6921880e-03   7.3263607e-03   1.6033697e-03
  -2.2003998e-01  -7.5999696e-02  -9.3103553e-01   1.8600086e-03   7.9326562e-03   1.1097698e-03
  -2.2780208e-01  -2.2257544e-01  -1.0818656e+00   3.3091826e-03   7.8955651e-03   8.4366782e-04
  -1.9628631e-01   2.6413898e-01  -9.8165784e-01   2.7365702e-03   7.9787555e-03   7.2766152e-04
  -2.2308654e-01  -7.3492303e-02  -1.0179764e+00   2.8653831e-03   8.0858283e-03   7.9321773e-04
  -1.8769324e-01   1.1120937e-01  -1.0998713e+00   3.0935242e-03   7.4618818e-03   1.0073724e-03
  -2.1548548e-01   5.2464687e-02  -1.0173846e+00   2.8381165e-03   7.8011925e-03   5.0712592e-04
  -1.9981669e-01   5.4083854e-02  -1.0486437e+00   4.5087259e-03   7.5438752e-03   5.4117936e-04
  -1.7385338e-01   1.5851141e-01  -1.0306065e+00   4.3363565e-03   7.3480791e-03   9.6412362e-04
  -1.9728478e-01   6.8884018e-02  -9.2923342e-01   3.6039683e-03   7.7002689e-03   3.7794320e-04
  -2.3459220e-01  -3.5462369e-02  -1.0601923e+00   4.0020240e-03   7.7724739e-03   6.4601546e-04
  -2.4059543e-01   8.4211850e-02  -9.8261526e-01   3.3842441e-03   8.0620304e-03   3.5455569e-04
  -2.5696864e-01   3.6499344e-02  -1.1021805e+00   3.6653457e-03   7.9844355e-03   5.0371702e-04
  -2.5508624e-01   7.5689693e-02  -1.0529137e+00   3.6233997e-03   8.0724853e-03   3.3280054e-04
  -2.7244121e-01   6.4021736e-02  -1.1519666e+00   3.3334462e-03   7.7946594e-03   9.2067496e-04
  -2.6699019e-01  -5.1204020e-02  -9.9321337e-01   2.9484388e-03   8.1477609e-03   2.1314316e-04
  -2.6116330e-01   5.5921782e-02  -1.0663913e+00   3.3406399e-03   7.8832042e-03   1.8963565e-04
  -2.7525686e-01  -1.3340295e-02  -9.5159348e-01   2.8761498e-03   8.3232867e-03   9.1789660e-05
  -2.4567698e-01   1.0737916e-02  -1.1706964e+00   3.9253578e-03   7.7914772e-03   5.1422292e-04
  -2.3229583e-01   2.7093786e-01  -1.0309920e+00   3.3365747e-03   8.0181767e-03   5.4926989e-04
