   0.0000000e+00   0.0000000e+00   0.0000000e+00   0.0000000e+00   0.0000000e+00   0.0000000e+00
  -1.6304515e-02  -1.9619854e-03   3.0020009e-02  -1.4034454e-03   5.6892475e-04   1.4007735e-04
  -6.5730950e-04  -1.5867823e-02  -4.2894952e-02  -5.0624304e-04   9.4075339e-05  -9.5047697e-05
  -6.7965026e-03  -5.2481533e-03   1.1275087e-02  -2.2599718e-03   5.6002583e-04   4.0637311e-05
  -4.1287090e-03  -7.0272166e-03  -3.4263463e-02  -1.4273533e-03   2.9741518e-04  -1.4031961e-04
  -8.6538066e-03  -1.8718790e-02  -1.4681249e-02  -1.4727118e-03   5.2658018e-04  -9.5930005e-05
  -6.8003847e-03  -9.0118432e-02   5.2630306e-02  -1.4432799e-03   2.9681345e-04   1.2306068e-05
  -8.6800462e-03  -7.3251977e-02  -9.0069801e-03  -1.3783539e-03   3.5537793e-04  -3.3054888e-05
  -1.5683625e-02   4.6446261e-03   8.1277388e-02  -1.8786584e-03   5.5056408e-04  -4.7408205e-05
  -1.2731880e-02  -1.0006793e-01  -1.0259991e-02  -1.5231736e-03   4.0074688e-04  -6.1691460e-05
  -1.8908513e-02   2.4827224e-02   8.1688389e-02  -2.6005793e-03   6.7558820e-04  -9.2698275e-05
  -1.4143878e-02  -1.0278376e-01  -3.8902464e-02  -2.7062068e-03   7.9246399e-04  -1.2081169e-04
  -1.4198843e-02  -1.2404393e-03   6.0825941e-02  -3.3326983e-03   9.4428743e-04  -3.9063971e-05
  -1.1391141e-02  -6.8352239e-02  -5.6765305e-02  -2.7437518e-03   8.1728980e-04  -1.2363832e-04
  -1.5690551e-02  -9.3832687e-03   5.0058635e-02  -3.4415725e-03   1.0571351e-03   1.0016628e-05
  -1.3539792e-02  -1.2577433e-01  -5.5391162e-02  -2.8921857e-03   8.0277235e-04   3.8731515e-05
  -1.8056246e-02   4.1644443e-02   3.2331666e-02  -2.5400127e-03   8.2567251e-04  -1.2311213e-05
  -1.9567333e-02  -9.7639969e-02  -3.5671126e-02  -2.7621994e-03   8.3790650e-04   1.6492437e-04
  -2.6789890e-02   3.7004588e-02   1.9764176e-02  -2.4278038e-03   8.0707344e-04  -4.4011939e-05
  -1.9210245e-02  -1.3039985e-01  -4.5952216e-02  -2.0349294e-03   5.2126298e-04   3.0837016e-04
  -2.3045232e-02  -2.3620834e-02  -2.9035327e-02  -2.2600819e-03   7.9561075e-04   4.3311135e-05
  -3.8092350e-02  -5.0531707e-02  -4.9125125e-02  -3.6256796e-03   1.3264280e-03  -6.6759283e-05
  -2.9578713e-02  -8.1564904e-02  -8.1157141e-02  -2.5368107e-03   8.5197043e-04  -2.1131243e-04
  -2.9475385e-02  -5.5088477e-02   7.8005479e-03  -3.5496247e-03   1.1334154e-03  -9.5826483e-05
  -1.8692465e-02  -8.5853708e-02  -7.3522557e-02  -2.2388411e-03   5.7851195e-04  -1.9094713e-04
  -2.4357576e-02  -2.1490782e-02   1.6050843e-02  -2.7480798e-03   7.6047748e-04  -2.3743423e-04
  -3.1124493e-02  -1.1200320e-01  -4.6160319e-02  -2.8903110e-03   9.7184710e-04  -3.2441675e-04
  -1.9860394e-02  -3.3146521e-02   1.5983482e-03  -2.8360402e-03   7.5662877e-04  -3.1923954e-04
  -2.7838862e-02  -1.0628376e-01  -5.7868533e-02  -3.2348190e-03   1.1330996e-03  -2.8051464e-04
  -2.0975766e-02  -2.0518483e-02  -2.9859154e-02  -2.9213339e-03   9.4580146e-04  -3.4588261e-04
  -1.8725389e-02  -1.0088444e-01  -5.1011633e-02  -3.5231093e-03   1.0518838e-03  -1.0535548e-04
  -1.8531484e-02  -3.2312155e-02  -5.7305414e-02  -2.9397779e-03   8.7597443e-04  -1.8415211e-04
  -2.7476073e-02  -3.8783712e-02  -2.1252313e-03  -3.7591234e-03   1.2012104e-03  -6.0879241e-05
  -2.9203459e-02  -4.9050083e-02  -8.7643048e-02  -2.8478211e-03   1.1162108e-03  -2.4493100e-04
  -3.7345806e-02   1.0903228e-03  -7.8289901e-02  -4.2934053e-03   1.6241775e-03   1.4811218e-04
  -2.3687794e-02  -3.8919897e-02  -1.1126782e-01  -3.7251812e-03   1.2140766e-03  -8.1018737e-05
  -4.4815271e-02  -8.1411322e-03  -7.0129093e-02  -4.7692287e-03   1.8243808e-03   9.5592328e-06
  -2.4074651e-02  -1.8900170e-02  -1.3534433e-01  -3.7183641e-03   1.2311008e-03  -1.4618478e-04
  -3.5335349e-02   1.4472382e-02  -3.1473867e-02  -4.5598769e-03   1.6090845e-03  -5.4736687e-05
  -2.5293968e-02  -4.8644465e-02  -1.0584350e-01  -3.4702312e-03   1.2155104e-03  -1.6524422e-04
  -2.3108224e-02  -3.9859468e-02   9.3862928e-04  -3.8194731e-03   1.2139256e-03  -1.2304037e-07
  -2.6513130e-02  -7.4819844e-02  -6.6173966e-02  -3.4250147e-03   1.2015370e-03  -1.3669675e-04
  -3.0193121e-02  -1.5176478e-02   2.3391587e-02  -3.8535078e-03   1.2567603e-03  -9.0066329e-05
  -3.5481979e-02  -5.5984114e-02  -3.0492088e-02  -4.2470614e-03   1.4551890e-03  -1.3651547e-04
  -3.2783744e-02   1.7708179e-02   6.6465797e-03  -3.9834785e-03   1.2972553e-03  -9.1329821e-05
  -3.0032882e-02  -2.4919226e-02  -7.4212320e-02  -3.5605697e-03   1.3283029e-03  -5.5985932e-05
  -2.0474167e-02   4.1078148e-02  -7.0255215e-02  -3.0187214e-03   9.8600488e-04   1.2507421e-04
  -1.7493415e-02  -4.2360153e-02  -8.9463255e-02  -3.2348246e-03   1.0307838e-03   4.6580690e-04
  -2.7682106e-02  -4.4223969e-03  -7.4410848e-02  -2.8163372e-03   9.6733224e-04   4.2528482e-05
  -4.2874714e-02  -9.2065509e-03  -7.7647244e-02  -3.2894032e-03   1.2689191e-03   1.8980304e-04
  -3.7396211e-02  -4.9910635e-02  -4.4246715e-02  -2.9644857e-03   1.0301599e-03   8.2341388e-05
  -4.0470050e-02  -6.9104067e-02  -6.4344408e-02  -3.5321973e-03   1.2205358e-03   2.2615583e-04
  -3.3671112e-02  -2.4983617e-03  -5.8773132e-02  -2.9281340e-03   8.4722878e-04   3.5938038e-05
  -3.5628097e-02  -8.4154392e-02  -4.4333438e-02  -4.0617261e-03   1.2321499e-03  -1.8213305e-05
  -2.4034699e-02  -9.9800891e-02  -1.0946417e-01  -3.4069114e-03   8.2352432e-04  -2.6053605e-05
  -4.1751842e-02  -4.2137399e-02  -1.0549279e-02  -4.3387552e-03   1.5547762e-03   6.0775699e-05
  -2.6186486e-02  -2.0036161e-02  -9.6564165e-02  -3.6440737e-03   1.0925400e-03  -1.2245866e-05
  -4.5432252e-02  -3.6916636e-03  -2.0018718e-02  -4.5426071e-03   1.6915421e-03   2.9122587e-05
  -2.4267509e-02  -5.6660527e-02  -1.3302036e-01  -3.4527946e-03   1.0895563e-03  -7.4338692e-05
  -3.4367589e-02   5.0022228e-02  -2.1316622e-02  -4.3603037e-03   1.5940840e-03   2.2936851e-05
  -2.5797999e-02  -8.4908009e-02  -1.2925954e-01  -3.5725652e-03   1.2403284e-03  -5.0194242e-05
  -3.2524521e-02   1.2427291e-03  -1.7475265e-02  -4.2076305e-03   1.5603956e-03   5.2608639e-05
  -2.3274167e-02  -9.4529169e-02  -1.2365919e-01  -3.3582884e-03   1.2616033e-03  -5.8235806e-06
  -3.5802638e-02   2.4510365e-02  -1.2221151e-02  -4.1584286e-03   1.5820932e-03   3.9327450e-05
  -2.4573100e-02  -1.1562804e-01  -1.0906425e-01  -3.6933083e-03   1.2826608e-03   6.6257963e-05
  -2.9616795e-02   2.4061979e-02   1.5142292e-02  -4.1287045e-03   1.4039349e-03  -3.1467747e-05
  -2.5312511e-02  -1.0832873e-01  -9.4224337e-02  -3.5110742e-03   1.2304667e-03  -3.3528101e-05
  -3.1812097e-02   9.5455903e-02   1.9844514e-02  -4.0832876e-03   1.3996683e-03   1.7989428e-04
  -3.6299933e-02  -8.6842472e-02  -7.1842291e-02  -3.6438540e-03   1.3580730e-03   1.7981527e-04
  -3.1645778e-02   3.6216724e-03  -3.2207340e-02  -3.7899590e-03   1.3435693e-03   1.8935167e-04
  -2.9819847e-02  -5.0631076e-02  -1.0619422e-01  -4.3992092e-03   1.4406490e-03   1.9275657e-04
  -2.9389747e-02   5.3922619e-02  -4.6191239e-02  -4.2294534e-03   1.3982102e-03   3.8203530e-04
  -2.2934171e-02  -3.5701701e-02  -1.1166062e-01  -4.1240812e-03   1.2458600e-03   5.7250122e-04
  -2.7471436e-02  -1.0554099e-02  -5.3655444e-02  -4.1004821e-03   1.2743603e-03   4.2844660e-04
  -2.8565789e-02  -8.3678366e-02  -8.3448064e-02  -4.2852394e-03   1.2491644e-03   4.7855398e-04
  -2.9656235e-02   3.8329334e-03  -3.3824878e-02  -4.2686329e-03   1.3385563e-03   3.3328884e-04
  -2.7871676e-02  -6.2341559e-02  -9.8154088e-02  -4.4604212e-03   1.3553922e-03   3.4068675e-04
  -2.7546335e-02   1.0774794e-02  -6.3635823e-02  -4.6355160e-03   1.4450136e-03   2.7787023e-04
  -2.9167112e-02  -8.9436211e-02  -1.6288077e-01  -4.3648516e-03   1.4402714e-03   2.2692509e-04
  -3.1626147e-02  -7.0384948e-02  -4.6275274e-02  -4.6050908e-03   1.6063331e-03   1.9481605e-04
  -3.4365531e-02  -1.0099286e-01  -1.3050327e-01  -4.0509977e-03   1.5014394e-03  -9.6196901e-07
  -3.2992480e-02   1.8857178e-02  -4.5989018e-02  -4.8579866e-03   1.6335613e-03   2.5097412e-04
  -3.0511255e-02  -3.8071298e-02  -1.2574440e-01  -4.1957939e-03   1.5228330e-03   1.5046428e-04
  -3.1360018e-02  -5.2922193e-03  -1.5544766e-02  -4.6799340e-03   1.7072638e-03   2.0622011e-04
  -3.0603456e-02  -7.0812422e-02  -1.1148425e-01  -3.9482980e-03   1.4772747e-03   1.4760447e-04
  -2.9174042e-02   1.1902939e-03  -1.9868191e-02  -5.1611147e-03   1.5291705e-03   3.0015220e-04
  -3.5200860e-02  -9.2558385e-02  -1.2295320e-01  -4.7337473e-03   1.5652713e-03   2.6102381e-04
  -4.1939950e-02  -7.6164346e-02  -5.6215660e-02  -5.1462402e-03   1.7965743e-03   3.1565055e-04
  -2.4981112e-02  -7.7012467e-02  -1.6517318e-01  -4.5689268e-03   1.4195444e-03   2.3112198e-04
  -3.4827759e-02  -3.9904231e-02  -3.6619664e-02  -5.1332443e-03   1.9209153e-03   2.9228340e-04
  -2.5323041e-02  -1.1427609e-01  -1.2039552e-01  -3.7511900e-03   1.4106988e-03   2.9536105e-05
  -4.1643104e-02  -7.5431014e-02  -5.9569744e-02  -5.2725015e-03   1.9242309e-03   1.2771419e-04
  -2.4331392e-02  -5.9439109e-02  -1.2087728e-01  -4.4746436e-03   1.3528190e-03   1.0235143e-04
  -4.1695090e-02  -4.7910613e-02  -2.3756043e-02  -5.2980027e-03   1.9788155e-03   1.9593668e-04
  -2.6813195e-02  -5.4671121e-02  -8.5989444e-02  -4.4715364e-03   1.2788317e-03   3.1059823e-05
  -3.7268666e-02  -5.3440437e-02  -3.3501078e-02  -5.5147066e-03   1.8651875e-03   4.4274182e-05
  -2.6050068e-02  -2.2916578e-02  -1.2041795e-01  -5.1673777e-03   1.4012292e-03  -2.5646309e-05
  -4.3529533e-02  -3.4168247e-02  -5.7071494e-02  -5.6784509e-03   2.0258959e-03   2.2741558e-05
  -2.7172669e-02  -9.0193067e-02  -1.1454026e-01  -4.6060198e-03   1.3761736e-03  -5.6222541e-05
  -4.1405656e-02  -2.4845237e-02  -6.8245721e-02  -5.2767510e-03   1.7673155e-03   9.2932545e-05
  -3.2340835e-02  -3.2954824e-02  -7.8766534e-02  -4.5668684e-03   1.2588830e-03   9.6851926e-05
  -4.6731012e-02  -7.5968627e-02  -9.5352440e-02  -5.3154140e-03   1.7122060e-03   8.4756388e-05
  -2.8923163e-02   5.3405466e-03  -9.8307403e-02  -5.1860626e-03   1.1590587e-03   2.4004414e-04
  -4.3205766e-02   7.3709458e-03  -1.0396391e-01  -6.0339618e-03   1.6953261e-03   2.7458224e-04
  -3.0770444e-02   3.0905390e-02  -9.4181030e-02  -5.6422618e-03   1.3213442e-03   2.5890751e-04
  -3.2078707e-02  -3.5659814e-02  -1.1418774e-01  -6.0428143e-03   1.5892701e-03   3.4762218e-04
  -1.6731068e-02   3.5530672e-02  -1.0304772e-01  -5.6728629e-03   1.2033937e-03   3.8716691e-04
  -2.1623918e-02   1.3175779e-02  -4.4116150e-02  -7.1132814e-03   1.5663345e-03   5.3075770e-04
  -1.3258298e-02  -1.7645764e-02  -1.1300016e-01  -6.3955290e-03   1.1368255e-03   4.3247188e-04
  -2.5331119e-02   2.0880733e-02  -6.7678152e-02  -7.2137848e-03   1.5640397e-03   4.6826704e-04
  -2.4737149e-02   1.7233230e-02  -1.1096076e-01  -6.0032204e-03   1.3287478e-03   2.2749520e-04
  -4.0829201e-02  -7.1461130e-03  -1.2199948e-01  -6.6304271e-03   1.7919396e-03   2.8982512e-04
  -3.1780906e-02  -6.6856741e-02  -1.4223566e-01  -5.5664728e-03   1.4747595e-03   8.9086251e-05
  -4.5735878e-02  -9.5906572e-03  -1.1146399e-01  -6.1462021e-03   1.8424932e-03   8.6201984e-05
  -3.7813935e-02  -1.6969439e-02  -1.2610824e-01  -5.5335570e-03   1.5047508e-03   1.7022237e-05
  -5.6596333e-02  -4.6419756e-02  -1.1699426e-01  -6.0618589e-03   1.9129366e-03   7.4863633e-05
  -4.2356734e-02  -1.3898460e-02  -1.2352723e-01  -5.5004658e-03   1.3930237e-03   2.2814230e-05
  -6.2327549e-02  -3.5345524e-02  -1.0314272e-01  -6.1108807e-03   1.9627365e-03   9.5909478e-05
  -4.3321346e-02  -8.6778149e-03  -1.1582396e-01  -5.5646370e-03   1.4316339e-03   4.2776782e-06
  -5.7184161e-02  -4.2695644e-02  -3.4347481e-02  -6.1103617e-03   1.7613473e-03   2.1243860e-04
  -4.2230441e-02  -5.7484639e-02  -1.0146132e-01  -5.2617379e-03   1.2434840e-03   1.7359908e-04
  -6.1422930e-02  -4.7370278e-03   1.2684784e-02  -6.3382076e-03   1.7610614e-03   1.7644520e-04
  -4.6777030e-02  -4.6582047e-02  -1.0541383e-01  -5.6665936e-03   1.4409498e-03   5.0549289e-05
  -5.6485752e-02  -3.6813543e-02  -3.0220667e-02  -6.8736792e-03   1.8142476e-03   1.4940974e-04
  -3.7471698e-02  -2.5077488e-02  -1.2511889e-01  -5.9143885e-03   1.3040150e-03   1.0721746e-04
  -5.6248681e-02   5.5977046e-02  -3.9102751e-02  -6.6946932e-03   1.8943865e-03   1.4989980e-04
  -4.8034417e-02  -3.5448661e-02  -1.3694341e-01  -5.9161820e-03   1.4524724e-03   6.5759619e-05
  -5.2366217e-02   7.9514090e-02  -4.4729191e-02  -6.6852682e-03   1.5943749e-03   1.2591377e-04
  -4.3664552e-02   1.7253562e-02  -1.1741271e-01  -6.6583366e-03   1.2871142e-03   3.5524573e-04
  -4.2749714e-02   6.5656749e-02  -4.9703196e-02  -7.6948516e-03   1.1371885e-03   2.8475623e-04
  -3.1243372e-02   8.9015252e-02  -1.1466145e-01  -8.8854180e-03   8.8934190e-04   5.7717095e-04
  -2.3888887e-02   9.1300793e-02  -1.2775900e-01  -8.8888235e-03   8.3060020e-04   5.9832524e-04
  -3.0978690e-02   9.5593375e-02  -1.1693476e-01  -9.8664963e-03   1.1854802e-03   5.8187757e-04
  -2.4742504e-02   5.7142149e-02  -1.9314783e-01  -8.8451919e-03   1.0130811e-03   4.6761027e-04
  -3.3447421e-02   1.3081052e-01  -1.1578722e-01  -1.0057907e-02   1.3062336e-03   5.3615788e-04
  -2.5450620e-02   4.5162938e-02  -2.1060704e-01  -8.7477380e-03   8.9307277e-04   2.8104027e-04
  -3.1602702e-02   8.4730877e-02  -1.2042335e-01  -1.0102184e-02   1.2753565e-03   3.9715190e-04
  -2.0082289e-02   5.1927326e-02  -2.1181022e-01  -8.8676687e-03   8.4770286e-04   2.2468113e-04
  -2.5364817e-02   8.4126033e-02  -1.1845508e-01  -1.0210277e-02   1.2337301e-03   4.1905167e-04
  -1.2186611e-02  -5.1685852e-03  -2.1663771e-01  -9.0457726e-03   7.5016595e-04   4.7362515e-04
  -2.4470026e-02   7.4330682e-02  -1.0442380e-01  -1.0370576e-02   1.1260397e-03   6.0860594e-04
  -1.8884647e-02  -4.0256447e-02  -1.9004630e-01  -9.3868519e-03   7.3819012e-04   5.6331014e-04
  -1.5781909e-02   1.2280713e-01  -7.6961392e-02  -1.0981113e-02   7.7303274e-04   8.4469452e-04
  -1.6839434e-02   6.1585993e-02  -1.4095957e-01  -1.0845806e-02   8.3792847e-04   8.4975010e-04
  -1.9704828e-02   1.4083068e-01  -1.0568793e-01  -1.0884188e-02   8.8144019e-04   7.3784858e-04
  -2.0837988e-02   7.1148342e-02  -1.1579269e-01  -1.1720371e-02   1.0429134e-03   8.1555487e-04
  -2.1768297e-02   1.8081541e-01  -1.5009630e-01  -1.1577018e-02   8.0083403e-04   6.3999894e-04
  -1.6598915e-02   1.5326125e-01  -1.0049847e-01  -1.2960452e-02   8.7954670e-04   9.2239972e-04
  -1.3410702e-02   1.0516024e-01  -2.0216060e-01  -1.1614837e-02   5.7868932e-04   7.3039144e-04
  -1.7732059e-02   1.6278028e-01  -8.9652350e-02  -1.2630461e-02   9.2715264e-04   8.3329140e-04
  -2.1125558e-02   5.0800646e-02  -2.0719243e-01  -1.1760821e-02   6.6389126e-04   7.8787297e-04
  -2.2041036e-02   1.5213126e-01  -8.9323060e-02  -1.2452554e-02   8.0834982e-04   8.7113240e-04
  -2.0667478e-02   5.9704150e-02  -2.0041598e-01  -1.1565546e-02   7.0570776e-04   7.0169156e-04
  -2.5130611e-02   1.2217379e-01  -8.9143848e-02  -1.2596548e-02   1.1278564e-03   9.4040841e-04
  -1.4907584e-02   3.8463734e-02  -2.2140276e-01  -1.1524657e-02   7.4160752e-04   9.0512782e-04
  -2.4125546e-02   6.9037165e-02  -1.3831296e-01  -1.2746156e-02   1.1957447e-03   1.0785680e-03
  -2.1527188e-02   5.4696384e-02  -2.0716033e-01  -1.1504228e-02   8.5964034e-04   8.7369944e-04
  -2.6935525e-02   6.2927652e-02  -8.9716405e-02  -1.2464748e-02   1.1408849e-03   1.0698665e-03
  -2.1938769e-02   2.2744794e-02  -1.8271056e-01  -1.1479514e-02   7.9372442e-04   8.7704140e-04
  -2.1610449e-02   1.1209050e-01  -9.8124040e-02  -1.2342588e-02   9.9988608e-04   1.0519960e-03
  -2.2507955e-02   1.2148982e-01  -1.7468722e-01  -1.3014684e-02   1.0185127e-03   9.7719216e-04
  -1.9804526e-02   1.7943030e-01  -1.0089787e-01  -1.3022514e-02   9.9616413e-04   1.0387770e-03
  -1.8670080e-02   5.7644032e-02  -1.7923424e-01  -1.3183488e-02   9.1820948e-04   1.0812803e-03
  -2.5185601e-02   1.7691435e-01  -1.2324606e-01  -1.2841538e-02   8.9231088e-04   1.0305850e-03
  -2.4399808e-02   4.6539206e-02  -1.5222119e-01  -1.3356132e-02   8.3977182e-04   1.0358687e-03
  -2.9792490e-02   1.9751103e-01  -1.2136355e-01  -1.3032870e-02   8.0840781e-04   9.2989392e-04
  -2.3138179e-02   1.0264504e-01  -1.4574731e-01  -1.3694736e-02   8.9517673e-04   1.2011842e-03
  -2.0203367e-02   1.8248821e-01  -1.7468752e-01  -1.3885638e-02   8.7274514e-04   1.0901751e-03
  -2.4909067e-02   1.6404394e-01  -1.6850962e-01  -1.4280554e-02   1.1002394e-03   1.0847392e-03
  -2.8141495e-02   1.9372973e-01  -1.6187567e-01  -1.3711318e-02   9.6807145e-04   8.9331278e-04
  -2.5371862e-02   1.4324953e-01  -1.3064817e-01  -1.4095468e-02   8.4572031e-04   9.9793078e-04
  -3.4270209e-02   1.9112643e-01  -1.1689406e-01  -1.3883070e-02   7.1298122e-04   9.0242845e-04
  -2.9215674e-02   1.8211359e-01  -1.2424859e-01  -1.4346916e-02   6.8163120e-04   9.1957650e-04
  -2.5115489e-02   2.3281694e-01  -1.3793194e-01  -1.4271383e-02   5.4154914e-04   1.0093198e-03
  -1.4843161e-02   1.4868863e-01  -1.5719161e-01  -1.4953561e-02   5.2993192e-04   1.1203079e-03
  -2.3774575e-02   2.5536416e-01  -1.2939399e-01  -1.4834513e-02   5.2778961e-04   1.0616054e-03
  -1.8795052e-02   9.8411354e-02  -1.6217843e-01  -1.5012922e-02   5.5726178e-04   1.0882394e-03
  -2.8550336e-02   2.1720521e-01  -1.6146740e-01  -1.4838925e-02   7.0285662e-04   8.7937499e-04
  -2.6333439e-02   1.3160832e-01  -9.8557107e-02  -1.5516221e-02   7.6661286e-04   1.1433038e-03
  -2.2969090e-02   1.1216411e-01  -2.0489093e-01  -1.4814748e-02   4.7693257e-04   1.1006542e-03
  -2.1557923e-02   1.5519291e-01  -1.1650466e-01  -1.5240981e-02   6.2611287e-04   1.2432239e-03
  -2.4475899e-02   9.4948289e-02  -2.0169302e-01  -1.4620593e-02   6.4376245e-04   1.1961765e-03
  -3.5153021e-02   2.1999942e-01  -1.5406940e-01  -1.4584173e-02   7.4574413e-04   1.0128834e-03
  -3.3394006e-02   1.3713040e-01  -1.4314727e-01  -1.5447778e-02   8.9862629e-04   1.0366188e-03
  -3.3671493e-02   1.9294929e-01  -1.8198513e-01  -1.5101174e-02   7.8341094e-04   1.1911135e-03
  -2.5519330e-02   1.4746778e-01  -1.7906220e-01  -1.5327650e-02   7.4048955e-04   1.3460845e-03
  -3.2454788e-02   2.5001542e-01  -1.9396944e-01  -1.4960646e-02   6.0499352e-04   1.1872914e-03
  -2.8282618e-02   8.3547404e-02  -1.3195197e-01  -1.5119317e-02   6.1413764e-04   1.2935193e-03
  -3.4838754e-02   1.3825804e-01  -1.8598763e-01  -1.4672377e-02   6.2013231e-04   1.1317010e-03
  -3.1914824e-02   1.8500974e-01  -9.1958493e-02  -1.5798690e-02   7.3940967e-04   1.1454237e-03
  -2.4603431e-02   8.7611700e-02  -1.9014227e-01  -1.6331133e-02   6.7808484e-04   1.1004057e-03
  -2.1891113e-02   2.0981329e-01  -1.0224095e-01  -1.6763234e-02   8.3614962e-04   1.2033947e-03
  -9.4422455e-03   1.3673995e-01  -2.1301535e-01  -1.6632135e-02   5.8871825e-04   1.2759626e-03
  -1.0258399e-02   1.9927769e-01  -1.1423911e-01  -1.6909328e-02   6.7617984e-04   1.3913397e-03
  -3.2596121e-03   1.6663072e-01  -1.9641760e-01  -1.6607172e-02   4.1208867e-04   1.2115884e-03
  -8.0655963e-03   2.6731840e-01  -1.5383989e-01  -1.6861458e-02   4.4482365e-04   1.2032000e-03
  -3.5367184e-03   1.8144739e-01  -1.4917363e-01  -1.7673476e-02   4.6947036e-04   1.3097193e-03
  -2.1009566e-02   2.0456100e-01  -1.7814137e-01  -1.7315113e-02   6.9781022e-04   1.0677456e-03
  -4.7509009e-03   1.5547425e-01  -1.6837497e-01  -1.7684422e-02   5.9849485e-04   1.3557500e-03
  -2.8540342e-02   2.4161084e-01  -1.9332079e-01  -1.6948761e-02   7.9094361e-04   1.0372752e-03
  -7.4786981e-03   1.4150420e-01  -1.0419491e-01  -1.7910010e-02   6.4310767e-04   1.2381135e-03
  -1.6512553e-02   1.7424016e-01  -1.9030674e-01  -1.6862728e-02   4.9299819e-04   1.2805524e-03
  -1.1561686e-02   2.5556841e-01  -9.8211929e-02  -1.7388249e-02   6.3747765e-04   1.5951262e-03
  -4.9829828e-03   1.0463308e-01  -1.9874237e-01  -1.7282659e-02   4.3870350e-04   1.4389060e-03
  -2.1330214e-02   2.8023458e-01  -1.1494339e-01  -1.7394295e-02   7.4024488e-04   1.0838254e-03
  -1.7100344e-02   1.7086706e-01  -2.0621164e-01  -1.7271226e-02   6.2522868e-04   1.0862210e-03
  -1.3657406e-02   2.4340477e-01  -1.1185473e-01  -1.7583146e-02   7.1141233e-04   1.2663402e-03
  -4.9566982e-03   1.0508102e-01  -2.1141546e-01  -1.7540600e-02   5.1030239e-04   1.3229242e-03
  -8.8204956e-03   2.6168268e-01  -1.5009001e-01  -1.7742427e-02   5.8142493e-04   1.2140453e-03
  -4.0543792e-03   1.4530651e-01  -2.2888505e-01  -1.8029269e-02   4.6651384e-04   1.3367141e-03
  -1.6206930e-02   2.2177413e-01  -1.8304433e-01  -1.7954254e-02   7.7515770e-04   1.2282641e-03
  -9.0666719e-04   1.3810114e-01  -1.9499801e-01  -1.8024743e-02   5.5017064e-04   1.3523201e-03
  -8.2954995e-03   2.5147906e-01  -1.5214087e-01  -1.7712431e-02   7.3797456e-04   1.3765942e-03
   2.8506153e-03   1.3423234e-01  -1.6158394e-01  -1.7939293e-02   4.1090939e-04   1.4832714e-03
  -1.6521003e-02   2.4178754e-01  -1.4017261e-01  -1.7790486e-02   6.4278121e-04   1.2924696e-03
  -1.4087551e-02   9.3656685e-02  -1.8953181e-01  -1.8017551e-02   5.8101086e-04   1.5021267e-03
  -1.6546988e-02   1.9489024e-01  -1.7521441e-01  -1.7285880e-02   5.7425776e-04   1.2454942e-03
  -5.7455457e-03   9.1813451e-02  -1.6212471e-01  -1.7875608e-02   5.1355353e-04   1.5375251e-03
  -1.8071476e-02   1.8120152e-01  -1.9776801e-01  -1.7027690e-02   5.8261399e-04   1.3248669e-03
  -3.4341510e-03   2.0236988e-01  -8.8810569e-02  -1.8123658e-02   5.4645910e-04   1.6686158e-03
  -1.8322748e-02   1.5184734e-01  -2.1541684e-01  -1.7456883e-02   6.1943757e-04   1.4362861e-03
  -1.3011967e-02   2.0310267e-01  -1.3875269e-01  -1.7841490e-02   7.2106579e-04   1.6069626e-03
  -5.7759836e-03   1.6841267e-01  -1.5299159e-01  -1.8131969e-02   5.1012144e-04   1.7114291e-03
  -2.3988068e-02   2.3716549e-01  -1.4835223e-01  -1.7581325e-02   6.9600854e-04   1.4546127e-03
  -7.5853217e-04   1.8222406e-01  -8.7863535e-02  -1.8999568e-02   6.0623847e-04   1.7932415e-03
  -2.1068071e-02   2.1979489e-01  -1.9676280e-01  -1.8002639e-02   4.7541310e-04   1.4800749e-03
  -6.8947055e-03   2.4250643e-01  -7.0899295e-02  -1.8880013e-02   5.2077201e-04   1.7553972e-03
  -1.7147411e-02   2.0342782e-01  -2.3304271e-01  -1.8112268e-02   4.3073554e-04   1.3414694e-03
  -1.3004491e-02   2.9190779e-01  -1.1639163e-01  -1.8879086e-02   5.5155969e-04   1.3188005e-03
  -8.7305609e-03   1.7924466e-01  -1.9943714e-01  -1.9188814e-02   5.1701760e-04   1.2982609e-03
  -1.7331838e-02   2.6557156e-01  -2.1743927e-01  -1.8508723e-02   5.9464410e-04   1.2529715e-03
  -6.7916247e-03   1.5690439e-01  -1.8085454e-01  -1.9023792e-02   6.3820130e-04   1.5162827e-03
  -1.4316057e-02   2.1979257e-01  -2.1975499e-01  -1.8312581e-02   6.3000997e-04   1.2533686e-03
  -1.2946860e-03   2.0351447e-01  -1.4132467e-01  -1.9570204e-02   6.1098640e-04   1.2424801e-03
  -1.2658901e-02   2.2734554e-01  -2.2026748e-01  -1.8423371e-02   4.9318680e-04   1.0487295e-03
   1.3998088e-03   1.4022966e-01  -1.6111480e-01  -1.9536579e-02   6.3343809e-04   1.3888357e-03
  -1.1188790e-02   2.2119406e-01  -2.5330134e-01  -1.8550014e-02   5.2756208e-04   1.1801872e-03
  -1.2927537e-03   1.8298947e-01  -1.3983534e-01  -1.9747099e-02   5.8246317e-04   1.4657553e-03
  -1.1895517e-02   1.5102765e-01  -2.6902926e-01  -1.8702633e-02   4.7417528e-04   1.2661079e-03
  -4.9370377e-03   1.5113607e-01  -1.4229447e-01  -1.9708308e-02   5.2112550e-04   1.5866138e-03
  -1.9452279e-02   1.7267462e-01  -2.4055961e-01  -1.8604827e-02   3.8240779e-04   1.1178589e-03
  -2.0972623e-02   2.4238918e-01  -1.0086347e-01  -1.9495008e-02   4.8022538e-04   1.2262522e-03
  -1.9946145e-02   1.1949753e-01  -1.9707310e-01  -1.9029602e-02   3.3924610e-04   1.1246309e-03
  -2.7803969e-02   2.2250054e-01  -1.4943861e-01  -1.9092060e-02   5.0836262e-04   1.1982120e-03
  -1.5886619e-02   1.1966927e-01  -2.0674079e-01  -1.9143064e-02   2.8402849e-04   1.2796683e-03
  -2.6512419e-02   2.6598964e-01  -1.7234323e-01  -1.9258631e-02   5.8319998e-04   1.1564179e-03
  -2.1784884e-02   1.0876529e-01  -2.2857761e-01  -1.9253136e-02   6.0928105e-04   1.3482457e-03
  -2.1139256e-02   2.1874489e-01  -1.6437917e-01  -1.9026040e-02   6.2761650e-04   1.2247158e-03
  -1.6040350e-02   1.3300433e-01  -2.4174553e-01  -1.8936922e-02   5.7893502e-04   1.3387221e-03
  -1.3914728e-02   2.5082466e-01  -1.7066221e-01  -1.8997442e-02   4.8203370e-04   1.4456288e-03
  -1.1649420e-02   1.9842203e-01  -2.2544199e-01  -1.9311000e-02   4.6184533e-04   1.4123918e-03
  -2.5671533e-02   2.6428414e-01  -2.1173114e-01  -1.8965194e-02   6.5287378e-04   1.2782469e-03
  -1.2771039e-03   1.4897619e-01  -1.2648526e-01  -1.9987795e-02   6.0079104e-04   1.5962709e-03
  -1.3273648e-02   1.5945773e-01  -2.4750638e-01  -1.8618345e-02   5.4531933e-04   1.4516848e-03
  -1.0471589e-02   2.1910283e-01  -1.6373350e-01  -1.9161904e-02   6.4563218e-04   1.5870800e-03
  -8.1297982e-04   1.2685620e-01  -1.9949621e-01  -1.9440381e-02   2.8620985e-04   1.6768946e-03
  -1.8688042e-02   2.4448563e-01  -1.7981815e-01  -1.9149522e-02   4.8542143e-04   1.5693723e-03
  -1.8471193e-03   1.5950496e-01  -1.6580366e-01  -1.9868348e-02   2.9812692e-04   1.6781747e-03
  -1.3062959e-02   2.5845474e-01  -2.5110518e-01  -1.9047639e-02   2.8699963e-04   1.6117898e-03
   3.8229540e-03   2.4947247e-01  -1.1610003e-01  -2.0322953e-02   4.3207350e-04   1.8281218e-03
  -1.1360472e-02   2.9615014e-01  -2.8088164e-01  -1.9160327e-02   3.9987775e-04   1.3306875e-03
  -6.1295546e-03   2.8874135e-01  -1.3085940e-01  -2.0076068e-02   7.4568142e-04   1.2556056e-03
  -1.1217645e-02   2.2579478e-01  -3.0928961e-01  -1.9400122e-02   6.3069551e-04   1.2245053e-03
   1.0813329e-02   2.5884005e-01  -1.3434478e-01  -2.0307372e-02   5.1455443e-04   1.6520535e-03
   3.9968854e-03   2.2838102e-01  -2.6831880e-01  -1.9431923e-02   3.5028554e-04   1.5254388e-03
  -6.5906406e-03   2.5370243e-01  -1.7022395e-01  -2.0085224e-02   6.2685194e-04   1.4142789e-03
  -1.1532738e-02   1.5303597e-01  -2.9309588e-01  -1.9148479e-02   4.5466039e-04   1.2159795e-03
  -1.0996269e-02   3.0806444e-01  -1.8604920e-01  -1.9866911e-02   6.1715400e-04   1.3973362e-03
  -1.6766174e-02   2.1676956e-01  -2.8705835e-01  -1.8763428e-02   4.5802353e-04   1.3954778e-03
  -1.7210593e-02   2.9072844e-01  -1.5864825e-01  -1.9106623e-02   3.3933381e-04   1.4947176e-03
  -2.2776792e-02   1.5016485e-01  -1.6343432e-01  -1.9294407e-02   5.3174983e-04   1.2751172e-03
  -3.1755650e-02   1.8579646e-01  -2.1972254e-01  -1.8792476e-02   4.7983393e-04   1.2282758e-03
  -1.1363584e-02   1.6511006e-01  -1.0130865e-01  -1.9916953e-02   4.0539893e-04   1.4824128e-03
  -2.4241509e-02   1.9785677e-01  -2.2547002e-01  -1.8941857e-02   2.5373201e-04   1.3062043e-03
  -1.8446213e-02   2.4992533e-01  -1.0602640e-01  -2.0451329e-02   4.2458020e-04   1.7071559e-03
  -1.4708955e-02   1.1388040e-01  -2.2355225e-01  -1.9135337e-02   2.2813752e-04   1.5436044e-03
  -2.3929616e-02   2.9513210e-01  -1.4990345e-01  -1.9564521e-02   4.2406484e-04   1.4358894e-03
  -9.6382469e-03   1.7627319e-01  -1.2771082e-01  -2.0627328e-02   5.7841204e-04   1.1926671e-03
  -2.5460696e-02   2.6479867e-01  -2.0099029e-01  -1.9752233e-02   5.2971358e-04   8.4301407e-04
  -7.4733129e-03   1.4796497e-01  -1.7982354e-01  -2.0395196e-02   5.4240498e-04   1.2425711e-03
  -9.6563841e-03   2.7741502e-01  -2.6548366e-01  -1.9745760e-02   2.6897336e-04   1.0913341e-03
  -1.4368076e-02   2.6806315e-01  -1.7205569e-01  -2.0666038e-02   7.6554795e-04   1.0481917e-03
  -1.4566789e-02   2.4206768e-01  -2.9425163e-01  -1.9719712e-02   4.9963902e-04   7.4198505e-04
  -1.4388536e-02   3.2697978e-01  -2.0687926e-01  -2.0065445e-02   6.7447346e-04   8.3272266e-04
  -7.7494089e-03   1.8208398e-01  -2.1243765e-01  -1.9698623e-02   5.0306686e-04   1.1526585e-03
  -2.4258491e-02   2.7502380e-01  -2.4222049e-01  -1.9112408e-02   4.5308192e-04   9.8955961e-04
  -1.9217094e-02   2.0212429e-01  -1.7259747e-01  -1.9812410e-02   4.8268763e-04   1.3111097e-03
  -3.1706562e-02   2.0939750e-01  -2.4296971e-01  -1.9221654e-02   6.1212254e-04   1.0170973e-03
  -2.3220967e-02   1.9774731e-01  -8.7287948e-02  -1.9995599e-02   7.4375814e-04   1.0947982e-03
  -1.7104997e-02   9.4876285e-02  -1.6629510e-01  -1.9506264e-02   4.6615657e-04   1.2964228e-03
  -3.1320996e-02   2.0761749e-01  -1.9979373e-01  -1.9265310e-02   4.8826209e-04   1.1948604e-03
  -3.5108781e-02   1.4088559e-01  -1.8148621e-01  -1.9466990e-02   5.6507895e-04   1.3259364e-03
  -4.1732576e-02   2.4203314e-01  -2.0116018e-01  -1.9213908e-02   5.4945625e-04   1.0682964e-03
  -2.6121962e-02   2.0195236e-01  -1.2489734e-01  -2.0298367e-02   5.8046883e-04   1.3106936e-03
  -3.2790817e-02   2.1930329e-01  -2.5245132e-01  -1.9576718e-02   4.4898056e-04   1.2321544e-03
  -1.7787601e-02   1.8325823e-01  -1.1159047e-01  -2.0347524e-02   5.3740919e-04   1.2424252e-03
  -1.5984247e-02   2.1848898e-01  -2.7759623e-01  -1.9517422e-02   2.4445230e-04   1.0891085e-03
  -4.8922288e-02   2.6237525e-01  -1.6659504e-01  -1.9609369e-02   8.3356515e-04   1.2648549e-03
  -5.5969378e-02   1.6914517e-01  -2.3589933e-01  -1.8843140e-02   1.2086483e-03   1.1515681e-03
  -4.7195629e-02   2.9759990e-01  -1.6686532e-01  -1.9696964e-02   1.0017458e-03   7.8088672e-04
  -2.8594805e-02   2.1447278e-01  -2.2492594e-01  -2.0317705e-02   8.0255687e-04   1.0236903e-03
  -3.0991952e-02   2.9691644e-01  -2.1764824e-01  -2.0051501e-02   9.2593226e-04   8.8775388e-04
  -2.1401139e-02   1.8478459e-01  -2.1195552e-01  -2.0306186e-02   9.0604068e-04   1.0413320e-03
  -2.3112021e-02   2.8309001e-01  -2.8630332e-01  -1.9782909e-02   7.1364597e-04   9.4212511e-04
  -1.1073276e-02   2.3734356e-01  -2.4600071e-01  -2.0170253e-02   5.9736226e-04   9.5895103e-04
  -2.0817696e-02   3.1081041e-01  -3.3697750e-01  -1.9720337e-02   5.2940522e-04   9.0040001e-04
  -5.8699232e-03   2.4028358e-01  -1.9711644e-01  -2.1362162e-02   6.0538941e-04   1.0096991e-03
  -3.1079494e-02   2.6035102e-01  -3.5229267e-01  -1.9878790e-02   5.9467883e-04   8.0593342e-04
  -2.3563703e-02   3.5496676e-01  -2.0268359e-01  -2.0757735e-02   5.6452028e-04   1.0820187e-03
  -4.1154893e-03   1.5476211e-01  -1.8718859e-01  -2.1105834e-02   3.9227788e-04   1.3653866e-03
  -2.3033548e-02   2.7425400e-01  -2.7006920e-01  -2.0105393e-02   3.4851585e-04   1.2345397e-03
  -1.3153667e-02   1.8429385e-01  -2.8062926e-01  -2.0819551e-02   4.5835868e-04   1.4310588e-03
  -1.6684013e-02   3.4681411e-01  -2.4757196e-01  -1.9799309e-02   3.4518670e-04   1.4747449e-03
  -1.9914180e-02   1.6597737e-01  -2.2929152e-01  -2.0133760e-02   5.5004799e-04   1.5150118e-03
  -1.8459554e-02   3.0477882e-01  -2.4089591e-01  -1.9155918e-02   4.0226532e-04   1.4390408e-03
  -2.0750154e-03   2.3035373e-01  -1.5389345e-01  -2.0585160e-02   5.0461008e-04   1.6824031e-03
  -2.4958632e-02   2.1237633e-01  -2.7959848e-01  -1.9441399e-02   6.9146112e-04   1.2996543e-03
  -1.1444363e-02   2.2842915e-01  -1.1747703e-01  -2.0612260e-02   6.8763782e-04   1.7257035e-03
  -1.4621813e-02   1.6025745e-01  -2.5033806e-01  -1.9564142e-02   4.1276256e-04   1.5826296e-03
  -1.3357029e-02   3.1953856e-01  -1.7833692e-01  -2.0190636e-02   4.4366995e-04   1.6183928e-03
  -5.5890677e-03   2.0882773e-01  -1.9162323e-01  -2.0923690e-02   5.0853078e-04   1.5492390e-03
  -2.4111724e-02   2.7108564e-01  -2.3704895e-01  -1.9902280e-02   5.1494852e-04   1.3967409e-03
   9.2638448e-04   1.9136348e-01  -7.5534222e-02  -2.1575830e-02   3.9889504e-04   1.6205080e-03
  -9.4613550e-03   2.1397183e-01  -2.5982645e-01  -2.0030119e-02   9.9355340e-05   1.4510917e-03
  -6.8296432e-03   3.0335116e-01  -1.5537830e-01  -2.1118986e-02   2.7764232e-04   1.7349629e-03
   8.5603653e-03   1.8208417e-01  -2.0554097e-01  -2.1681869e-02   1.5893113e-04   1.6309083e-03
  -1.1363197e-02   2.5756596e-01  -2.8245396e-01  -2.0631920e-02   2.9631642e-04   1.3991134e-03
   2.4891210e-03   2.2505687e-01  -1.6477989e-01  -2.1922391e-02   4.2941993e-04   1.5852967e-03
  -6.1881882e-03   1.7151144e-01  -3.3641255e-01  -2.0341373e-02   1.9508718e-04   1.3375969e-03
  -3.6685674e-03   3.3604313e-01  -1.9862564e-01  -2.1525135e-02   4.0328302e-04   1.4870276e-03
   3.9097532e-03   2.1075293e-01  -2.9748813e-01  -2.1115425e-02   1.8298534e-04   1.4094983e-03
  -1.3798604e-02   3.5162021e-01  -2.6235452e-01  -2.0757754e-02   3.8273926e-04   1.2521985e-03
  -5.2460272e-03   2.1017400e-01  -2.1423450e-01  -2.1237226e-02   5.2415461e-04   1.1640305e-03
  -2.1086093e-02   2.7300810e-01  -2.8741449e-01  -2.0384705e-02   3.6755147e-04   1.1079585e-03
   1.7918122e-03   2.7904199e-01  -1.1015260e-01  -2.1953864e-02   3.6703024e-04   1.6445411e-03
  -1.4004247e-02   2.7691432e-01  -3.0937626e-01  -2.0750116e-02   1.4232612e-04   1.4365683e-03
  -1.1473375e-02   2.9690009e-01  -1.6389195e-01  -2.1914092e-02   4.4281760e-04   1.5780952e-03
  -2.3912496e-03   1.6534992e-01  -2.2041978e-01  -2.1309961e-02   1.5910432e-04   1.5008187e-03
  -1.6964444e-02   3.2055547e-01  -2.4142909e-01  -2.0770440e-02   1.9029844e-04   1.1274861e-03
   1.1591293e-02   2.2002024e-01  -1.3562918e-01  -2.2010258e-02   1.6526101e-04   1.2732599e-03
  -7.9382212e-03   2.9249104e-01  -3.2242606e-01  -2.0785786e-02   1.6191153e-04   1.0119610e-03
