   0.0000000e+00   0.0000000e+00   0.0000000e+00   0.0000000e+00   0.0000000e+00   0.0000000e+00
   3.8186162e-03   6.2995595e-04  -2.4009070e-02   2.3981545e-04  -1.2698060e-04  -5.3971021e-05
   4.0742103e-03  -1.8145595e-02  -4.2150259e-02   7.7812893e-06  -1.7248274e-04  -1.6602831e-05
   2.2021475e-03  -1.9833721e-02  -6.6559032e-02   1.3592530e-04   1.8633554e-05  -2.0007282e-04
   7.8088493e-03  -3.5172489e-02  -6.7119805e-02   1.7069524e-05   3.8670561e-05  -3.1512179e-04
   6.0991043e-04   3.3143041e-02  -1.7340789e-01  -3.3505903e-04   5.6860205e-04  -4.1282350e-04
   3.9935303e-03   2.3322909e-03  -2.5900565e-01  -1.2471922e-03   2.7290264e-04  -1.8470882e-04
   1.1908774e-04  -1.2726293e-01  -9.9030360e-02  -9.8575059e-04   3.5178568e-07  -5.4275431e-04
   6.8911482e-03   4.6406342e-02  -8.6856998e-03  -1.3453807e-03   6.0745540e-05  -2.6608655e-04
   6.3867054e-03   4.4464596e-02  -1.9323195e-02  -3.8756991e-04   6.5429740e-05  -8.6480756e-05
   6.8097426e-03   8.0042310e-02   9.8999268e-03  -9.6395299e-04   1.4695120e-04  -1.2528765e-05
   9.7438128e-03   5.7408026e-02  -6.4447058e-02  -6.9109237e-04   1.5055691e-04   3.1089757e-05
   1.6387408e-02   5.5757911e-02  -7.4950531e-02  -4.9697044e-04   1.3751977e-04   3.5823728e-05
   9.6330946e-03   3.8891539e-02  -8.1195447e-02  -8.2606600e-04   3.8809821e-05  -2.8230813e-04
   6.6135488e-03   2.6868492e-02  -1.4091426e-02  -6.7013613e-04   5.6548922e-05  -1.7548092e-04
   3.8193843e-03   5.1671025e-02  -1.5098863e-02  -8.6924231e-04  -1.0901183e-04  -3.0511019e-04
   1.2804085e-02   7.2890251e-02   3.8817530e-02  -7.4886535e-04  -1.3455077e-05  -1.3944269e-04
  -4.0180992e-03   2.6298561e-02  -2.1713846e-02  -1.0740840e-03  -4.7281167e-05  -4.1844783e-04
   7.3975586e-03   2.5500439e-02  -9.1838887e-03  -9.0971217e-04  -2.9964283e-04  -2.7127017e-04
   7.0113004e-03   6.8246029e-02   9.6039392e-03  -1.1327474e-03  -5.0169994e-05  -1.2372017e-04
  -1.1049262e-03   5.0720680e-02  -4.9689061e-03  -7.4588885e-04  -1.4380429e-04  -2.5419277e-04
   1.0905107e-04   3.8533006e-02   2.6244627e-03  -7.0869568e-04  -1.8048071e-04  -2.6204458e-04
  -7.2163760e-03   2.5363767e-02   7.1525153e-03  -6.2311865e-04  -3.0231295e-04  -1.9027524e-04
  -1.4071783e-03   2.8431663e-02   2.5182609e-02  -4.7735174e-04  -1.9567689e-04  -1.8279453e-04
   1.0316204e-02   8.3927784e-02   1.3474398e-02  -9.5893809e-04  -2.0106473e-04  -1.8308587e-04
   5.4584231e-03   8.6519608e-02   5.5827730e-02  -5.3119622e-04  -1.8743436e-04  -1.4064116e-04
   1.2555766e-02   9.1393209e-02   2.6936965e-02  -9.2919612e-04  -2.3707275e-04  -7.0346238e-05
   9.0409694e-03   2.9301812e-02  -2.3132242e-02  -4.3506438e-04  -3.7470592e-05  -3.2572378e-04
   1.0545130e-02   1.0170000e-01   2.2495369e-02  -1.1543617e-03  -2.4158107e-04  -1.3526202e-04
   7.6932636e-03   5.8632675e-02   1.5169222e-02  -1.0134382e-03  -3.2058396e-04  -1.6329844e-04
   8.2956071e-04   3.9026123e-02   1.4892408e-02  -1.2229091e-03  -3.1689717e-04  -7.9235594e-05
  -1.0735050e-02   6.7336611e-02   3.9310413e-02  -3.7774259e-04  -3.1419535e-04  -1.2717294e-04
  -5.3739828e-03   6.4681580e-02   7.4680601e-02  -5.3082751e-04  -2.9865044e-04  -1.1190093e-04
   4.0471163e-03   3.6932725e-02   1.5109974e-02  -7.0009798e-04  -2.4837628e-04  -2.1195336e-04
   7.4618132e-03   4.9794233e-02   3.3405860e-02  -1.5809701e-04  -2.0768231e-04  -1.1180843e-04
  -5.5122224e-03   6.5613882e-02   2.5110934e-02  -1.3032328e-03  -1.9312295e-04  -2.6912239e-04
  -3.3272814e-03   1.0266231e-01   5.7872656e-02  -9.2784154e-04  -3.6284838e-04  -1.2606302e-04
  -9.5844166e-04   4.0500592e-02   1.9346589e-02  -8.6282993e-04  -9.2493993e-05  -2.9242423e-04
   9.1324014e-03   2.9286111e-02  -1.3189685e-02  -1.0914923e-03  -2.8744705e-04  -3.1061689e-04
   2.2296076e-02   7.8384328e-02  -1.8182638e-01  -1.2432063e-03  -7.8667030e-05  -1.1669065e-04
   2.6978020e-02   2.8829183e-02   2.7559802e-03  -9.5484707e-04  -1.7949315e-05   2.4593856e-04
   3.4146454e-03   5.6642207e-02   1.4849469e-02  -8.0889110e-04  -2.0758209e-04  -2.2687242e-04
   7.6643457e-03   6.3980853e-02   5.6300924e-02  -5.9330126e-04  -3.6330493e-04  -1.7350036e-04
  -3.1045869e-03   4.1505859e-02   2.3212829e-02  -1.0522272e-03  -3.4895037e-04  -2.5300567e-04
   5.2986538e-03   7.0695957e-02   4.8814779e-02  -2.6906390e-04  -4.2346259e-04  -1.7382310e-04
  -1.1318233e-02   1.5026628e-01   1.0350127e-01  -1.1788667e-03  -1.4907023e-04  -4.4721905e-04
  -9.6775595e-03   4.1390666e-02   4.3336108e-02  -6.6983620e-04  -4.8178438e-04  -5.4476437e-04
  -6.9591350e-03   8.5171822e-02   3.6716604e-02  -1.3500045e-03  -1.6637603e-04  -5.6855018e-04
  -1.4150042e-03   8.1046587e-02   5.7775020e-02  -5.3647293e-04  -3.2808846e-04  -3.8375747e-04
  -9.9835891e-03   1.0342673e-01   4.2239876e-02  -9.0444655e-04  -1.7544398e-04  -5.8672123e-04
   5.8095267e-03   9.3538588e-02   5.6635232e-02  -5.0495177e-04  -3.7176717e-04  -2.9052058e-04
  -1.3623501e-02   1.2923254e-01   7.3912265e-02  -1.1574406e-03  -2.4201358e-04  -5.3606214e-04
  -7.7100901e-03   8.9605349e-02   7.6486573e-02  -9.1488990e-04  -4.2642738e-04  -4.8924730e-04
   2.0404544e-03   1.1601129e-01   9.9153980e-02  -1.5102222e-03  -5.7510641e-04  -2.7680974e-04
  -4.6457240e-03   8.3260248e-02   6.6406092e-02  -9.1052670e-04  -5.3228084e-04  -3.1707200e-04
  -1.0893871e-02   1.1237323e-01   4.8648969e-02  -1.2629640e-03  -2.0858058e-04  -5.4561676e-04
  -2.7434870e-03   1.4578690e-01   3.3625899e-02  -2.0831710e-03  -3.1544119e-04  -4.7201961e-04
  -6.3547168e-03   1.2587441e-01   2.0272202e-02  -1.5226005e-03  -6.4300970e-04  -5.9483496e-04
  -1.9055934e-02   8.3004815e-02   2.1573455e-02  -1.9356893e-03  -4.7421093e-04  -8.1309883e-04
  -1.7845979e-02   8.4099933e-02   2.8766168e-02  -1.5488224e-03  -4.5171282e-04  -7.3456571e-04
  -1.4865452e-02   8.4061855e-02   5.1705903e-02  -1.9446406e-03  -6.3337369e-04  -7.1115643e-04
  -2.8065298e-02   1.0873624e-01   8.5634906e-02  -1.7053508e-03  -6.4267118e-04  -7.0660375e-04
  -2.2177447e-02   8.3232947e-02   9.4078060e-02  -1.6772623e-03  -5.9774551e-04  -6.5699351e-04
  -1.9991293e-02   9.1803742e-02   5.1777542e-02  -1.8646194e-03  -6.7759548e-04  -7.2380001e-04
  -1.0377948e-02   1.2807166e-01   9.9237642e-02  -1.2856068e-03  -6.7301545e-04  -6.6945613e-04
  -1.6233967e-03   1.3969923e-01   6.0070395e-02  -1.6545381e-03  -1.9546784e-04  -3.0711759e-04
  -1.7799859e-03   1.8890710e-01   8.8204601e-02  -7.9399373e-04  -2.5848777e-04  -3.4160365e-04
  -5.1190472e-03   1.6159716e-01  -2.3088462e-01  -2.3263199e-03  -4.2945772e-05  -5.6675459e-04
   8.8317205e-03   1.6179025e-01   8.7888680e-02  -2.8051542e-03  -3.8781093e-04  -2.3162727e-04
  -3.1698908e-03   5.9221741e-02   7.5714545e-02  -2.8241919e-03  -4.7188987e-04  -1.5136892e-04
  -1.7572225e-02   9.4404676e-02   8.7882627e-02  -2.1514224e-03  -6.9767330e-04  -4.7232263e-04
  -2.1416666e-02   1.4840164e-01   1.1822999e-01  -2.8392652e-03  -5.6897479e-04  -4.8577368e-04
  -1.5139368e-02   1.0409402e-01   1.1602402e-01  -2.1636587e-03  -8.3384601e-04  -3.8190672e-04
  -2.1869040e-02   1.3455432e-01   8.3076282e-02  -2.9547802e-03  -6.3546728e-04  -7.0721837e-04
  -2.7290732e-02   1.2498008e-01   1.0364093e-01  -2.3700635e-03  -5.1189892e-04  -8.2249069e-04
  -2.0720357e-02   1.0881238e-01   7.3701433e-02  -2.5336891e-03  -6.0671746e-04  -8.2311229e-04
  -1.8636081e-02   1.5578047e-01   1.5273568e-01  -3.0011868e-03  -6.3313017e-04  -7.9097601e-04
  -3.0344209e-02   1.3776959e-01   1.2326557e-01  -2.1628036e-03  -6.1778109e-04  -6.6117806e-04
  -4.2772460e-02   9.9455033e-02   1.3459440e-01  -2.3953095e-03  -7.1185290e-04  -8.0855937e-04
  -4.7505752e-02   1.5564587e-01   1.4171063e-01  -2.3168003e-03  -5.2387269e-04  -1.1220804e-03
  -4.7132275e-02   1.8546750e-01   1.6821688e-01  -2.8015261e-03  -4.3316751e-04  -1.1214586e-03
  -4.0284445e-02   1.0285228e-01   1.2318804e-01  -2.4129460e-03  -4.4993743e-04  -9.5197691e-04
  -4.5651210e-02   1.8418702e-01   1.7445204e-01  -2.7360949e-03  -4.9319052e-04  -9.9279172e-04
  -3.8119093e-02   1.1017330e-01   1.3315206e-01  -2.4205716e-03  -4.6650777e-04  -9.7545408e-04
  -3.1509033e-02   1.7977089e-01   1.4482333e-01  -2.8212527e-03  -3.6915023e-04  -1.0237840e-03
  -2.6942331e-02   1.6738578e-01   1.5849114e-01  -2.8671825e-03  -5.1356591e-04  -9.7757930e-04
  -3.9757581e-02   1.3156335e-01   1.2432746e-01  -2.8729373e-03  -4.2365241e-04  -1.1775178e-03
  -3.2382627e-02   1.5109729e-01   1.5128724e-01  -2.9933559e-03  -5.8948548e-04  -8.9550660e-04
  -4.1410001e-02   1.5108000e-01   1.7874423e-01  -2.3677785e-03  -6.5581051e-04  -8.9417180e-04
  -5.5895398e-02   1.8023071e-01   1.5147766e-01  -2.9003504e-03  -4.8096347e-04  -1.2491558e-03
  -5.5078156e-02   1.9923894e-01   1.6738610e-01  -2.5814724e-03  -4.7258057e-04  -1.2880163e-03
  -4.5209588e-02   1.2263229e-01   8.9889739e-02  -2.6760626e-03  -3.5092474e-04  -1.2926435e-03
  -4.1854380e-02   1.3116314e-01   1.3166128e-01  -2.8026727e-03  -3.3102045e-04  -1.1771067e-03
  -5.1349110e-02   8.0309214e-02   9.7362008e-02  -2.8824149e-03  -2.4819837e-04  -1.3634897e-03
  -5.0782281e-02   2.0003088e-01   1.7694759e-01  -2.9338642e-03  -4.7107661e-04  -1.1665959e-03
  -4.2632795e-02   1.3245335e-01   1.3183419e-01  -2.8315155e-03  -4.2078884e-04  -1.0300257e-03
  -3.5279394e-02   1.6313269e-01   9.4614072e-02  -2.7557456e-03  -2.6659262e-04  -1.1344547e-03
  -4.0485965e-02   2.1111535e-01   1.2870186e-01  -3.2081972e-03  -7.5394144e-05  -1.3916967e-03
  -5.5180514e-02   1.8464065e-01   1.2503723e-01  -2.8504143e-03  -2.8888669e-04  -1.3836097e-03
  -5.2843733e-02   1.2106092e-01   1.2481373e-01  -2.8722384e-03  -3.9200110e-04  -1.3437178e-03
  -5.2380831e-02   1.4266828e-01   1.3268126e-01  -2.2907902e-03  -3.6129060e-04  -1.3894474e-03
  -4.1343658e-02   2.3899815e-01   1.6925455e-01  -3.1029181e-03  -6.2632476e-04  -1.0661417e-03
  -5.2791514e-02   1.5579584e-01   1.3383822e-01  -3.2834515e-03  -3.7790941e-04  -1.1141135e-03
  -5.1552925e-02   2.2106520e-01   7.2472389e-03  -3.6796134e-03  -5.9908209e-05  -1.4565645e-03
  -3.3370440e-02   9.0912658e-02  -2.9959576e-01  -1.0119803e-03   2.5693046e-04  -5.8333916e-04
  -3.5717096e-02   9.3253036e-02   2.1172424e-02  -3.3826358e-03   1.3926075e-04  -1.1080856e-03
  -3.9214625e-02   1.3057455e-01   9.1260736e-02  -2.9243196e-03   2.1853126e-04  -1.1085503e-03
  -4.5070384e-02   1.9728032e-01   1.0867634e-01  -3.2691831e-03   3.8789322e-05  -1.2480309e-03
  -4.0539997e-02   1.6025834e-01   1.3661216e-01  -3.5199805e-03  -9.4712264e-06  -1.0474416e-03
  -4.0621711e-02   1.8143410e-01   9.6321293e-02  -2.7426390e-03   2.7611958e-04  -1.0700206e-03
  -4.1286534e-02   2.2602605e-01   1.2348803e-01  -3.5206007e-03   3.7908933e-04  -1.2499520e-03
  -2.5335509e-02   1.9707332e-01   1.1943118e-01  -3.1364052e-03   1.2481022e-04  -7.8598498e-04
  -2.1572190e-02   2.1825927e-01   7.7421048e-02  -3.9241466e-03   2.0679011e-04  -9.9607007e-04
  -8.5987049e-03   1.7928348e-01   5.1850817e-02  -3.6445125e-03   1.8101680e-04  -9.0486075e-04
  -1.3373355e-02   2.6839439e-01   1.2109649e-01  -3.8544748e-03   2.2292165e-04  -8.0206065e-04
  -6.9738199e-03   2.5943349e-01   1.0601893e-01  -2.5404253e-03   1.0967612e-04  -7.7381747e-04
  -2.0767074e-02   2.7639341e-01   1.3538677e-01  -3.3616236e-03   1.6920358e-04  -1.0175426e-03
  -2.9869529e-02   2.2908421e-01   1.7919352e-01  -3.3583045e-03   1.8114950e-04  -1.0386549e-03
  -3.9648879e-02   1.9004291e-01   1.6749048e-01  -3.0019703e-03   1.6485084e-04  -8.6281223e-04
  -6.2628773e-02   2.0789802e-01   1.8890998e-01  -3.7156012e-03  -6.9397118e-05  -1.1852140e-03
  -5.4776868e-02   2.0109166e-01   1.7280412e-01  -3.1596088e-03  -6.9961261e-05  -9.2781832e-04
  -3.1360746e-02   2.1071533e-01   1.1884854e-01  -3.6723370e-03   4.4130775e-04  -6.8506682e-04
  -1.3003834e-02   2.0326056e-01   1.3991104e-01  -2.9144147e-03   2.2442088e-04  -5.2307759e-04
  -1.3747597e-02   2.1366049e-01   1.4564844e-01  -3.6111161e-03   3.5362011e-04  -5.0843518e-04
  -1.9184085e-02   1.8693779e-01   1.4370799e-01  -3.3769371e-03   2.0442506e-04  -4.3343697e-04
  -2.4041895e-02   2.2655056e-01   1.4454742e-01  -3.1024831e-03   3.0575238e-04  -4.6679260e-04
  -1.0441936e-02   2.1573825e-01   1.2160768e-01  -3.4991034e-03   3.6954940e-04  -4.6180993e-04
  -2.6431134e-02   2.0302605e-01   1.2393612e-01  -3.7955426e-03   6.8219030e-05  -6.9166158e-04
  -2.9648770e-02   1.6790144e-01   1.3944103e-01  -4.2569398e-03   3.5990008e-05  -5.8949702e-04
  -2.8977719e-02   1.3124624e-01   1.3445757e-01  -3.8484487e-03   1.7984429e-05  -4.6550855e-04
  -2.3210945e-02   1.6815275e-01   1.4449487e-01  -3.5388826e-03  -2.1641326e-04  -4.5253250e-04
  -3.6843115e-02   2.3586568e-01   1.1904580e-01  -4.1634751e-03   2.1938479e-04  -7.6646713e-04
  -4.6046373e-02   2.4344730e-01   1.4860874e-01  -3.8133651e-03   2.6717392e-05  -8.5900333e-04
  -4.6166184e-02   1.7842091e-01   1.3646094e-01  -3.8246954e-03   2.4299520e-04  -8.8642844e-04
  -4.8175067e-02   1.8852880e-01   1.5935757e-01  -3.7039764e-03   1.7465770e-04  -9.8027073e-04
  -4.9734887e-02   1.4426848e-01   1.5173268e-01  -3.8406610e-03   1.0623561e-04  -9.9938089e-04
  -4.3260421e-02   1.4134481e-01   1.6011596e-01  -3.9771858e-03   1.0783740e-04  -7.4051055e-04
  -5.4493859e-02   1.8018506e-01   1.5708835e-01  -3.7187404e-03   2.5950622e-04  -9.0325879e-04
  -4.4178357e-02   2.1975418e-01   1.6953123e-01  -3.4315619e-03   2.2322751e-04  -7.3550515e-04
  -4.9902702e-02   2.1343346e-01   1.3597213e-01  -4.0212059e-03   2.5430664e-04  -1.0424347e-03
  -4.3166600e-02   2.2602868e-01   9.4881317e-02  -3.9596110e-03   4.3272441e-04  -9.7146078e-04
  -4.2266040e-02   2.3849938e-01   6.2358712e-02  -4.0335862e-03   3.1718079e-04  -5.2886297e-04
  -4.6983957e-02   7.1399819e-02   8.0090152e-02  -3.6308195e-03   1.5040865e-04  -9.0109186e-04
  -5.6447172e-02   1.8207467e-01   1.4898930e-01  -3.8500338e-03   3.2341609e-04  -8.1983576e-04
  -6.1167286e-02   1.7305238e-01   1.3698647e-01  -3.8141684e-03   2.9514672e-04  -9.1631107e-04
  -5.2453674e-02   2.3553376e-01   2.2840825e-01  -4.0981063e-03   9.8939527e-05  -8.4240775e-04
  -5.1646758e-02   1.6371126e-01   1.4923626e-01  -4.1063184e-03   7.2708611e-05  -9.0634334e-04
  -4.7880150e-02   1.6757321e-01   1.8167484e-01  -4.0392377e-03  -7.2788991e-05  -7.3071652e-04
  -4.9176929e-02   2.0794829e-01   1.7416862e-01  -4.3716148e-03   2.1665970e-04  -7.3815976e-04
  -4.2306358e-02   2.2085263e-01   1.5244798e-01  -3.6712155e-03   8.4452504e-05  -7.9189268e-04
  -4.8531231e-02   2.5721499e-01   1.4838707e-01  -4.5262239e-03   1.8150083e-04  -1.0040156e-03
  -6.1483834e-02   2.2212382e-01   1.3496258e-01  -4.0550418e-03   6.7711138e-05  -1.1192100e-03
  -5.9526443e-02   2.1818129e-01   1.5327202e-01  -4.6747869e-03   1.6834332e-04  -1.0366218e-03
  -7.3194967e-02   1.5387562e-01   1.2035753e-01  -4.1274325e-03   2.2400284e-04  -1.1583708e-03
  -6.3562318e-02   1.8545629e-01   1.7327568e-01  -4.0881450e-03   7.7675017e-05  -9.5090808e-04
  -6.6140001e-02   1.7907491e-01   1.6686767e-01  -4.1091104e-03   1.5012658e-04  -9.9742832e-04
  -7.1109712e-02   2.2091706e-01   2.3055609e-01  -3.9235780e-03  -1.7322675e-04  -1.0144525e-03
  -7.0449992e-02   2.2081988e-01   2.1735740e-01  -3.8812063e-03  -9.0549917e-05  -9.9760165e-04
  -7.1773557e-02   1.9654457e-01   1.7700972e-01  -4.4534667e-03   4.1437430e-05  -1.2427472e-03
  -6.3394843e-02   1.9389125e-01   1.8521024e-01  -4.0458181e-03   1.5339574e-05  -1.1107409e-03
  -7.4091757e-02   1.9544556e-01   1.7650124e-01  -4.5341885e-03   2.8854421e-04  -1.3112079e-03
  -7.4977630e-02   2.1224623e-01   1.7986317e-01  -4.7292188e-03   2.3229780e-04  -1.4194139e-03
  -6.9505929e-02   2.2554806e-01   2.0658434e-01  -4.4909480e-03   1.1631411e-04  -1.2777542e-03
  -6.7916036e-02   2.2259463e-01   1.6637638e-01  -4.4591670e-03   6.5605809e-05  -1.3569248e-03
  -6.8796281e-02   2.3622562e-01   1.7291288e-01  -4.4575973e-03   1.3289149e-04  -1.5179185e-03
  -6.4998913e-02   2.2703371e-01   2.4462001e-01  -4.3191984e-03  -1.5307047e-04  -1.2941861e-03
  -1.6832006e-01   8.6002344e-02   5.8734567e-01  -4.5646847e-03  -1.7180990e-04  -1.9910674e-03
  -2.0602791e-01   1.5692679e-01   7.0368178e-01  -4.6586298e-03  -2.0257920e-05  -2.5331316e-03
  -1.0564789e-01   2.8766497e-01   5.9409848e-01  -5.9374931e-03  -1.1057992e-03  -2.1071881e-03
  -4.5219862e-02   3.4728369e-01   4.4643772e-01  -5.7047232e-03  -1.7521759e-03  -1.3209464e-03
  -5.3948874e-02   2.8730423e-01   3.8851627e-01  -6.0291184e-03  -1.3021224e-03  -1.3169182e-03
  -6.9885712e-02   2.6997089e-01   4.1609690e-01  -5.4201394e-03  -1.5725937e-03  -1.5347842e-03
  -7.5509192e-02   3.0341554e-01   4.3571016e-01  -5.4486266e-03  -1.5698729e-03  -1.5259236e-03
   9.5803322e-03   2.7734011e-01  -3.8163494e-02  -5.2983033e-03  -4.3261463e-04  -3.1839450e-04
  -7.2469325e-02   2.7871341e-01   2.2674785e-01  -7.4028612e-03  -1.3977709e-03  -1.5253397e-03
  -8.6087519e-02   1.7881650e-01   2.7308117e-01  -8.1344177e-03  -1.6416484e-03  -1.7452578e-03
  -8.6117537e-02   3.1512540e-01   3.8864631e-01  -7.2502929e-03  -1.7427120e-03  -1.6065165e-03
  -9.1991978e-02   3.0963098e-01   3.9661403e-01  -6.9530503e-03  -1.8030884e-03  -1.4118223e-03
  -1.0342597e-01   2.9764823e-01   4.2149260e-01  -6.5869712e-03  -1.9823386e-03  -1.6526360e-03
  -8.4788256e-02   2.7623931e-01   3.6065510e-01  -7.1823173e-03  -1.9621642e-03  -1.5246524e-03
  -8.7162884e-02   2.1392215e-01  -2.2882467e-02  -6.4030561e-03  -6.6745563e-04  -8.0219860e-04
  -9.3720639e-02   2.5014048e-01   3.0505634e-01  -8.5960981e-03  -1.9508159e-03  -1.7264823e-03
  -1.0152828e-01   2.4310785e-01   2.8307707e-01  -7.8808703e-03  -2.1430709e-03  -2.0385279e-03
  -1.0901737e-01   2.4712211e-01   3.1573933e-01  -8.2872351e-03  -1.9913532e-03  -1.9816621e-03
  -1.1473960e-01   2.3928937e-01   3.2976472e-01  -7.5779194e-03  -2.2278557e-03  -2.1623904e-03
  -1.2275425e-01   2.2672878e-01   3.4414772e-01  -7.7070332e-03  -2.1656581e-03  -1.9668900e-03
  -1.1640506e-01   2.4887128e-01   3.3334943e-01  -6.7135790e-03  -2.4371866e-03  -1.9142115e-03
  -1.2164240e-01   3.1003789e-01   3.4893234e-01  -7.1874309e-03  -2.0022368e-03  -1.8664011e-03
  -1.2087562e-01   3.5484959e-01   3.7357129e-01  -6.9695709e-03  -2.0105849e-03  -1.9850087e-03
  -1.3540280e-01   2.5829581e-01   3.2318934e-01  -7.5764138e-03  -2.0624763e-03  -2.1767729e-03
  -1.3050044e-01   2.5404659e-01   2.6429295e-01  -7.1443531e-03  -2.3457478e-03  -2.2093261e-03
  -1.1590678e-01   2.5153651e-01   2.9007356e-01  -7.1643180e-03  -2.4168862e-03  -1.9377084e-03
  -1.3414365e-01   2.5073903e-01   3.1924622e-01  -7.3513910e-03  -2.5578017e-03  -2.0004425e-03
  -1.1982335e-01   2.4572347e-01   2.7278594e-01  -7.1921069e-03  -2.7126214e-03  -1.8079497e-03
  -1.2354415e-01   3.1390859e-01   3.0091400e-01  -7.9808833e-03  -2.6136331e-03  -2.1247503e-03
  -1.2481260e-01   2.8397210e-01   2.8649493e-01  -6.7798775e-03  -2.5583257e-03  -2.1253601e-03
  -1.1601223e-01   2.3924595e-01   2.8627348e-01  -7.1270357e-03  -2.2381457e-03  -1.8359927e-03
  -1.1287303e-01   3.1741500e-01   3.5058586e-01  -6.9447069e-03  -2.4478740e-03  -1.8515871e-03
  -1.3053575e-01   3.4393704e-01   3.4847154e-01  -7.5317363e-03  -2.4161146e-03  -2.2216451e-03
  -1.4224759e-01   2.8757029e-01   2.9703943e-01  -7.0898454e-03  -2.3377685e-03  -2.3378552e-03
  -6.8362167e-02   2.8429841e-01  -4.0476272e-02  -7.1939247e-03  -1.6532693e-03  -1.3637570e-03
  -1.1982377e-01   2.5383905e-01   2.3834292e-01  -8.0007493e-03  -2.5661162e-03  -1.9820945e-03
  -1.3263237e-01   2.0655865e-01   1.9286540e-01  -8.0508336e-03  -2.8111866e-03  -2.2553131e-03
  -1.2493069e-01   3.0051673e-01   2.5073646e-01  -8.9800915e-03  -2.9476092e-03  -2.1638715e-03
  -1.3106225e-01   2.7012300e-01   2.1822117e-01  -8.5705368e-03  -2.9505469e-03  -2.3964683e-03
  -1.2935428e-01   2.5748674e-01   2.6190176e-01  -8.9063651e-03  -2.9609247e-03  -2.2960596e-03
  -1.3654175e-01   3.1062132e-01   2.7184263e-01  -8.4033779e-03  -3.0044560e-03  -2.4677422e-03
  -1.3393228e-01   3.3631747e-01   2.7840666e-01  -8.5678018e-03  -2.7808625e-03  -2.4342191e-03
  -1.3667624e-01   3.4936472e-01   2.9578086e-01  -8.7065616e-03  -2.8405024e-03  -2.3891457e-03
  -1.3849005e-01   3.0340656e-01   2.5688463e-01  -8.5814749e-03  -2.9414416e-03  -2.4519371e-03
  -1.4793299e-01   3.2558175e-01   2.8927890e-01  -8.4921967e-03  -2.9722177e-03  -2.6159350e-03
  -1.3826349e-01   3.0753068e-01   3.0725345e-01  -8.4644848e-03  -3.2243923e-03  -2.5644466e-03
  -1.3369542e-01   2.9249120e-01   3.1506627e-01  -8.9998022e-03  -3.1080343e-03  -2.4191612e-03
  -1.3136853e-01   2.9755567e-01   2.7696558e-01  -8.0143561e-03  -3.1632342e-03  -2.3619688e-03
  -1.3028091e-01   2.5699774e-01   2.5124043e-01  -8.0514131e-03  -2.9857765e-03  -2.2549317e-03
  -1.4408312e-01   2.8792070e-01   2.5355129e-01  -8.2097444e-03  -2.9397625e-03  -2.7237750e-03
  -1.4596869e-01   3.3022149e-01   3.5979844e-01  -8.6128909e-03  -3.2312772e-03  -2.5927549e-03
  -1.4785230e-01   2.1765389e-01   2.6193889e-01  -8.6323580e-03  -3.3045657e-03  -2.7828513e-03
  -1.4526840e-01   2.9926844e-01   3.1019154e-01  -8.3319961e-03  -3.4620556e-03  -2.8978288e-03
  -1.4501577e-01   2.8899093e-01   3.0807542e-01  -8.6068446e-03  -3.3876256e-03  -2.9184617e-03
  -1.5128956e-01   3.0344724e-01   3.7068093e-01  -8.3861172e-03  -3.3651717e-03  -2.9326333e-03
  -1.7208168e-01   2.9461110e-01   3.3599227e-01  -8.7111220e-03  -3.2824542e-03  -3.1591583e-03
  -1.4645844e-01   2.9682106e-01   3.3781601e-01  -8.3845145e-03  -3.8245674e-03  -2.4528237e-03
  -1.5577458e-01   2.7081087e-01   2.1326211e-01  -7.8434380e-03  -3.1881312e-03  -2.4754334e-03
  -1.6883858e-01   3.1022538e-01   2.7820428e-01  -8.8761330e-03  -3.6136067e-03  -2.9456936e-03
  -1.8070483e-01   3.6291847e-01   2.7415119e-01  -8.3317845e-03  -3.5922192e-03  -2.9645906e-03
  -1.7392356e-01   2.6842638e-01   1.7312789e-01  -8.5876808e-03  -3.3613567e-03  -2.9165711e-03
  -1.7781047e-01   3.0988719e-01   2.3070243e-01  -8.2717888e-03  -3.4626201e-03  -3.0696876e-03
  -1.9118318e-01   3.2972281e-01   2.4143854e-01  -8.1726936e-03  -3.5351132e-03  -3.2054949e-03
  -1.9532286e-01   3.1265213e-01   3.0475680e-01  -8.3634474e-03  -3.6707432e-03  -3.3517177e-03
  -2.0441914e-01   3.1866646e-01   2.3392303e-01  -8.4511670e-03  -3.6770368e-03  -3.6077366e-03
  -1.8745677e-01   3.7945599e-01   2.7292410e-01  -8.1770782e-03  -3.7914821e-03  -3.4532203e-03
  -2.1444941e-01   3.1285225e-01   2.2044510e-01  -8.4583691e-03  -3.3426007e-03  -4.0155881e-03
  -1.7406709e-01   3.9972092e-01  -2.0165587e-01  -8.1735936e-03  -2.3981887e-03  -3.9164711e-03
  -1.3511949e-01   1.1918828e-01  -1.8260845e-01  -4.9302421e-03  -2.8167277e-03  -2.3795651e-03
  -1.5837172e-01   1.1298930e-01   1.2253878e-02  -6.3249065e-03  -3.5070436e-03  -2.9938163e-03
  -1.6046948e-01   2.5664093e-01   1.6927589e-01  -7.3024749e-03  -3.6937903e-03  -2.7788666e-03
  -1.7017750e-01   2.7673517e-01   1.4380372e-01  -6.6933743e-03  -3.8968169e-03  -3.0373308e-03
  -1.9777847e-01   2.4162963e-01   1.5463825e-01  -7.2923649e-03  -3.9350866e-03  -3.4820465e-03
  -2.0459723e-01   3.1652159e-01   2.3253644e-01  -7.0410745e-03  -3.9424944e-03  -3.6794863e-03
  -1.9440796e-01   3.0760370e-01   1.5092564e-01  -7.1669535e-03  -3.7073816e-03  -3.5134424e-03
  -1.9744414e-01   3.2416717e-01   1.9564622e-01  -7.2722355e-03  -3.7750167e-03  -3.6059423e-03
  -1.9189849e-01   3.0121342e-01   1.6157635e-01  -7.3855032e-03  -3.9516880e-03  -3.5553032e-03
  -2.0067006e-01   3.3591529e-01   2.2925481e-01  -7.9067157e-03  -3.7724667e-03  -3.7515521e-03
  -2.0409437e-01   3.0457340e-01   2.0470370e-01  -7.0863376e-03  -3.9529382e-03  -3.7434956e-03
  -1.9809233e-01   3.1192577e-01   2.0765776e-01  -7.4666070e-03  -4.1039960e-03  -3.5351820e-03
  -1.9286539e-01   3.4068978e-01   1.9260290e-01  -7.0176140e-03  -3.9454714e-03  -3.7137883e-03
  -1.9736888e-01   3.2889081e-01   1.9572550e-01  -7.3186771e-03  -4.0461275e-03  -3.6797622e-03
  -1.8617127e-01   3.0634093e-01   2.2865989e-01  -7.4598683e-03  -4.3648433e-03  -3.3577052e-03
  -2.1059987e-01   2.9343716e-01   2.1852431e-01  -7.4012509e-03  -4.3095344e-03  -3.6849917e-03
  -2.0529324e-01   3.1495981e-01   2.3615424e-01  -6.9162606e-03  -4.2173680e-03  -3.7137775e-03
  -2.1180609e-01   3.4641142e-01   2.6397310e-01  -6.9628308e-03  -4.2606101e-03  -3.8504282e-03
  -2.1484530e-01   3.4249933e-01   2.7064106e-01  -7.5995567e-03  -4.1364903e-03  -4.0207167e-03
  -2.1409587e-01   3.3365866e-01   2.4549681e-01  -7.0629510e-03  -4.4003554e-03  -3.9720656e-03
  -2.0931588e-01   3.3441892e-01   2.2963638e-01  -7.4662096e-03  -4.1723381e-03  -3.9275871e-03
  -2.0122916e-01   3.2945253e-01   2.3540507e-01  -7.2075503e-03  -4.5225745e-03  -3.6399505e-03
  -2.0987791e-01   2.6628675e-01   2.4337276e-01  -7.9914109e-03  -4.4498824e-03  -3.6305136e-03
  -2.1347697e-01   2.2784213e-01   1.4992048e-01  -6.6913449e-03  -4.5500844e-03  -3.5895870e-03
  -2.1655351e-01   3.3237044e-01   2.5037663e-01  -7.2861976e-03  -4.5888740e-03  -3.8315713e-03
  -2.2890464e-01   2.8440237e-01   2.3643035e-01  -7.2109757e-03  -4.6640681e-03  -3.9451971e-03
  -2.4078520e-01   3.2372744e-01   3.1399477e-01  -7.5431334e-03  -4.7059825e-03  -4.0877024e-03
  -2.3710270e-01   2.6503057e-01   2.3466832e-01  -7.0871556e-03  -4.8096576e-03  -4.0852644e-03
  -2.2192330e-01   2.9156489e-01   2.8266954e-01  -7.8171633e-03  -4.8426625e-03  -3.7331236e-03
  -2.1464820e-01   3.1271849e-01   2.4302688e-01  -7.4604426e-03  -4.7732743e-03  -3.5546191e-03
  -2.1458553e-01   3.1468237e-01   2.4533663e-01  -6.9855357e-03  -4.7457748e-03  -3.7540707e-03
  -2.2919447e-01   3.6507468e-01   2.6426344e-01  -7.5725272e-03  -4.5581275e-03  -3.8841796e-03
  -2.1311048e-01   3.4559504e-01   2.5145954e-01  -7.4879558e-03  -4.8590324e-03  -3.7081905e-03
  -2.2298347e-01   3.0554007e-01   2.5329683e-01  -8.1558768e-03  -4.7166978e-03  -3.8188912e-03
  -2.2574548e-01   2.5773269e-01   2.1362712e-01  -7.5547324e-03  -4.8445357e-03  -3.8867342e-03
  -2.2139171e-01   2.9108911e-01   2.7519948e-01  -7.8140383e-03  -4.9490216e-03  -3.6391860e-03
  -2.1137588e-01   2.9275112e-01   1.3612710e-01  -7.4025468e-03  -4.5539179e-03  -3.7238967e-03
  -1.8325883e-01   2.8468817e-01   3.5622711e-02  -7.0890983e-03  -4.8600956e-03  -2.9380150e-03
  -1.9954900e-01   2.2145596e-01   2.1407481e-01  -8.3285190e-03  -4.8398201e-03  -3.4217526e-03
  -2.1880315e-01   3.1623223e-01   2.5042971e-01  -8.1059339e-03  -5.0269465e-03  -3.7868989e-03
  -2.2741669e-01   3.0485003e-01   3.2212878e-01  -7.8758734e-03  -5.3195774e-03  -3.9437283e-03
  -2.1972820e-01   3.4271500e-01   2.1009323e-01  -8.5180776e-03  -4.8049844e-03  -3.9788421e-03
  -2.2175754e-01   3.7604575e-01   2.8035168e-01  -8.1637619e-03  -5.2771099e-03  -3.9813827e-03
  -2.3222740e-01   2.9738699e-01   2.1654079e-01  -8.6806159e-03  -4.9662714e-03  -4.2319298e-03
  -2.3712604e-01   3.1888791e-01   2.6031219e-01  -8.0642390e-03  -5.4044111e-03  -4.3067070e-03
  -2.4567960e-01   3.2334791e-01   2.7096944e-01  -8.6764910e-03  -4.9900609e-03  -4.5262890e-03
  -2.5011352e-01   2.7750266e-01   2.4411996e-01  -8.5941039e-03  -5.0354235e-03  -4.3890388e-03
  -2.4053834e-01   3.2213379e-01   2.8197133e-01  -8.3845945e-03  -5.2100946e-03  -4.3273133e-03
  -2.5073859e-01   3.4539508e-01   2.9309205e-01  -8.6950752e-03  -5.1071894e-03  -4.5269932e-03
  -2.2965190e-01   3.0367835e-01   2.9032727e-01  -8.1994681e-03  -5.3287618e-03  -4.0913967e-03
  -2.3818036e-01   3.5775534e-01   2.6844549e-01  -8.3845884e-03  -5.0721350e-03  -4.3509986e-03
  -2.2264077e-01   3.8486236e-01   2.8658174e-01  -7.8280728e-03  -5.2732097e-03  -4.0320705e-03
  -2.3950979e-01   3.4422910e-01   2.4141440e-01  -8.5900580e-03  -4.9064074e-03  -4.3683682e-03
  -2.5179239e-01   4.0350210e-01   2.7145340e-01  -8.0665640e-03  -4.9877263e-03  -4.4789865e-03
  -2.4402493e-01   3.4070516e-01   2.5312060e-01  -8.6790205e-03  -4.9447174e-03  -4.2303362e-03
  -2.3012586e-01   3.2564238e-01   2.3156880e-01  -8.5643956e-03  -5.0630985e-03  -4.1970124e-03
  -2.0615291e-01   3.4473862e-01   2.6258087e-01  -8.8698460e-03  -5.3186940e-03  -3.8622297e-03
  -2.3317889e-01   3.5182138e-01   2.0916415e-01  -8.9358532e-03  -5.2617930e-03  -4.2583726e-03
  -2.2754688e-01   3.7690535e-01   2.7021396e-01  -8.0501355e-03  -5.3183443e-03  -4.2006732e-03
  -2.4608218e-01   3.6693726e-01   2.7288117e-01  -8.5023235e-03  -5.1912902e-03  -4.4817427e-03
  -2.5678231e-01   3.4053695e-01   2.9326685e-01  -8.0614622e-03  -5.2656405e-03  -4.5289150e-03
  -2.4784511e-01   3.5975377e-01   9.5113934e-02  -8.0819740e-03  -4.8239460e-03  -4.6629627e-03
  -2.3577565e-01   3.4245760e-01   1.9481840e-01  -8.6283142e-03  -5.3686844e-03  -4.3921845e-03
  -2.4457502e-01   3.5059735e-01   2.6370145e-01  -8.7548779e-03  -5.3148506e-03  -4.4525788e-03
  -2.5111519e-01   3.3330808e-01   2.6646007e-01  -8.5006098e-03  -5.6586166e-03  -4.7125689e-03
  -2.4786466e-01   3.4655397e-01   2.8299647e-01  -8.9884683e-03  -5.3947399e-03  -4.5818418e-03
  -2.5011669e-01   3.5994161e-01   2.7115607e-01  -8.7781728e-03  -5.4093019e-03  -4.5649633e-03
  -2.2182968e-01   3.4361565e-01   2.7869671e-01  -8.9165853e-03  -5.4391854e-03  -4.2846818e-03
  -2.2940868e-01   3.5307968e-01   2.8238911e-01  -8.8375662e-03  -5.4751957e-03  -4.2703464e-03
  -2.2016241e-01   3.3668781e-01   2.3862761e-01  -8.6062387e-03  -5.5175896e-03  -4.0718339e-03
  -2.2242939e-01   3.8421008e-01   2.4412109e-01  -8.5076362e-03  -5.2983054e-03  -4.2249370e-03
  -2.2261573e-01   4.2013507e-01   3.0927013e-01  -8.3013958e-03  -5.2874948e-03  -4.1637231e-03
  -2.3755043e-01   2.9431365e-01   2.4000337e-01  -8.4709899e-03  -5.4995026e-03  -4.3240781e-03
  -2.2708128e-01   3.5352563e-01   2.5790169e-01  -8.5290485e-03  -5.5242686e-03  -4.1885616e-03
  -2.4523586e-01   3.8099644e-01   2.6717594e-01  -8.9240892e-03  -5.5590674e-03  -4.4935038e-03
  -2.4613329e-01   3.0571029e-01   2.6188364e-01  -8.5978553e-03  -5.6409129e-03  -4.4426848e-03
  -2.2917959e-01   3.4131058e-01   2.2013490e-01  -8.8239933e-03  -5.3178691e-03  -4.2911843e-03
  -2.1615090e-01   3.8116975e-01   2.1342274e-01  -8.0860221e-03  -5.3422659e-03  -4.1546679e-03
  -2.2405741e-01   3.9349023e-01   8.8301877e-02  -9.1924873e-03  -4.7097764e-03  -4.5265686e-03
  -1.9988866e-01   3.2819824e-01   8.3482525e-02  -8.3095555e-03  -4.6532817e-03  -3.7574201e-03
  -1.9934752e-01   2.2599265e-01   1.1163302e-01  -8.3857079e-03  -5.2306078e-03  -3.8002084e-03
  -2.1193609e-01   2.9792721e-01   2.2501048e-01  -8.1739745e-03  -5.2948905e-03  -4.0782931e-03
  -2.2711670e-01   3.6001367e-01   2.5539322e-01  -8.5168160e-03  -5.1975210e-03  -4.1938598e-03
  -2.2768091e-01   3.5964912e-01   1.2651161e-01  -8.4507635e-03  -4.9554761e-03  -4.4200303e-03
  -1.9191591e-01   3.7163191e-01  -5.2077208e-02  -7.2923548e-03  -4.7765450e-03  -4.3102243e-03
  -2.1921794e-01   4.0284566e-01   5.6806521e-02  -1.0006574e-02  -4.1755776e-03  -4.7330692e-03
  -2.2998201e-01   3.3173536e-01   5.8271622e-02  -8.8335236e-03  -4.4145211e-03  -4.7172239e-03
  -2.2048823e-01   3.0203147e-01   1.1330693e-01  -8.8218611e-03  -4.6457574e-03  -4.6112336e-03
  -2.2480449e-01   3.5859053e-01   1.4645235e-01  -8.5500205e-03  -4.5754076e-03  -4.5447249e-03
  -2.2935553e-01   4.2017964e-01   2.2373320e-01  -8.8552242e-03  -4.4202763e-03  -4.7912410e-03
  -2.3292324e-01   3.1415107e-01   1.6939737e-01  -8.5254347e-03  -4.7254144e-03  -4.8239413e-03
  -2.2515083e-01   3.5673349e-01   1.9971891e-01  -9.1843509e-03  -4.5519803e-03  -4.5841786e-03
  -2.2129013e-01   3.8484473e-01   1.9989873e-01  -8.9248874e-03  -4.7317720e-03  -4.4425957e-03
  -1.9013683e-01   3.9904812e-01   1.4342140e-01  -9.0533639e-03  -4.5643502e-03  -4.0040025e-03
  -2.2813737e-01   4.0528746e-01   1.6150146e-01  -8.6252788e-03  -4.5196561e-03  -4.5633938e-03
  -2.3863264e-01   3.8161512e-01   2.0983812e-01  -8.7510877e-03  -4.8062721e-03  -4.6962335e-03
  -2.5159001e-01   3.9522037e-01   1.8206280e-01  -8.6675824e-03  -4.5041202e-03  -4.8919526e-03
  -2.4319246e-01   4.4353105e-01   1.6432943e-01  -8.7497664e-03  -4.4924606e-03  -4.8457403e-03
  -2.5342973e-01   3.9898792e-01   2.1959261e-01  -8.8820386e-03  -4.8796286e-03  -4.8600016e-03
  -2.5709403e-01   3.7770456e-01   1.9515365e-01  -8.9990272e-03  -4.6868721e-03  -4.8731853e-03
  -2.4689427e-01   3.2315038e-01   1.6509472e-01  -8.6781669e-03  -4.8366937e-03  -4.7697805e-03
  -2.5552772e-01   3.9079540e-01   1.8166056e-01  -8.7488933e-03  -4.8644737e-03  -4.9719756e-03
  -2.0694694e-01   3.5725943e-01  -1.4592104e-01  -7.2136835e-03  -4.1908622e-03  -3.9139594e-03
  -2.2324989e-01   2.4552613e-01   9.5942183e-02  -8.8936733e-03  -4.7128659e-03  -4.4589641e-03
  -2.4337017e-01   3.0406461e-01   1.6082787e-01  -8.6780687e-03  -4.8744000e-03  -4.7799015e-03
  -2.4192345e-01   3.6734149e-01   1.6043306e-01  -8.9929339e-03  -4.9368431e-03  -4.7361501e-03
  -2.3508779e-01   3.8321015e-01   2.0350035e-01  -8.8453027e-03  -5.0492257e-03  -4.5580980e-03
