   0.0000000e+00   0.0000000e+00   0.0000000e+00   0.0000000e+00   0.0000000e+00   0.0000000e+00
   1.2365656e-02  -2.2896260e-03  -1.2595114e-01   8.0108905e-04  -1.6290479e-04   3.8455599e-04
   2.9739673e-03  -3.5774265e-02  -4.4011350e-02   3.9913490e-04   2.3234162e-04   2.1588935e-04
   6.3732740e-03  -8.1282682e-03  -1.3651738e-01   6.2390237e-04   1.3981595e-04   3.4494782e-04
  -1.3820371e-02  -4.8390292e-02  -1.1272937e-01   7.9392552e-04   5.7354647e-04   2.7777046e-04
  -9.7801783e-03   3.0092705e-02  -1.2677436e-01   4.3013954e-04   5.9494836e-04   3.3356744e-04
   8.9865736e-03  -5.2135655e-02  -1.5484237e-01   1.6456893e-03   4.6753000e-04   6.0551453e-04
   9.1909782e-03   5.5896651e-02  -1.0353653e-01   8.9434413e-04   5.8851285e-04   3.4724779e-04
   2.4113445e-02  -1.1193602e-01  -1.9078447e-01   1.8044193e-03   4.7765275e-04   5.7453002e-04
   2.4171387e-02  -3.7698903e-02  -1.0360130e-01   1.4791579e-03   5.1534266e-04   3.1286936e-04
   6.5708043e-02  -4.6712567e-02  -1.4072309e-01   1.6832327e-03   2.0659168e-05   7.0628782e-04
   6.5860614e-02  -1.0307027e-01  -1.2565125e-01   1.9431752e-03   1.2974823e-04   6.1713760e-04
   8.4692623e-02   4.8865119e-05  -1.2501431e-01   1.6544219e-03  -7.2780669e-05   6.0843291e-04
   8.6413153e-02  -1.7055198e-01  -1.1917089e-01   2.5598721e-03   1.6548175e-04   7.6226698e-04
   9.8762218e-02  -2.6068921e-02  -8.7746081e-02   1.6691696e-03  -6.1171372e-06   5.7205929e-04
   1.0876196e-01  -1.5851111e-01  -1.7587040e-01   2.9825795e-03  -5.2196660e-05   1.2278259e-03
   8.0665590e-02  -1.0679410e-01  -1.0031331e-01   2.0071958e-03   3.3261720e-04   8.3233448e-04
   9.1237982e-02  -1.6529928e-01  -1.4960515e-01   3.2088836e-03   1.9706140e-04   1.1080636e-03
   9.3164920e-02  -1.5513314e-01  -1.0239956e-01   2.6464544e-03   1.4758356e-04   7.2294783e-04
   1.2997227e-01  -1.3259935e-01  -1.2888956e-01   3.0891365e-03  -1.7042790e-04   1.0278901e-03
   1.3614957e-01  -2.1286982e-01  -1.1439397e-01   3.3732137e-03  -2.7762757e-04   1.0138915e-03
   1.5649066e-01  -1.3518856e-01  -8.5529177e-02   2.8287954e-03  -1.0072651e-04   1.1242058e-03
   1.4328282e-01  -1.6778700e-01  -1.1096787e-01   3.3096119e-03   4.2295967e-05   1.1897844e-03
   1.4433859e-01  -4.4145595e-02  -5.7496369e-02   2.5194387e-03   2.3748731e-05   8.7401689e-04
   1.6948289e-01  -1.2874308e-01  -1.0423428e-01   3.4928168e-03   1.3799762e-04   1.5517722e-03
   1.5414275e-01  -1.0983540e-01  -6.8172189e-02   2.7171039e-03   2.0506836e-04   1.0419654e-03
   1.8648675e-01  -1.3818153e-01  -1.1883285e-01   3.5773499e-03  -4.2941491e-05   1.4053331e-03
   1.8320195e-01  -2.3485795e-01  -1.0984567e-01   4.0528476e-03   1.5129964e-04   1.1240598e-03
   1.4977784e-01  -1.8085513e-01  -1.1882559e-01   4.5121626e-03   5.1239565e-04   4.8751866e-04
   1.3195379e-01  -2.3483771e-01  -1.4266229e-01   4.2438597e-03   9.4908594e-04   7.9089670e-04
   1.4975029e-01  -7.4286578e-02  -1.9317240e-01   4.7220461e-03   1.0236176e-03   1.0311781e-03
   1.6522043e-01  -2.5601995e-01  -1.5075758e-01   4.4587522e-03   6.0374725e-04   5.2822845e-04
   9.6592748e-02  -2.2618052e-01  -2.2252890e-01   4.4553972e-03   1.1489442e-03   5.5359801e-04
   8.8780405e-02  -2.5869686e-01  -1.5224629e-01   4.4089159e-03   1.1550572e-03   1.1784377e-04
   1.2086697e-01  -1.6857651e-01  -1.6468285e-01   4.3457574e-03   1.0440148e-03   5.5462120e-04
   1.2769209e-01  -3.2565576e-01  -1.3649825e-01   5.0796938e-03   1.1381920e-03   8.4561268e-04
   1.3160650e-01  -9.2463024e-02  -1.3647039e-01   4.0274223e-03   9.9571700e-04   6.1298573e-04
   1.2865542e-01  -2.2438567e-01  -1.5011754e-01   4.9123953e-03   1.0867090e-03   9.3310609e-04
   1.1019677e-01  -1.3974433e-01  -1.0487250e-01   4.0087979e-03   1.2062894e-03   4.7516725e-04
   1.1513022e-01  -2.6843212e-01  -1.6841973e-01   5.4629950e-03   1.1475004e-03   4.1867477e-04
   1.0728247e-01  -2.4350575e-01  -9.6680202e-02   4.6634094e-03   1.2291913e-03   2.8250802e-04
   1.4679354e-01  -2.4419558e-01  -1.4900595e-01   5.1783049e-03   9.0205835e-04   5.6300356e-04
   1.0632071e-01  -2.6498438e-01  -1.0970503e-01   5.0710574e-03   1.2478543e-03   1.6499387e-04
   1.1472238e-01  -1.6383561e-01  -1.5049037e-01   4.4732171e-03   1.2217816e-03   4.5992458e-04
   2.1199886e-01  -1.7353811e-01  -1.3462374e-01   3.5994883e-03   5.3249043e-04   1.4188631e-03
   1.7909039e-01  -1.3527734e-01  -1.8028456e-01   3.4357565e-03   7.1999460e-04   1.2325105e-03
   1.6830598e-01  -2.8738422e-02  -4.5352548e-02   2.4299305e-03   5.3561953e-04   4.6393279e-04
   1.3200209e-01  -4.2342179e-01   2.8732473e-01   3.2757059e-03   1.0923815e-03  -4.4063098e-04
   1.7097148e-01  -1.5016762e-02   1.8074264e-01   2.4284844e-03   1.1325657e-03   6.6367867e-04
   2.3183365e-01  -1.3356421e-02   1.2763676e-01   2.8516070e-03   9.4389336e-04   1.4410401e-03
   2.8070192e-01  -1.7079298e-01   2.1105126e-01   2.2632239e-03   7.0104473e-04   1.5462605e-03
   3.0302049e-01  -1.3493022e-01   1.7369376e-01   2.6887598e-03   4.4451895e-04   1.8358581e-03
   2.9624605e-01  -8.6464468e-02   2.2759527e-01   1.9695047e-03   5.6827665e-04   1.6807210e-03
   3.3855792e-01  -1.3935478e-01   1.8248612e-01   2.1397736e-03   3.1045742e-04   2.0472197e-03
   3.6219997e-01  -1.1856926e-02   2.2073810e-01   2.0698228e-03   3.9158471e-04   2.4237445e-03
   3.3891246e-01  -1.1032623e-01   2.1191377e-01   1.7302418e-03   6.4011804e-04   2.0946889e-03
   3.6326504e-01  -1.1519222e-01   1.6942303e-01   2.2280119e-03   3.4150464e-04   2.3829959e-03
   3.3068403e-01  -9.3129825e-02   2.1332988e-01   1.6871111e-03   4.8006909e-04   1.8824933e-03
   3.7140282e-01  -6.0833036e-02   1.3396590e-01   2.1100310e-03  -7.6220288e-05   2.1684987e-03
   3.3981787e-01  -1.7880991e-01   1.7133322e-01   2.4097295e-03   8.0161522e-05   2.0669283e-03
   3.4161930e-01  -1.9984773e-01  -1.4046840e-02   3.0524613e-03   1.8380108e-04   2.4413413e-03
   3.7299476e-01  -1.6842196e-01   7.3681877e-02   2.1717339e-03   2.3606774e-05   2.1650448e-03
   3.7700837e-01  -9.3806815e-02   9.8088673e-02   2.2553489e-03   2.4572152e-04   2.5205175e-03
   3.7488665e-01  -1.4717618e-01   4.6776499e-02   2.9080769e-03   7.9972227e-05   2.1530787e-03
   3.3468153e-01  -4.8904662e-02  -1.4530683e-02   2.3173930e-03   6.6490231e-04   2.2954359e-03
   3.7193976e-01  -2.2581877e-01   3.5073275e-02   2.7534719e-03   1.8596895e-04   1.9973211e-03
   3.5036539e-01  -1.4264813e-01  -7.8786291e-03   3.8359062e-03   5.6819967e-04   2.5387018e-03
   3.5770142e-01  -9.8046007e-02   1.9044509e-02   3.1948508e-03   4.8848086e-04   2.5129276e-03
   4.0953539e-01  -2.9327076e-01   5.0038649e-02   3.9111412e-03  -2.9544977e-04   2.1466882e-03
   4.0082788e-01  -1.9814540e-01   8.1545976e-02   3.7575814e-03  -8.8455674e-05   2.4818050e-03
   3.9815683e-01  -2.2444917e-01   1.1314077e-01   3.1016330e-03  -1.0680271e-04   2.2872333e-03
   4.0416730e-01  -1.5260931e-01   5.3719595e-02   4.1408178e-03  -1.2559170e-04   2.5518724e-03
   3.7095211e-01  -1.8059384e-01   1.2097723e-01   3.4324690e-03   2.1414051e-04   2.2140886e-03
   4.1510639e-01  -2.0509819e-01   5.5666304e-02   4.3460985e-03  -4.0270239e-04   2.4424274e-03
   4.0000354e-01  -2.5779605e-01   1.4066707e-01   3.5559030e-03  -1.6265239e-04   2.1959783e-03
   4.0952153e-01  -2.3742251e-01   6.6267842e-02   3.8877843e-03  -2.7929039e-04   2.3954028e-03
   4.0937508e-01  -1.8250294e-01   1.2951950e-01   3.5691155e-03  -1.5716619e-04   2.3855074e-03
   4.1319707e-01  -2.4500763e-01   7.2950972e-02   3.7620332e-03  -1.4259456e-04   2.6041656e-03
   4.1088074e-01  -1.7896743e-01   1.1954403e-01   3.4404376e-03   1.2765244e-06   2.5092173e-03
   4.0323835e-01  -2.3693504e-01   7.6706124e-02   3.8890611e-03   4.3578457e-06   2.4174674e-03
   3.9979979e-01  -2.5386123e-01   9.7026997e-02   3.8134145e-03  -2.3677181e-05   2.2229202e-03
   3.7885077e-01  -1.9702389e-01   4.6480625e-02   4.1580464e-03   1.6279825e-04   2.3951451e-03
   4.0320297e-01  -2.3308491e-01   7.9524192e-02   3.9163799e-03  -2.5038941e-04   2.0421564e-03
   3.8202707e-01  -2.2285912e-01   5.7715288e-02   4.4018781e-03   1.2426255e-04   2.2937995e-03
   4.1106188e-01  -2.0423259e-01   1.1225303e-01   3.7351043e-03  -3.3016500e-04   1.9123176e-03
   3.8459151e-01  -2.4791447e-01   5.4529571e-02   4.5121366e-03  -8.0550931e-05   2.0397914e-03
   3.5972119e-01  -1.6639471e-01   1.1046970e-01   3.2939312e-03   1.5643598e-04   1.6712693e-03
   3.7060519e-01  -2.5649198e-01   5.8436944e-02   4.5916543e-03  -1.1717142e-05   2.0120322e-03
   3.5315965e-01  -2.0966827e-01   1.2693452e-01   3.4409186e-03   2.5296774e-04   1.8514029e-03
   3.6758657e-01  -2.0196801e-01   4.6680505e-02   4.2811544e-03  -5.3105303e-05   1.8075947e-03
   3.4010184e-01  -2.4345692e-01   1.0679426e-01   3.8377848e-03   3.1132247e-04   1.6373521e-03
   3.6605414e-01  -1.9020289e-01   8.8006359e-02   3.6505320e-03   7.8070680e-05   1.9832779e-03
   3.8543663e-01  -2.7210199e-01   1.4491667e-01   4.1090634e-03   7.0497595e-05   2.2401771e-03
   3.9306259e-01  -1.5794277e-01   1.4724757e-01   3.4474090e-03   8.3532494e-05   2.2920991e-03
   3.5343380e-01  -2.1980499e-01   1.9693417e-03   4.0752695e-03   3.1769662e-04   2.2533122e-03
   3.1536528e-01  -9.9730103e-02   6.6203269e-02   3.1116426e-03   6.8580636e-04   1.8165215e-03
   3.1037306e-01  -2.6017353e-01  -6.1859866e-02   4.0237642e-03   4.3888325e-04   1.6332013e-03
   2.0915477e-01  -3.6681246e-02  -1.4438240e-02   2.6271739e-03   1.3193677e-03   8.0577502e-04
   2.3975910e-01  -1.1895139e-01  -2.2717138e-02   2.7951656e-03   1.0402216e-03   1.0054832e-03
   2.6464642e-01  -2.0984341e-01   3.7758697e-02   3.6150965e-03   7.2969927e-04   1.1134909e-03
   2.6415650e-01  -1.5629727e-01   3.4036521e-02   3.0192312e-03   7.1685186e-04   1.2633292e-03
   2.8044821e-01  -2.5423743e-01   6.8543458e-02   3.5491701e-03   4.0587504e-04   9.9661496e-04
   2.7636410e-01  -1.2217358e-01   9.8433185e-02   2.8483956e-03   5.0292028e-04   1.1444475e-03
   3.0520928e-01  -1.9542654e-01   8.3975163e-02   3.4192870e-03   3.1043214e-04   1.3836297e-03
   3.2054549e-01  -1.0736007e-01   1.2152110e-01   3.1060322e-03   2.0236647e-04   1.2691284e-03
   3.1164420e-01  -2.3703892e-01   6.2820788e-02   3.7859058e-03   3.8992066e-04   1.5649426e-03
   3.1689512e-01  -8.3806147e-02   1.4076397e-01   2.8428619e-03   3.8865061e-04   1.4068318e-03
   3.1851523e-01  -2.4130014e-01   7.2227160e-02   3.8577657e-03   4.3722794e-04   1.7223091e-03
   2.9920174e-01  -1.8105883e-01   1.1186587e-01   3.1524674e-03   5.3057072e-04   1.2321281e-03
   3.1280087e-01  -1.4490851e-01   9.1251173e-02   3.6780329e-03   4.8029744e-04   1.4108916e-03
   3.2258707e-01  -2.7251705e-01   9.5470048e-02   3.9704996e-03   4.2593429e-04   1.5835581e-03
   3.1723080e-01  -7.7931451e-02   1.0640401e-01   2.9181764e-03   2.7291455e-04   1.3573467e-03
   3.0643353e-01  -2.4699700e-01   5.9556400e-02   3.8775866e-03   4.4457622e-04   1.4986710e-03
   2.9518319e-01  -9.4981968e-02   1.3170510e-01   2.7359551e-03   6.1121002e-04   1.3016447e-03
   3.1196379e-01  -2.2479497e-01   7.6331976e-02   3.7016831e-03   4.1583591e-04   1.5188220e-03
   3.1259458e-01  -1.2873208e-01   1.4747527e-01   3.0999251e-03   3.0382702e-04   1.2260610e-03
   3.2970313e-01  -2.0995222e-01   7.5505527e-02   3.4693019e-03   6.2728386e-05   1.2769788e-03
   3.1967952e-01  -2.0005468e-01   1.3438565e-01   3.1683876e-03   2.9743864e-04   1.3675099e-03
   3.3627395e-01  -1.8312666e-01   1.0463040e-01   3.1407873e-03   1.2863989e-04   1.5320006e-03
   3.3999319e-01  -2.4038951e-01   1.3438229e-01   3.4464205e-03  -7.5526059e-07   1.3690900e-03
   3.3251208e-01  -1.9164646e-01   1.0953258e-01   3.1703062e-03  -4.1562480e-05   1.3613326e-03
   3.2694395e-01  -1.8233107e-01   1.0339055e-01   3.1655782e-03  -2.6572875e-04   8.7560737e-04
   2.9474512e-01  -1.4168836e-01   1.2191210e-01   3.0557886e-03   3.2399460e-04   1.1530322e-03
   3.1040485e-01  -2.4408343e-01   5.6343222e-02   3.5209293e-03   2.1189380e-05   1.1291168e-03
   3.1022223e-01  -1.4790775e-01   1.4106480e-01   2.9481307e-03   1.0876220e-04   1.1005652e-03
   3.1210147e-01  -2.6362777e-01   8.3003742e-02   3.6633693e-03   1.0767938e-04   1.3045076e-03
   3.0759975e-01  -1.6524762e-01   1.2552791e-01   3.0813909e-03   3.4661233e-05   9.9863037e-04
   2.9356696e-01  -2.7038384e-01   6.5566921e-02   4.0955935e-03   2.9220797e-05   1.0979989e-03
   2.7833190e-01  -1.9839623e-01   1.0699228e-01   2.9437101e-03   1.2942887e-04   8.8216869e-04
   6.6843228e-02  -1.0600253e-01  -3.2702235e-01   2.5376092e-03   1.5313928e-03   9.5164295e-05
   2.4080756e-02  -1.4910881e-01  -2.2029961e-01   2.1927473e-03   1.8527083e-03  -8.1883903e-04
  -1.5310911e-01  -8.1760948e-02  -4.8114261e-01   1.4545269e-03   3.2329536e-03  -1.7007659e-03
  -2.0758128e-01  -1.6405874e-01  -3.5666275e-01   1.5658616e-03   3.8766105e-03  -1.9189998e-03
  -1.1110581e-01  -1.5454426e-01  -2.3645646e-01   1.9887669e-03   3.5534933e-03  -9.3380153e-04
  -6.7361514e-02  -1.7255337e-01  -3.3208423e-01   2.5895359e-03   3.4091041e-03  -4.7965851e-04
  -1.0091965e-01  -8.4598731e-02  -3.1266805e-01   1.9768156e-03   3.6033003e-03  -8.2893675e-04
  -7.7956404e-02  -2.0905793e-01  -3.1181435e-01   2.2895145e-03   3.3348634e-03  -7.4715173e-04
  -1.4697792e-01  -2.7614746e-01  -2.2822528e-02   6.5696651e-04   3.4504498e-03  -2.2843339e-03
  -3.5258660e-01  -2.7681536e-01  -7.7316223e-02  -1.0640314e-03   5.2162972e-03  -4.2103161e-03
  -8.1331172e-01   1.1823466e-02   4.2666784e-02   3.2773909e-03   1.3997594e-02   3.9466697e-04
  -8.2955160e-01  -2.1217914e-01   1.8516664e-02   3.4365412e-03   1.3209209e-02  -7.8614425e-04
  -7.5316597e-01  -2.3476781e-01  -2.1707355e-04   3.1819903e-03   1.2192463e-02  -5.0630787e-04
  -6.9587767e-01  -2.6072364e-01   1.4801035e-02   3.2012006e-03   1.0977576e-02  -1.2746250e-03
  -7.3819127e-01  -1.3833503e-01  -1.2076651e-01   1.8576076e-03   1.1014614e-02  -1.9353173e-03
  -6.9600609e-01  -1.2817989e-01  -6.2002863e-02   2.2132823e-03   1.0948587e-02  -1.3679422e-03
  -6.8862509e-01  -2.4974191e-01  -7.2747969e-02   2.0740238e-03   1.0896557e-02  -1.2559921e-03
  -6.7408379e-01  -1.9466300e-01  -8.2633045e-03   1.1338933e-03   1.0742411e-02  -1.4704200e-03
  -6.5141799e-01  -1.9388399e-01  -6.7207889e-02   1.6441606e-03   1.0267450e-02  -1.4326625e-03
  -6.6137326e-01  -1.2539859e-01  -5.2609966e-02   1.6293546e-03   1.0392753e-02  -1.4482504e-03
  -6.6096357e-01  -2.3910902e-01  -3.3167082e-02   9.7286777e-04   1.0211709e-02  -1.7903593e-03
  -6.8634832e-01  -1.3922014e-01  -9.9696450e-02   2.0123000e-03   1.0733600e-02  -1.4161062e-03
  -7.1721931e-01  -1.4540729e-01  -4.9444023e-02   9.3163833e-04   1.1202325e-02  -1.7918855e-03
  -6.9620582e-01  -2.1931631e-01  -1.3932594e-01   2.2860339e-03   1.0894522e-02  -1.6512633e-03
  -6.9016988e-01  -8.3358239e-02  -3.6157775e-02   1.2631868e-03   1.0825479e-02  -1.7678894e-03
  -6.6991100e-01  -2.7331127e-01  -1.1071329e-01   2.1436308e-03   1.0549001e-02  -1.8002206e-03
  -6.9610309e-01  -8.7851341e-02  -6.0830439e-02   1.4599358e-03   1.1025983e-02  -1.5765452e-03
  -6.8466059e-01  -2.7340645e-01  -1.0968200e-01   2.0999042e-03   1.0827923e-02  -1.6645162e-03
  -6.8301401e-01  -1.4235935e-01  -7.3584573e-02   1.5399046e-03   1.0813094e-02  -1.6951166e-03
  -6.8964227e-01  -2.6664617e-01  -1.1982057e-01   2.2516208e-03   1.0933655e-02  -1.7605203e-03
  -6.8956638e-01  -1.0041454e-01  -9.4039287e-02   1.7377457e-03   1.0877026e-02  -1.7613669e-03
  -6.8062509e-01  -2.7626358e-01  -1.0450359e-01   2.1480708e-03   1.0772376e-02  -1.7966648e-03
  -6.6832911e-01  -1.3999606e-01  -1.0086756e-01   1.7151617e-03   1.0447551e-02  -1.8416485e-03
  -6.9726550e-01  -2.2758969e-01  -1.0923431e-01   2.0178540e-03   1.0811816e-02  -1.8525039e-03
  -6.9850518e-01  -1.5529490e-01  -1.2908763e-01   1.4199058e-03   1.0744147e-02  -1.8841673e-03
  -6.8195267e-01  -2.6244641e-01  -1.2265833e-01   2.0070957e-03   1.0611937e-02  -1.7809612e-03
  -7.0320461e-01  -1.5986879e-01  -1.0113369e-01   1.5179928e-03   1.0828251e-02  -1.9330656e-03
  -8.2424596e-01  -2.2181051e-01  -3.6730418e-01   2.1295624e-03   1.1255022e-02  -2.9027351e-03
  -1.6590653e+00   1.4957579e-01  -9.1200185e-01  -2.3475563e-03   1.8777572e-02  -7.6449752e-03
  -1.4332256e+00  -2.0093743e-01  -6.9847774e-01  -1.2039674e-03   1.7250839e-02  -6.1675857e-03
  -1.3498966e+00  -6.1106630e-03  -5.8039504e-01  -1.8062459e-03   1.6835350e-02  -5.3441483e-03
  -1.3299758e+00  -1.1755886e-01  -7.0813430e-01  -1.4148480e-03   1.6714791e-02  -4.8181702e-03
  -1.3175076e+00  -1.1557953e-02  -5.8736390e-01  -1.9432198e-03   1.6756781e-02  -4.6810993e-03
  -1.3108741e+00  -1.4868820e-01  -7.1111081e-01  -1.1544623e-03   1.6524199e-02  -4.6635074e-03
  -1.3123544e+00  -7.9064289e-02  -6.1199633e-01  -1.8072024e-03   1.6538879e-02  -4.8241756e-03
  -1.3397831e+00  -9.9670771e-02  -7.5862159e-01  -1.4791610e-03   1.6565391e-02  -4.8730687e-03
  -1.3117871e+00  -3.9994706e-02  -6.5482503e-01  -1.5568020e-03   1.6331246e-02  -4.7920724e-03
  -1.7823318e+00  -2.0014292e-02  -1.1543865e+00  -2.3745768e-03   2.0090725e-02  -8.1967193e-03
  -1.6454627e+00  -2.9782481e-02  -8.4660409e-01  -2.2527689e-03   1.9545686e-02  -7.3058879e-03
  -1.6457099e+00  -1.4187033e-01  -9.1912807e-01  -2.1720906e-03   1.9519039e-02  -7.4087593e-03
  -1.5719696e+00  -1.2845468e-01  -7.7436615e-01  -2.1213218e-03   1.8981413e-02  -6.7999448e-03
  -1.5943266e+00  -7.4313587e-02  -8.7643368e-01  -1.8768558e-03   1.9042965e-02  -6.9484572e-03
  -1.5429240e+00  -1.3804262e-01  -7.6136199e-01  -2.0921009e-03   1.8664033e-02  -6.5801917e-03
  -1.5573343e+00  -1.1620234e-01  -8.3935713e-01  -2.2851638e-03   1.8822941e-02  -6.5106268e-03
  -1.5267781e+00  -1.7783417e-01  -7.8965626e-01  -2.0580709e-03   1.8451712e-02  -6.2766950e-03
  -1.5525581e+00  -6.5456334e-02  -8.1326993e-01  -2.4344912e-03   1.8764587e-02  -6.4659045e-03
  -1.5140323e+00  -1.4918971e-01  -8.3642759e-01  -1.7184831e-03   1.8274415e-02  -6.1724943e-03
  -1.5369720e+00  -1.5221229e-02  -8.2287470e-01  -2.4889396e-03   1.8186387e-02  -6.8573894e-03
  -1.7131287e+00  -2.0852188e-01  -1.0351130e+00  -1.5379204e-03   1.9555506e-02  -7.6763321e-03
  -1.7079587e+00  -1.3215401e-01  -8.6187400e-01  -1.9876112e-03   1.9681681e-02  -7.9304343e-03
  -1.7904227e+00  -2.6585585e-01  -9.7299777e-01  -2.2131372e-04   2.0962662e-02  -7.0661995e-03
  -1.7098774e+00  -1.8333223e-01  -8.5457689e-01  -1.4809902e-03   2.0034173e-02  -7.1674848e-03
  -1.7521455e+00  -2.1033679e-01  -9.5281208e-01  -1.2724345e-03   2.0394459e-02  -7.4618247e-03
  -1.7502088e+00  -2.3967824e-01  -9.4638530e-01  -1.2303265e-03   2.0296977e-02  -7.4809911e-03
  -1.8480825e+00  -1.2895618e-01  -1.0955578e+00  -1.9424228e-04   2.1750307e-02  -6.8739596e-03
  -1.8005518e+00  -1.1838482e-01  -1.0423091e+00  -9.9841895e-04   2.1354350e-02  -6.8607331e-03
  -1.7627739e+00  -2.7165474e-01  -9.7507066e-01  -4.1102393e-04   2.0965440e-02  -6.7692725e-03
  -1.7670785e+00  -2.0007276e-01  -1.0043181e+00  -4.5086895e-04   2.0895205e-02  -6.8576907e-03
  -1.7813526e+00  -2.8075943e-01  -9.8029063e-01   2.7901860e-06   2.1202705e-02  -6.7885449e-03
  -1.7667134e+00  -1.5783010e-01  -9.6690183e-01  -2.7493109e-04   2.0862923e-02  -6.8963528e-03
  -1.7754451e+00  -2.6724337e-01  -1.0007496e+00   4.6948272e-04   2.0989707e-02  -6.7469865e-03
  -1.7735440e+00  -1.3415880e-01  -9.7155829e-01  -1.3374026e-04   2.0992498e-02  -6.8651284e-03
  -2.1935962e+00  -3.7920233e-01  -1.2854347e+00   1.7865170e-03   2.4616199e-02  -1.0596865e-02
  -2.2425989e+00  -2.8033510e-01  -1.3061004e+00   1.9617515e-03   2.5796428e-02  -1.0294722e-02
  -2.2027758e+00  -3.7196385e-01  -1.2037143e+00   1.5432449e-03   2.5567248e-02  -1.0208918e-02
  -2.1841803e+00  -4.7037234e-01  -1.1775189e+00   2.2747972e-03   2.5317081e-02  -9.9721660e-03
  -2.1809999e+00  -2.7314132e-01  -1.1519208e+00   1.3338158e-03   2.5352574e-02  -9.9455342e-03
  -2.1726962e+00  -4.2924523e-01  -1.1621329e+00   1.6199649e-03   2.5276493e-02  -9.9060378e-03
  -2.1298551e+00  -1.3556505e-01  -1.1567093e+00  -1.1719686e-03   2.5117820e-02  -8.8540199e-03
  -2.1906605e+00  -3.1077251e-01  -1.2402700e+00  -2.0328567e-04   2.5562324e-02  -9.5127172e-03
  -2.1467332e+00  -2.8463544e-01  -1.1239501e+00  -8.5239035e-04   2.5115261e-02  -9.5917227e-03
  -2.1786065e+00  -2.6612944e-01  -1.2246940e+00   1.1192447e-04   2.5448728e-02  -9.5964925e-03
  -2.1368494e+00  -3.1634670e-01  -1.0784000e+00  -3.9749465e-04   2.5108575e-02  -9.4456611e-03
  -2.2017503e+00  -2.7195278e-01  -1.2904511e+00  -1.4202548e-04   2.5659556e-02  -9.7862423e-03
  -2.1741886e+00  -3.8612239e-01  -1.1772682e+00  -1.1516909e-04   2.5431109e-02  -9.5746832e-03
  -2.1329143e+00  -2.8271363e-01  -1.1808105e+00  -2.0625516e-04   2.4953809e-02  -9.2968789e-03
  -2.1113395e+00  -3.9247230e-01  -1.1199393e+00   2.7685367e-04   2.4708034e-02  -9.1752897e-03
  -2.1313339e+00  -2.8512072e-01  -1.1618173e+00   1.0035011e-04   2.4845089e-02  -9.0858017e-03
  -2.1174238e+00  -3.5863008e-01  -1.0872993e+00   1.9304914e-04   2.4678228e-02  -9.1337130e-03
  -2.1323652e+00  -2.6874327e-01  -1.1744924e+00   2.9981741e-04   2.4744801e-02  -9.1478463e-03
  -2.1178709e+00  -3.7503613e-01  -1.0491675e+00  -1.4148214e-05   2.4718973e-02  -9.1417549e-03
  -2.1334036e+00  -3.1228993e-01  -1.1510240e+00   5.7826607e-04   2.4670662e-02  -9.2733146e-03
  -2.3145806e+00  -3.7710107e-01  -1.2315634e+00   3.3431350e-05   2.6584335e-02  -1.0238493e-02
  -2.2968984e+00  -3.8780831e-01  -1.3344441e+00   7.3873629e-04   2.6235059e-02  -1.0315588e-02
  -2.5095150e+00  -4.0342120e-01  -1.7521647e+00   1.5845021e-03   2.8440641e-02  -1.1841812e-02
  -2.4636883e+00  -3.8909995e-01  -1.6221480e+00   2.3467875e-03   2.8210675e-02  -1.1705043e-02
  -2.4145663e+00  -5.9544890e-01  -1.4195485e+00   3.1049959e-03   2.7907667e-02  -1.1059325e-02
  -2.4251865e+00  -4.8183759e-01  -1.4943013e+00   3.4452538e-03   2.8020160e-02  -1.0895146e-02
  -2.3832346e+00  -5.5858172e-01  -1.3210129e+00   2.9475936e-03   2.7636418e-02  -1.0628589e-02
  -2.4047011e+00  -4.7185662e-01  -1.4305172e+00   3.4566873e-03   2.7801271e-02  -1.0617901e-02
  -2.3873525e+00  -4.9661524e-01  -1.3464414e+00   3.1542948e-03   2.7749274e-02  -1.0572515e-02
  -2.3916167e+00  -6.1085919e-01  -1.4229112e+00   4.2580945e-03   2.7677087e-02  -1.0528416e-02
  -2.3876613e+00  -4.6986490e-01  -1.3608512e+00   3.6265381e-03   2.7582053e-02  -1.0601113e-02
  -2.3813576e+00  -5.9244634e-01  -1.3827654e+00   4.1962553e-03   2.7460594e-02  -1.0655937e-02
  -2.3891897e+00  -4.9381263e-01  -1.4086520e+00   4.3458283e-03   2.7496160e-02  -1.0532527e-02
  -2.3980041e+00  -6.4414378e-01  -1.3315938e+00   4.0171093e-03   2.7765347e-02  -1.0394146e-02
  -2.4250704e+00  -5.0159238e-01  -1.4160987e+00   4.3287025e-03   2.7950293e-02  -1.0481732e-02
  -2.3943385e+00  -5.4643712e-01  -1.3483440e+00   4.0564305e-03   2.7828044e-02  -1.0262098e-02
  -2.4125892e+00  -5.7574248e-01  -1.4492302e+00   4.6300881e-03   2.7965549e-02  -1.0328494e-02
  -2.3848696e+00  -5.4840881e-01  -1.3487636e+00   3.9961494e-03   2.7857623e-02  -1.0126664e-02
  -2.4104075e+00  -6.4189433e-01  -1.4520406e+00   4.6005694e-03   2.8039221e-02  -1.0309617e-02
  -2.3814650e+00  -5.1497245e-01  -1.3573709e+00   3.8238560e-03   2.7669452e-02  -1.0268350e-02
  -2.3995598e+00  -5.8220106e-01  -1.4104854e+00   4.5714014e-03   2.7871394e-02  -1.0041447e-02
  -2.3732962e+00  -5.2612189e-01  -1.3850117e+00   4.1278982e-03   2.7630033e-02  -9.9426965e-03
  -2.3775621e+00  -6.1622223e-01  -1.3929966e+00   4.7347138e-03   2.7705695e-02  -9.8967248e-03
  -2.3556425e+00  -5.2044417e-01  -1.4087523e+00   4.3780455e-03   2.7491976e-02  -9.8345260e-03
  -2.3693565e+00  -6.5705155e-01  -1.3730363e+00   4.4812298e-03   2.7715618e-02  -9.7963268e-03
  -2.3622164e+00  -5.3567554e-01  -1.4102890e+00   4.5338877e-03   2.7513393e-02  -9.8637839e-03
  -2.3819264e+00  -6.4229995e-01  -1.3870766e+00   4.7606967e-03   2.7739315e-02  -9.8748884e-03
  -2.3743574e+00  -6.3105027e-01  -1.4362276e+00   5.3191764e-03   2.7567124e-02  -9.8016980e-03
  -2.3704631e+00  -6.1328406e-01  -1.3801003e+00   4.6733873e-03   2.7510159e-02  -9.7588773e-03
  -2.3747180e+00  -6.0850776e-01  -1.4977171e+00   5.2105659e-03   2.7453124e-02  -9.8827559e-03
  -2.3458627e+00  -6.2466513e-01  -1.3822589e+00   4.4296499e-03   2.7293985e-02  -9.7392199e-03
  -2.3659090e+00  -6.9441527e-01  -1.4526974e+00   5.3672838e-03   2.7458571e-02  -9.7459361e-03
  -2.3835751e+00  -5.5226105e-01  -1.3822359e+00   4.0308481e-03   2.7359297e-02  -1.0242038e-02
  -2.3714662e+00  -6.4750752e-01  -1.4547700e+00   5.1353936e-03   2.7226702e-02  -9.9277188e-03
  -2.3527675e+00  -6.2534593e-01  -1.4073851e+00   4.4398709e-03   2.7006207e-02  -1.0082426e-02
  -2.3835660e+00  -6.0374089e-01  -1.4896000e+00   4.8394655e-03   2.7228081e-02  -1.0386105e-02
  -2.3619436e+00  -6.0467183e-01  -1.4569527e+00   4.6142181e-03   2.7055646e-02  -1.0267066e-02
  -2.3754364e+00  -5.7697073e-01  -1.4919991e+00   4.8787578e-03   2.7214977e-02  -1.0166871e-02
  -2.3806610e+00  -6.6881571e-01  -1.4221346e+00   4.6989373e-03   2.7427198e-02  -9.9778535e-03
  -2.3716324e+00  -6.2296075e-01  -1.4679477e+00   5.3524041e-03   2.7314807e-02  -9.8324260e-03
  -2.3494040e+00  -6.8259629e-01  -1.3977002e+00   4.7813830e-03   2.7123029e-02  -9.7841018e-03
  -2.3404229e+00  -6.5037979e-01  -1.4642667e+00   4.8211996e-03   2.6932595e-02  -9.8561218e-03
  -2.3523578e+00  -7.2104575e-01  -1.4245930e+00   5.5306365e-03   2.7133111e-02  -9.8388398e-03
  -2.3322678e+00  -5.9455933e-01  -1.4550217e+00   4.7726449e-03   2.6890744e-02  -9.7108427e-03
  -2.3674516e+00  -7.6546974e-01  -1.4913443e+00   5.8992326e-03   2.7322439e-02  -9.7766650e-03
  -2.3584926e+00  -6.0018827e-01  -1.4789442e+00   5.2593935e-03   2.7212292e-02  -9.6835890e-03
  -2.3506592e+00  -6.9732213e-01  -1.4486093e+00   5.6846018e-03   2.7188287e-02  -9.5430728e-03
  -2.3601551e+00  -6.1259268e-01  -1.4735301e+00   5.3549960e-03   2.7210616e-02  -9.5804656e-03
  -2.3608970e+00  -6.7432518e-01  -1.4127029e+00   5.3368085e-03   2.7132845e-02  -9.6655561e-03
  -2.3684407e+00  -6.1862709e-01  -1.4565068e+00   4.6109086e-03   2.7094297e-02  -9.7581694e-03
  -2.6063903e+00  -6.1657022e-01  -1.5918415e+00   3.9353959e-03   2.9177994e-02  -1.1765374e-02
  -2.4721070e+00  -5.0083738e-01  -1.6197321e+00   4.8224413e-03   2.7987325e-02  -1.0788255e-02
  -2.4097337e+00  -6.0099897e-01  -1.5594471e+00   4.7892808e-03   2.7254269e-02  -1.0797494e-02
  -2.5356681e+00  -7.7496861e-01  -1.5990778e+00   5.8042694e-03   2.8592525e-02  -1.1172112e-02
  -2.4544587e+00  -4.9833555e-01  -1.5590946e+00   5.2183578e-03   2.7779102e-02  -1.0659664e-02
  -2.4476511e+00  -6.8295330e-01  -1.5236700e+00   4.7766733e-03   2.7955994e-02  -1.0283402e-02
  -2.4293516e+00  -4.9051919e-01  -1.6255998e+00   4.6048648e-03   2.7505289e-02  -1.0603282e-02
  -2.4328395e+00  -6.5794627e-01  -1.5216768e+00   3.9633822e-03   2.7746870e-02  -1.0379837e-02
  -2.4034547e+00  -6.4704438e-01  -1.6254056e+00   5.0209421e-03   2.7423158e-02  -1.0155570e-02
  -2.3773093e+00  -5.2943421e-01  -1.5680597e+00   4.4649441e-03   2.7127776e-02  -1.0159749e-02
  -2.3916987e+00  -6.5774201e-01  -1.5908833e+00   4.9313896e-03   2.7345510e-02  -1.0069426e-02
  -2.3648733e+00  -5.6262011e-01  -1.5870253e+00   4.6857195e-03   2.6996300e-02  -1.0020380e-02
  -2.3703953e+00  -6.5042692e-01  -1.5879920e+00   4.4600604e-03   2.7090460e-02  -9.9386378e-03
  -2.3441549e+00  -5.5003972e-01  -1.5718889e+00   4.2563251e-03   2.6840039e-02  -1.0006432e-02
  -2.3714023e+00  -6.8667370e-01  -1.5749198e+00   4.9571686e-03   2.7174580e-02  -1.0018237e-02
  -2.3700181e+00  -5.5971577e-01  -1.5849773e+00   4.6274384e-03   2.7195338e-02  -9.9878698e-03
  -2.3640565e+00  -7.5778994e-01  -1.5609014e+00   5.2615395e-03   2.7202020e-02  -9.8744742e-03
  -2.3499485e+00  -6.0027691e-01  -1.5922326e+00   5.8611753e-03   2.6983439e-02  -9.6573535e-03
  -2.3408046e+00  -6.4705418e-01  -1.5255337e+00   4.8924181e-03   2.6836949e-02  -9.8506762e-03
  -2.3459058e+00  -6.9431758e-01  -1.5850720e+00   5.5820366e-03   2.6826832e-02  -9.8109294e-03
  -2.4729537e+00  -6.0415195e-01  -1.6397700e+00   3.5604767e-03   2.8100443e-02  -1.1134385e-02
  -2.6435021e+00  -6.1418034e-01  -1.7067993e+00   2.9914475e-03   2.9823856e-02  -1.2944977e-02
  -2.5626552e+00  -4.9445176e-01  -1.6505146e+00   3.2478118e-03   2.8900617e-02  -1.2692577e-02
  -2.5252699e+00  -6.1206614e-01  -1.6228338e+00   3.4816040e-03   2.8504223e-02  -1.2369023e-02
  -2.4816144e+00  -5.2429656e-01  -1.6441235e+00   3.2480566e-03   2.8021187e-02  -1.2049400e-02
  -2.4778149e+00  -6.6312543e-01  -1.6451369e+00   3.7654968e-03   2.7966175e-02  -1.1933627e-02
  -2.4910959e+00  -4.6972569e-01  -1.6477733e+00   2.7307319e-03   2.7972065e-02  -1.2262351e-02
  -2.5023766e+00  -6.5117313e-01  -1.6654549e+00   3.6494236e-03   2.7714903e-02  -1.2658403e-02
  -2.5053279e+00  -5.0528201e-01  -1.6678815e+00   3.2167088e-03   2.8026499e-02  -1.2509729e-02
  -2.4872503e+00  -6.4555011e-01  -1.6219285e+00   3.6841179e-03   2.7906347e-02  -1.2386780e-02
  -2.4968644e+00  -5.2586761e-01  -1.6662537e+00   3.1384363e-03   2.7848554e-02  -1.2718873e-02
  -2.4910036e+00  -6.5707747e-01  -1.6745469e+00   3.7303981e-03   2.7880589e-02  -1.2504420e-02
  -2.4764303e+00  -4.5560170e-01  -1.6575391e+00   3.1646285e-03   2.7696773e-02  -1.2366870e-02
  -2.4996518e+00  -6.2747431e-01  -1.6407304e+00   3.6510495e-03   2.8027793e-02  -1.2352837e-02
  -2.4895848e+00  -4.3668671e-01  -1.6228866e+00   2.9223980e-03   2.7788255e-02  -1.2496185e-02
  -2.5387461e+00  -6.5331096e-01  -1.8154437e+00   3.7705543e-03   2.8297260e-02  -1.3097859e-02
  -2.6879839e+00  -3.3358383e-01  -2.0963000e+00   1.1447639e-03   2.9796808e-02  -1.4476518e-02
  -2.6466694e+00  -4.2588671e-01  -2.0522835e+00   2.5081536e-03   2.9432547e-02  -1.4378408e-02
  -2.6002684e+00  -5.5941201e-01  -1.8744257e+00   2.6104527e-03   2.8924819e-02  -1.4056733e-02
  -2.5908898e+00  -6.8270898e-01  -1.9533843e+00   3.5865217e-03   2.8721918e-02  -1.3963275e-02
  -2.5916509e+00  -5.9800416e-01  -1.8257853e+00   2.8730758e-03   2.8774175e-02  -1.3863978e-02
  -2.5929796e+00  -5.4393586e-01  -1.9098279e+00   2.9966704e-03   2.8647420e-02  -1.3896915e-02
  -2.5975412e+00  -5.2906405e-01  -1.8320958e+00   2.7614298e-03   2.8771680e-02  -1.3993967e-02
  -2.5919987e+00  -5.2035067e-01  -1.9173506e+00   3.3928237e-03   2.8521315e-02  -1.4127467e-02
  -2.5848544e+00  -5.6550396e-01  -1.8278231e+00   2.9622628e-03   2.8578309e-02  -1.4127454e-02
  -2.5914027e+00  -5.8003022e-01  -1.9216390e+00   3.5167839e-03   2.8543874e-02  -1.4050629e-02
  -2.5673854e+00  -5.9761867e-01  -1.8019677e+00   2.9998815e-03   2.8330179e-02  -1.4010751e-02
  -2.7459066e+00  -5.2223258e-01  -2.1411175e+00   2.3119915e-03   2.9997748e-02  -1.4773005e-02
  -2.9398149e+00  -5.4049602e-01  -2.1826033e+00   2.2779464e-03   3.1872052e-02  -1.5541317e-02
  -2.8552403e+00  -4.6301071e-01  -2.1077129e+00   2.1117497e-03   3.1081358e-02  -1.5548627e-02
  -2.8230551e+00  -5.8682893e-01  -2.0279754e+00   3.0175687e-03   3.0962196e-02  -1.5047065e-02
  -2.8012540e+00  -4.3956926e-01  -2.0436318e+00   2.2422235e-03   3.0712365e-02  -1.4954850e-02
  -2.7844446e+00  -6.6713092e-01  -2.0043789e+00   3.3747582e-03   3.0606883e-02  -1.4759737e-02
  -2.7661186e+00  -4.7487461e-01  -2.0079791e+00   2.5438468e-03   3.0454478e-02  -1.4544951e-02
  -2.7745537e+00  -6.2231103e-01  -1.9842071e+00   3.1225753e-03   3.0563490e-02  -1.4636260e-02
  -2.7350681e+00  -4.8741349e-01  -2.0280732e+00   2.6914154e-03   3.0051364e-02  -1.4603322e-02
  -2.7559760e+00  -6.6729783e-01  -1.9660370e+00   2.9936600e-03   3.0164301e-02  -1.4790092e-02
  -2.7579669e+00  -5.4140828e-01  -2.0250388e+00   2.8314023e-03   3.0196970e-02  -1.4703934e-02
  -2.7959724e+00  -6.3968328e-01  -1.9961154e+00   3.1436790e-03   3.0614621e-02  -1.4791583e-02
  -2.7583116e+00  -5.2456222e-01  -2.0458696e+00   3.4312673e-03   3.0106951e-02  -1.4651541e-02
  -2.7521424e+00  -6.3877554e-01  -1.9644510e+00   3.1090768e-03   3.0008052e-02  -1.4807830e-02
  -2.7522431e+00  -6.5489421e-01  -2.0443441e+00   3.7437297e-03   2.9978493e-02  -1.4647614e-02
  -2.7278283e+00  -5.8765654e-01  -1.9646913e+00   2.7902435e-03   2.9701878e-02  -1.4741035e-02
  -2.7236230e+00  -6.3408907e-01  -2.0234979e+00   3.4326073e-03   2.9541022e-02  -1.4634137e-02
  -2.7259260e+00  -5.2519097e-01  -1.9460293e+00   2.7295732e-03   2.9677617e-02  -1.4710865e-02
  -2.7231519e+00  -6.3636644e-01  -1.9868720e+00   3.4530600e-03   2.9636546e-02  -1.4635540e-02
  -2.6996648e+00  -5.5198679e-01  -1.9611390e+00   3.1448735e-03   2.9199859e-02  -1.4614645e-02
  -2.8958657e+00  -5.9887876e-01  -2.1041064e+00   2.8925853e-03   3.1229979e-02  -1.5825831e-02
  -2.8698447e+00  -4.3843060e-01  -2.0146164e+00   2.2933387e-03   3.1042898e-02  -1.5682988e-02
  -2.8225367e+00  -6.5324126e-01  -2.0114694e+00   3.5733837e-03   3.0574294e-02  -1.5213309e-02
