   0.0000000e+00   0.0000000e+00   0.0000000e+00   0.0000000e+00   0.0000000e+00   0.0000000e+00
   2.6283401e-02   1.0145674e-01  -5.5127381e-04  -7.5378687e-04   8.5403869e-06  -2.1265758e-05
   4.7669907e-02   4.7628402e-02  -8.1791785e-02  -4.2444439e-04  -3.0967221e-04  -1.8104454e-04
   1.5953428e-02   1.0871051e-01   9.3061122e-05  -1.9653984e-03   2.7440124e-04   1.0234511e-04
   4.5256544e-02   1.2404825e-01  -2.6080672e-02  -1.1774060e-03   1.2551755e-05  -2.1991232e-04
   2.5623666e-02   1.2626813e-01  -1.1154651e-01  -7.1884477e-04   2.6292759e-04  -3.0075489e-04
   3.1558918e-02   1.5227226e-01  -2.4800729e-02  -1.7770233e-03   7.6264246e-05  -2.0597249e-04
   3.6592170e-03   7.3583327e-02  -4.9955072e-02  -2.1921421e-03   6.0068614e-04  -3.4137931e-04
   3.7776024e-02   1.3169749e-01  -1.0641347e-01  -1.9130052e-03   3.4976549e-04  -1.2402576e-04
   1.3100348e-02   1.1950825e-01   7.2729772e-02  -2.7831529e-03   8.9953962e-04  -3.3429897e-04
   8.5267819e-02  -4.2692436e-02   3.4349856e-02  -2.0726653e-03   7.5144921e-05  -3.5166424e-04
   7.0063445e-02   1.2997540e-01  -6.4558050e-02  -2.8578186e-03   2.7088994e-04  -5.7500087e-04
   6.8354435e-02   3.0877933e-01   1.0557168e-01  -3.7191949e-03  -5.3269720e-04  -1.7204747e-03
   1.3611727e-01   1.2128193e-01   1.0129389e-01  -3.0363523e-03  -1.1792087e-03  -2.3263637e-03
   1.5354009e-01   1.6727457e-01   4.2695306e-02  -4.0213341e-03  -9.2384553e-04  -2.0589276e-03
   1.3577053e-01   1.4303361e-01   8.6651160e-03  -3.8088704e-03  -6.2555107e-04  -2.2704967e-03
   8.6679530e-02   2.1301489e-01   1.4369139e-01  -3.0765301e-03   5.7452338e-04  -2.2452570e-03
   1.5377880e-01   1.4415185e-01  -3.4173412e-02  -1.8502195e-03  -1.0819261e-03  -2.6977250e-03
   1.3158064e-01   1.8638410e-01  -2.0827512e-02  -1.3711629e-03  -1.3603785e-03  -3.1095441e-03
   2.1349830e-01   2.0235524e-01   5.8266880e-02  -1.7143117e-03  -3.3969310e-03  -2.9199419e-03
   2.0385393e-01   1.8079160e-01  -6.0577555e-02  -1.4779239e-03  -2.8267174e-03  -3.0670028e-03
   2.0362512e-01   2.6621973e-01  -5.3543873e-02  -2.6296128e-03  -3.5982481e-03  -2.6991191e-03
   2.0284705e-01   1.6293710e-01   3.5760087e-02  -2.2259951e-03  -4.1349067e-03  -3.1703987e-03
   1.8371279e-01   2.2163929e-01  -1.7234072e-01  -2.6783419e-03  -3.7989369e-03  -3.2860807e-03
   1.8875923e-01   2.2102531e-01  -2.2195751e-01  -2.6893437e-03  -4.2528186e-03  -3.2874230e-03
   2.0831896e-01   3.0065360e-01  -1.7515532e-01  -3.3534655e-03  -4.6154271e-03  -3.3900003e-03
   1.9212388e-01   2.7651687e-01  -3.5655987e-01  -3.8053621e-03  -4.5069594e-03  -3.4901680e-03
   2.1724374e-01   2.9803165e-01  -3.2529574e-01  -3.7561514e-03  -4.7952431e-03  -3.6709953e-03
   2.1638615e-01   3.7765358e-01  -2.5079058e-01  -4.5918858e-03  -4.5350460e-03  -3.6648599e-03
   1.9701367e-01   3.5410580e-01  -4.0626840e-01  -4.6832873e-03  -4.2781046e-03  -4.0957756e-03
   1.8741446e-01   4.1841995e-01  -3.3369225e-01  -5.9934186e-03  -4.6809518e-03  -4.4102811e-03
   1.9220732e-01   4.0959233e-01  -2.3469596e-01  -6.4022334e-03  -4.5048736e-03  -4.8149583e-03
   1.8960862e-01   3.7623629e-01  -3.7266455e-01  -5.9882901e-03  -3.8681076e-03  -5.3300980e-03
   2.0834361e-01   3.4399629e-01  -2.1678202e-01  -6.6375243e-03  -4.5115133e-03  -5.7505440e-03
   1.6989942e-01   4.1590353e-01  -2.6423758e-01  -6.9504253e-03  -4.0540043e-03  -5.9006205e-03
   2.1941597e-01   3.6999526e-01  -2.2890088e-01  -6.9628435e-03  -4.5670937e-03  -5.9105309e-03
   1.9568224e-01   4.2348143e-01  -3.5356638e-01  -6.2423681e-03  -3.6480532e-03  -5.9642391e-03
   1.7972327e-01   5.1523273e-01  -2.1459728e-01  -6.7284960e-03  -3.7782322e-03  -5.6808878e-03
   2.0552558e-01   3.9402811e-01  -1.4723021e-01  -5.8152567e-03  -4.0211687e-03  -6.3226768e-03
   2.1963982e-01   3.3169130e-01  -2.2868502e-01  -6.1691149e-03  -4.0274217e-03  -6.3551800e-03
   2.2173281e-01   3.8686093e-01  -3.0919510e-01  -5.8617688e-03  -3.8371092e-03  -6.3669224e-03
   2.4256552e-01   4.7174691e-01  -7.9021748e-02  -5.2738948e-03  -4.3207628e-03  -6.7095361e-03
   2.8191510e-01   3.6638152e-01  -1.4837093e-01  -6.5363581e-03  -4.6751818e-03  -6.7481440e-03
   2.7161144e-01   4.6675254e-01  -2.4678061e-01  -6.6326440e-03  -4.4953069e-03  -6.5385608e-03
   2.2264100e-01   4.4065306e-01  -1.9673396e-01  -5.1829443e-03  -3.6223456e-03  -6.3207556e-03
   2.5031003e-01   4.5879659e-01  -1.4952753e-01  -5.0572262e-03  -3.5355019e-03  -6.3811419e-03
   2.3941778e-01   3.8460345e-01  -2.3890932e-01  -4.6299845e-03  -3.2148175e-03  -6.2196124e-03
   2.2403845e-01   4.5475962e-01  -9.8880037e-02  -3.8690159e-03  -3.2790801e-03  -6.6755225e-03
   2.4909083e-01   2.5934011e-01  -1.3372805e-01  -3.1901844e-03  -4.2700376e-03  -7.5738855e-03
   2.3016146e-01   3.5622498e-01  -3.1394836e-01  -3.5196814e-03  -4.3774372e-03  -7.3278957e-03
   1.9884581e-01   4.9503176e-01  -2.8323513e-01  -4.1927455e-03  -4.8422714e-03  -8.4375838e-03
   1.7076161e-01   5.1162250e-01  -2.3913350e-01  -4.3701029e-03  -4.2335967e-03  -8.7648719e-03
   1.8999617e-01   4.6664953e-01  -3.5873269e-01  -4.1248817e-03  -4.5923225e-03  -8.7830372e-03
   1.7141050e-01   4.9563639e-01  -2.3234166e-01  -4.0134872e-03  -4.4421927e-03  -9.0503930e-03
   2.1016183e-01   4.5300976e-01  -2.7085071e-01  -4.2157661e-03  -4.8601990e-03  -9.1178124e-03
   2.2932080e-01   3.2412295e-01  -2.9629693e-01  -3.1098575e-03  -5.4516602e-03  -9.6259699e-03
   2.9744753e-01   1.9517872e-01  -5.3604480e-02  -4.4199860e-03  -6.5886233e-03  -9.5905414e-03
   1.2222620e-01   2.1956035e-01  -2.3343300e-01  -4.2801493e-03  -3.2144007e-03  -8.4259727e-03
   1.3228922e-01   6.6137216e-01  -2.7034805e-01  -5.3373464e-03  -2.9123767e-03  -7.8952830e-03
   1.6201858e-01   5.3280505e-01  -3.2258934e-01  -6.4881840e-03  -2.8214482e-03  -7.0687052e-03
   1.4597676e-01   4.4054729e-01  -3.6035812e-01  -6.3600274e-03  -3.1454516e-03  -7.6940718e-03
   1.4794555e-01   4.6112316e-01  -2.5837605e-01  -6.0938067e-03  -3.4431756e-03  -7.7064202e-03
   1.5258657e-01   3.5813288e-01  -2.9660713e-01  -5.4622814e-03  -3.4581403e-03  -7.9077507e-03
   2.0767078e-01   3.9936800e-01  -3.5479621e-01  -6.2924196e-03  -4.1530517e-03  -7.5718845e-03
   1.9440006e-01   5.2105567e-01  -1.9125729e-01  -7.0598278e-03  -4.0290745e-03  -7.7122425e-03
   2.2994493e-01   4.0406379e-01  -2.0556955e-01  -6.2643196e-03  -4.5567757e-03  -8.2776319e-03
   2.3318569e-01   4.7458763e-01  -1.5694948e-01  -6.0110995e-03  -4.5054687e-03  -7.9052671e-03
   1.8461056e-01   4.4290562e-01  -1.8412797e-01  -6.8191365e-03  -3.5905937e-03  -7.7825921e-03
   1.1833986e-01   5.1020845e-01  -3.6397210e-02  -7.0653181e-03  -2.7127386e-03  -8.0676418e-03
   1.0869474e-01   5.0906696e-01  -1.0916494e-01  -7.2796696e-03  -2.9692376e-03  -8.7510823e-03
   1.2879140e-01   4.2358693e-01  -1.5215127e-01  -6.6532815e-03  -3.2416957e-03  -8.6897100e-03
   1.3929184e-01   5.5749520e-01  -1.2594738e-01  -6.9976103e-03  -3.5559788e-03  -8.2879117e-03
   1.6521708e-01   4.1657528e-01  -1.5751544e-01  -6.2678153e-03  -3.9148153e-03  -7.9172123e-03
   1.5914273e-01   4.5882358e-01  -1.6077128e-01  -6.2420718e-03  -3.6273578e-03  -7.6760886e-03
   1.3055333e-01   5.7808175e-01  -1.4518369e-01  -7.7708914e-03  -3.3343585e-03  -7.2752607e-03
   1.7082303e-01   5.0226854e-01  -1.4199036e-01  -8.0682846e-03  -4.2076733e-03  -7.7901869e-03
   1.4145100e-01   4.3267573e-01  -2.5505846e-01  -7.5721205e-03  -3.9223497e-03  -7.8361381e-03
   1.2934799e-01   5.3103724e-01  -1.4913197e-01  -8.0022434e-03  -3.9520825e-03  -8.1219326e-03
   8.3527715e-02   4.7405893e-01  -2.5692645e-01  -7.9770751e-03  -3.3417527e-03  -8.6885602e-03
   6.8405322e-02   4.7761917e-01  -1.2212419e-01  -9.1168497e-03  -2.8306109e-03  -8.6054445e-03
   9.6865480e-02   5.1636777e-01  -2.4010786e-01  -9.1881557e-03  -3.0519789e-03  -8.3386302e-03
   1.0147615e-01   5.7475310e-01  -1.2579521e-01  -9.4588712e-03  -3.1530622e-03  -8.3779827e-03
   1.4702560e-01   4.7034487e-01  -2.1081652e-01  -8.4555605e-03  -3.6914465e-03  -8.5849646e-03
   1.5803558e-01   4.0051942e-01  -2.2159074e-01  -9.4345404e-03  -3.7509774e-03  -8.3892699e-03
   9.4511286e-02   6.2485240e-01  -8.2664109e-02  -1.0417409e-02  -3.0940485e-03  -8.9354174e-03
   1.6583630e-01   4.3873219e-01  -1.8391130e-01  -9.3923556e-03  -4.1726902e-03  -9.1115293e-03
   1.7520013e-01   5.9958980e-01  -2.0102504e-01  -9.6498457e-03  -4.1771744e-03  -9.0720565e-03
   2.0856682e-01   6.4413772e-01  -7.0982895e-02  -1.0088678e-02  -4.4945399e-03  -9.4139088e-03
   2.2660786e-01   4.4190764e-01  -1.4163162e-01  -8.4823800e-03  -4.2156297e-03  -8.9936775e-03
   2.6989438e-01   4.4352863e-01  -1.5703210e-01  -9.3008122e-03  -4.6119867e-03  -8.8275865e-03
   1.9436049e-01   5.4157768e-01  -4.1358370e-02  -1.0819259e-02  -3.3548604e-03  -8.7420504e-03
   2.0988759e-01   4.3419375e-01  -1.2736535e-01  -9.5449628e-03  -3.5818965e-03  -8.7488839e-03
   1.8972335e-01   5.7432097e-01  -1.7054200e-01  -9.0264343e-03  -3.1475654e-03  -8.8466441e-03
   1.8946725e-01   5.7607949e-01  -4.6056648e-02  -8.7446328e-03  -3.0983584e-03  -8.3072008e-03
   2.4404476e-01   4.5187699e-01  -1.3024643e-03  -7.5546250e-03  -4.0818894e-03  -8.8563061e-03
   2.1862072e-01   4.5432100e-01  -4.9935086e-02  -6.9552204e-03  -3.8265148e-03  -8.4554223e-03
   2.4443438e-01   6.1123357e-01   1.9146763e-01  -6.9974818e-03  -3.5858492e-03  -8.6475042e-03
   2.9984980e-01   5.1192497e-01   7.7670409e-03  -7.8037653e-03  -3.8489510e-03  -7.9560033e-03
   2.3567539e-01   4.9160025e-01   4.6154626e-03  -8.2667581e-03  -2.7221276e-03  -7.7624775e-03
   2.8528344e-01   5.4065567e-01  -1.6914550e-02  -8.6971893e-03  -3.4401038e-03  -8.0558595e-03
   2.5527486e-01   5.2298574e-01  -1.4552975e-01  -7.4828779e-03  -2.8317429e-03  -7.5320430e-03
   2.4751206e-01   5.1190081e-01   3.7749473e-02  -7.7574555e-03  -2.6264218e-03  -6.4217343e-03
   3.2289545e-01   5.3127308e-01   3.6262288e-02  -6.3506054e-03  -4.1288734e-03  -7.0187021e-03
   3.2031730e-01   4.3916677e-01   1.4473197e-02  -5.5609708e-03  -4.2097149e-03  -6.9422049e-03
   2.7063831e-01   5.3938719e-01   2.8042261e-01  -6.5241733e-03  -3.3291465e-03  -7.0787461e-03
   3.0536918e-01   4.4333304e-01   8.6381732e-02  -7.2941937e-03  -3.2735947e-03  -6.4125674e-03
   2.7683206e-01   3.3913598e-01   3.5459030e-02  -7.6434128e-03  -3.4914207e-03  -6.6087468e-03
   2.0747460e-01   5.8439580e-01   9.5973951e-02  -7.6881142e-03  -3.4503094e-03  -7.7592300e-03
   6.9067331e-02   5.3278691e-01  -6.6532408e-02  -7.8747792e-03  -2.5724841e-03  -8.1384951e-03
   7.2705448e-02   4.8741341e-01   9.6970812e-02  -2.7243654e-03  -3.6339265e-03  -1.0037478e-02
   6.7488395e-02   5.3689494e-01   1.1732753e-01  -4.0963701e-03  -3.5095031e-03  -1.0605409e-02
   6.9942206e-02   4.3833019e-01   4.2585290e-02  -1.9300746e-03  -3.8769601e-03  -1.1138472e-02
   7.6219685e-02   5.2427861e-01   1.7157223e-01  -1.8354333e-03  -3.5646126e-03  -1.1399483e-02
   1.6112301e-01   3.8913859e-01   2.2094238e-01  -3.1991699e-03  -4.8214224e-03  -1.1418346e-02
   1.8204159e-01   3.7245524e-01   9.7104612e-02  -3.3950597e-03  -4.3784883e-03  -1.0908695e-02
   2.1834050e-01   3.4798196e-01   7.2801625e-02  -2.3782775e-03  -4.8783077e-03  -1.0679540e-02
   2.2411497e-01   5.3258483e-01   2.8462950e-01  -1.7237714e-03  -4.9537557e-03  -1.1015313e-02
   2.3570157e-01   3.5595088e-01   2.9569896e-01  -3.1855764e-04  -4.8209425e-03  -1.1206181e-02
   2.9585725e-01   3.1209638e-01   5.6853838e-01   1.4036734e-03  -5.3669267e-03  -1.1305462e-02
   2.7920604e-01   2.3752576e-01   2.4071272e-01  -1.8944982e-03  -4.4706653e-03  -1.0496626e-02
   2.4570962e-01   3.4977544e-01   2.8000133e-01  -1.9996457e-03  -3.7207142e-03  -1.0180909e-02
   2.9832360e-01   3.4125786e-01   2.2464999e-01  -1.9965309e-03  -4.2610241e-03  -9.4470182e-03
   3.2809343e-01   3.4164011e-01   2.2909405e-01  -2.2259072e-03  -3.9100645e-03  -8.9027041e-03
   3.3312074e-01   4.7776387e-01   3.7357934e-01  -1.8165481e-03  -3.9598819e-03  -7.9972002e-03
   3.4016107e-01   3.0152467e-01   6.7289404e-01   2.3657809e-03  -4.2715472e-03  -1.0148726e-02
   3.7140493e-01   2.3334680e-01   8.5410615e-01   3.5749320e-03  -3.2960153e-03  -9.9651543e-03
   3.5698436e-01   2.6482736e-01   6.9498037e-01  -3.7797166e-04  -2.9693437e-03  -1.0066494e-02
   3.8445019e-01   1.3845006e-01   5.5219476e-01  -5.5206479e-04  -3.2174827e-03  -9.7431887e-03
   3.8700632e-01   9.9613172e-02   4.7402765e-01   3.9862034e-04  -3.2074642e-03  -9.5275499e-03
   3.7609893e-01   2.3008757e-01   3.6818579e-01   4.9828044e-04  -2.8861474e-03  -9.1888728e-03
   3.8091155e-01   4.0390679e-01   4.1824828e-01   5.9598493e-04  -2.8497019e-03  -8.7864140e-03
   3.7066172e-01   4.1031150e-01   4.7862367e-01  -2.1833644e-04  -2.6886088e-03  -8.8161805e-03
   3.9363571e-01   2.5753115e-01   4.9525947e-01  -1.9899980e-04  -3.4264871e-03  -9.0833197e-03
   3.3778688e-01   2.8302902e-01   4.4936632e-01  -5.2385204e-04  -2.8707818e-03  -9.2423117e-03
   3.3860667e-01   3.1960577e-01   4.0849073e-01  -9.4540145e-05  -2.8799313e-03  -9.1263282e-03
   3.0985787e-01   4.9348266e-01   5.2555952e-01  -4.6012541e-04  -2.3164020e-03  -8.7022025e-03
   3.3692239e-01   2.2188965e-01   5.0381646e-01   1.6388704e-03  -3.4216711e-03  -8.8794510e-03
   3.3821438e-01   2.8788223e-01   7.6882513e-01   1.8214526e-03  -3.6331130e-03  -9.8217940e-03
   3.2673708e-01   2.0733738e-01   9.9646449e-01   2.2646577e-03  -3.3466757e-03  -1.0585456e-02
   3.6194261e-01   2.3116767e-01   8.8632494e-01  -4.0828722e-04  -3.6383596e-03  -1.0045131e-02
   3.2838019e-01   3.4396644e-01   6.6141640e-01  -9.7676641e-04  -2.8505898e-03  -1.0026790e-02
   3.7539125e-01   1.8336340e-01   7.5605062e-01   4.0858622e-04  -2.4691559e-03  -8.7177867e-03
   3.5065007e-01   2.0921318e-01   1.0204798e+00   3.4700262e-03  -1.9461083e-03  -9.8767701e-03
   2.9994658e-01   2.2031080e-01   1.0750157e+00   4.7262149e-03  -8.6782449e-04  -8.6490820e-03
   2.7119611e-01   2.6323763e-01   1.2025070e+00   6.9402124e-03  -2.5371365e-04  -9.0732548e-03
   2.9529869e-01   2.6610664e-01   8.2771207e-01   3.1382109e-03  -1.3366148e-03  -9.2419381e-03
   2.3951362e-01   1.8819220e-01   6.2236219e-01   2.6352107e-03  -8.4100376e-04  -9.2747577e-03
   2.2197707e-01   2.6032825e-01   6.0448843e-01   2.9597533e-03  -5.9840537e-04  -9.2250636e-03
   2.7536046e-01   2.4837364e-01   5.4378030e-01   2.5449803e-03  -1.3581637e-03  -9.3477289e-03
   2.7143357e-01   2.8994981e-01   6.3490165e-01   2.4035076e-03  -1.1887603e-03  -9.1970101e-03
   2.5276139e-01   2.8488953e-01   4.9392036e-01   2.0786779e-03  -1.4503321e-03  -9.3567672e-03
   2.5666076e-01   2.7937515e-01   6.3330781e-01   1.3528376e-03  -1.1402504e-03  -8.9179037e-03
   3.1879804e-01   3.0648485e-01   6.8699839e-01   1.7453392e-03  -2.0080719e-03  -9.2407079e-03
   2.8566403e-01   2.8858939e-01   5.6011871e-01   2.3489252e-03  -1.6555832e-03  -8.4874032e-03
   3.1761619e-01   2.3972191e-01   8.3642020e-01   2.2018586e-03  -1.4252720e-03  -8.5307982e-03
   2.9251960e-01   2.6442688e-01   6.7521974e-01   2.8791829e-03  -9.0747290e-04  -8.3702499e-03
   3.1969847e-01   2.0956836e-01   8.9588833e-01   2.6598742e-03  -3.2518539e-04  -8.3140112e-03
   3.6564498e-01   2.4738530e-01   7.6273426e-01   1.2132562e-03  -1.0228547e-03  -8.3543897e-03
   3.6067599e-01   3.2778433e-01   6.0635795e-01  -2.0813821e-04  -7.5010329e-04  -7.7082811e-03
   3.6238690e-01   3.5425203e-01   6.2369279e-01  -6.4312104e-04  -6.1066668e-04  -7.2440510e-03
   2.8837440e-01   3.9614059e-01   6.0624114e-01  -1.2783039e-03   1.0111216e-03  -8.0795492e-03
   3.3266036e-01   3.2859608e-01   4.4143316e-01  -1.3285716e-04   1.3445502e-05  -7.4247174e-03
   3.1581949e-01   3.9942921e-01   4.7486411e-01   9.6905513e-04   1.7412454e-04  -8.0712796e-03
   3.6817018e-01   3.5717731e-01   5.3871143e-01   1.5460647e-03  -6.2832612e-04  -8.2486875e-03
   3.4557402e-01   2.8988817e-01   4.9947672e-01   2.2760097e-03   1.6444150e-05  -7.2023723e-03
   3.6989065e-01   3.5433865e-01   9.2303436e-01   3.3245044e-03  -2.8179095e-04  -8.0757176e-03
   4.1020610e-01   3.1066875e-01   1.0294536e+00   3.5246662e-03  -9.4386096e-04  -8.4540855e-03
   4.4398413e-01   2.5573966e-01   1.0937763e+00   3.8855132e-03  -1.1621389e-03  -6.6589826e-03
   3.8688791e-01   3.6605113e-01   1.2671186e+00   1.5553677e-03  -5.1502496e-04  -7.2937380e-03
   3.9607207e-01   2.5787101e-01   9.0130183e-01   1.3454641e-03  -3.6509511e-04  -7.5277592e-03
   3.4488384e-01   2.5514950e-01   6.7266915e-01   2.0557173e-03   4.1577609e-04  -7.0016260e-03
   3.6086831e-01   3.2865607e-01   7.7265237e-01   2.9431571e-03   3.4228351e-04  -6.5565294e-03
   3.8457089e-01   2.4504572e-01   9.2888620e-01   3.9703978e-03  -3.2044499e-05  -7.5280102e-03
   3.7697572e-01   2.1965420e-01   8.2893824e-01   5.1903517e-03  -6.1090113e-05  -6.7083407e-03
   3.8295698e-01   2.8219260e-01   1.1391073e+00   6.8187802e-03   5.0450973e-04  -7.3904756e-03
   4.1514220e-01   1.4053931e-01   1.3666344e+00   9.0923575e-03   1.4611592e-03  -6.2296598e-03
   3.6776210e-01   1.5261431e-01   1.2378294e+00   9.0252016e-03   1.6855933e-03  -5.6093471e-03
   3.4637924e-01   1.4035364e-01   1.2995119e+00   8.1426175e-03   1.5134166e-03  -6.1284878e-03
   2.4417989e-01   2.2202501e-01   9.1088956e-01   6.1859468e-03   2.7740986e-03  -6.3440055e-03
   3.1108714e-01   1.3403809e-01   6.9186028e-01   4.9817924e-03   2.2179431e-03  -5.3930643e-03
   3.3699880e-01   2.4350705e-01   9.5546115e-01   5.7154911e-03   2.7235609e-03  -5.4499390e-03
   3.6062931e-01   1.8549172e-01   6.7036290e-01   5.6810220e-03   2.4553174e-03  -5.4613864e-03
   3.6376603e-01   1.6904260e-01   5.9634918e-01   5.7199778e-03   2.5782352e-03  -5.0292803e-03
   3.3657447e-01   1.9735490e-01   7.1396658e-01   5.5597560e-03   2.7533171e-03  -5.1520069e-03
   3.6837934e-01   1.1611021e-01   7.1733796e-01   6.3349180e-03   2.5723880e-03  -4.7646957e-03
   3.6146771e-01   1.6373934e-01   6.5562278e-01   6.1729427e-03   2.5823068e-03  -4.2299444e-03
   3.6290907e-01   2.2922212e-01   6.6100673e-01   5.5475050e-03   2.6081126e-03  -4.4915722e-03
   3.8182861e-01   1.9787781e-01   7.0598556e-01   6.1177796e-03   2.1161668e-03  -4.8696819e-03
   3.8214130e-01   1.3780548e-01   7.0672981e-01   7.6187812e-03   2.1356671e-03  -4.2152500e-03
   3.6468082e-01   2.7971029e-01   8.8124739e-01   5.9210001e-03   2.5369950e-03  -4.6415129e-03
   3.4629726e-01   2.2774226e-01   7.4969851e-01   7.0717721e-03   2.7006023e-03  -4.1928664e-03
   3.6388515e-01   1.9052723e-01   1.0809226e+00   7.0757819e-03   2.7447310e-03  -5.5128188e-03
   3.7071548e-01   1.9582078e-01   9.4804079e-01   6.8008183e-03   3.1383291e-03  -4.7385064e-03
   3.6771377e-01   8.0319354e-02   7.4616858e-01   6.3833102e-03   2.9524968e-03  -5.3425804e-03
   3.7232099e-01   2.8321719e-02   7.2624182e-01   6.8893650e-03   3.0856472e-03  -4.5325320e-03
   3.5830778e-01   1.3486689e-01   7.0121974e-01   6.2908322e-03   2.4592892e-03  -4.9435374e-03
   3.6187716e-01   1.5753949e-02   5.2940571e-01   6.2199987e-03   1.7923175e-03  -5.0052236e-03
   3.7823356e-01   1.5192039e-01   5.6622074e-01   5.9595259e-03   1.7455205e-03  -4.9540380e-03
   3.8368015e-01   1.2418632e-01   5.9063005e-01   6.0280052e-03   1.8518981e-03  -4.7363135e-03
   3.4423141e-01   1.4227988e-01   4.5605887e-01   5.6359046e-03   2.1200398e-03  -4.5018282e-03
   3.7008501e-01   1.9436627e-01   6.1886582e-01   6.4834860e-03   2.4158546e-03  -3.7543746e-03
   4.3115614e-01   2.1211418e-01   8.7746762e-01   7.4704519e-03   1.8645660e-03  -3.5386548e-03
   3.9176863e-01   1.6702164e-01   9.2561488e-01   6.3227025e-03   2.8422670e-03  -4.1511376e-03
   3.6287192e-01   2.1739282e-01   8.6307524e-01   5.0081849e-03   3.4807515e-03  -3.8212847e-03
   3.7330951e-01   1.5398146e-01   6.8162573e-01   5.1252130e-03   3.1386291e-03  -3.5626481e-03
   3.8654255e-01   1.5706590e-01   6.3393042e-01   5.4839904e-03   3.2087982e-03  -2.4397646e-03
   4.0948555e-01   2.1968756e-01   9.0947437e-01   6.3807333e-03   3.0449192e-03  -3.1118174e-03
   3.9752219e-01   4.5665022e-02   7.2874869e-01   7.8145946e-03   3.0322657e-03  -3.5449074e-03
   3.7241030e-01   1.4520896e-01   5.4662005e-01   6.0516444e-03   3.4540956e-03  -3.8948532e-03
   3.7696495e-01   3.0611148e-01   6.1304464e-01   5.2572708e-03   3.2967356e-03  -3.5284890e-03
   3.6852577e-01   2.4681870e-01   4.8420486e-01   5.1698979e-03   3.0040254e-03  -3.4279617e-03
   3.6994638e-01   1.6209419e-01   5.0097934e-01   7.0796200e-03   3.5141754e-03  -3.3986517e-03
   3.8577533e-01   2.6403732e-01   7.3378813e-01   8.1277009e-03   3.1049363e-03  -5.4532463e-03
   3.9622595e-01   1.0619500e-01   4.1049844e-01   6.5429679e-03   2.9449886e-03  -4.3359309e-03
   3.8356214e-01   2.5158818e-01   8.5467071e-01   5.9406960e-03   2.8237190e-03  -4.1216529e-03
   3.8463715e-01   1.9985622e-01   5.7243382e-01   6.6217872e-03   1.5228303e-03  -4.4733062e-03
   3.4687911e-01   2.7019299e-01   9.7352771e-01   7.3041752e-03   2.1162367e-03  -5.7800751e-03
   3.4414761e-01   1.2787593e-01   7.5650824e-01   7.0256552e-03   3.5410582e-03  -4.2977983e-03
   3.6330658e-01   2.3877504e-01   5.9642186e-01   5.3807421e-03   2.9023549e-03  -4.3506380e-03
   2.9842288e-01   2.4635824e-01   5.2784837e-01   4.6092676e-03   3.6315591e-03  -4.8503282e-03
   3.3203324e-01   2.1936120e-01   5.5909945e-01   4.6844307e-03   2.8406139e-03  -5.0001073e-03
   3.3576120e-01   2.7714003e-01   5.1494963e-01   5.3361645e-03   2.3991591e-03  -5.1915498e-03
   3.3812284e-01   3.6486727e-01   5.9934271e-01   5.9337289e-03   2.5312974e-03  -5.3749450e-03
   4.0107554e-01   2.8636885e-01   9.3515526e-01   7.0394650e-03   2.0475774e-03  -5.5652628e-03
   4.0860714e-01   1.0000212e-01   6.5711392e-01   5.7943552e-03   2.0584610e-03  -4.8750543e-03
   3.8074502e-01   1.3503959e-01   4.5620849e-01   5.5851951e-03   2.3144971e-03  -4.5499503e-03
   3.0924554e-01   2.3649120e-01   4.2356322e-01   5.0084780e-03   3.5749348e-03  -4.3303293e-03
   3.5244724e-01   1.8176178e-01   4.1723423e-01   5.1625772e-03   2.6347088e-03  -4.4584259e-03
   2.9751360e-01   1.7681830e-01   3.2444286e-01   5.3990100e-03   3.1585396e-03  -4.3057988e-03
   3.1625604e-01   1.3107537e-01   2.8786878e-01   5.7724260e-03   2.7286058e-03  -4.2066291e-03
   2.7680669e-01   2.4444309e-01   3.7221166e-01   5.0270858e-03   3.3041856e-03  -3.9952567e-03
   3.1336663e-01   1.9002523e-01   4.0321013e-01   5.5072383e-03   2.8365371e-03  -4.0011666e-03
   2.9468447e-01   2.1002784e-01   3.0050062e-01   5.7681579e-03   2.3808463e-03  -3.9405399e-03
   3.3865097e-01   2.2044832e-01   6.8905504e-01   5.4506037e-03   2.0237406e-03  -4.5195589e-03
   3.9111667e-01   1.9496978e-01   8.1217121e-01   6.0695756e-03   1.5121590e-03  -4.3450188e-03
   3.4131673e-01   2.2659236e-01   8.7729858e-01   6.6707688e-03   2.8070611e-03  -3.4964130e-03
   3.5608215e-01   1.5774168e-01   9.6691138e-01   5.9525046e-03   3.6864061e-03  -3.3626260e-03
   3.8949591e-01   1.9767667e-01   6.4386511e-01   3.8618435e-03   3.1754517e-03  -3.3958571e-03
   3.6558699e-01   1.6745902e-01   4.7187785e-01   4.0629539e-03   3.2054227e-03  -3.6453865e-03
   3.6253001e-01   2.4433336e-01   4.1978742e-01   4.4069939e-03   3.1341341e-03  -3.3017168e-03
   3.7493135e-01   3.1838888e-01   4.3793039e-01   4.4325988e-03   2.7548420e-03  -3.3387077e-03
   3.9669237e-01   2.4967151e-01   4.5637817e-01   5.1874687e-03   2.3242884e-03  -3.5466477e-03
   3.6496238e-01   3.1741241e-01   4.7664045e-01   4.9766597e-03   2.5177353e-03  -3.1219368e-03
   4.1357581e-01   2.4697794e-01   7.5000302e-01   6.7732309e-03   1.9154132e-03  -3.6290972e-03
   4.0001493e-01   1.7212110e-01   9.1130291e-01   8.5679161e-03   1.8697933e-03  -4.4288965e-03
   3.8430921e-01   1.4729145e-01   6.8134783e-01   6.6476983e-03   2.2814732e-03  -3.3844330e-03
   3.5046933e-01   1.3203846e-01   4.5144460e-01   6.2789821e-03   2.7989257e-03  -3.5489437e-03
   3.6855411e-01   2.2515259e-01   6.5663845e-01   4.6676557e-03   2.5707095e-03  -3.9644897e-03
   3.5299997e-01   6.7014094e-02   4.5012817e-01   5.6775638e-03   3.1212496e-03  -3.9624914e-03
   3.6623343e-01   1.0667305e-01   4.2505849e-01   5.9939870e-03   2.5451652e-03  -3.8838126e-03
   3.3708270e-01   2.5163160e-01   7.9573809e-01   7.4814946e-03   3.0191063e-03  -4.4990411e-03
   3.0599098e-01   1.2002341e-01   4.1121653e-01   9.1842511e-03   2.6856882e-03  -3.6826400e-03
   3.5387353e-01   2.5686634e-01   8.0921521e-01   6.9472120e-03   2.0896866e-03  -4.1020592e-03
   2.7037076e-01   1.3737222e-01   6.9822534e-01   9.3276521e-03   2.5822420e-03  -3.8182748e-03
   3.0774518e-01   1.4310904e-01   4.8041511e-01   6.1692548e-03   2.9276306e-03  -3.5822535e-03
   2.8336450e-01   1.9099152e-01   5.0004491e-01   4.8862789e-03   3.6136507e-03  -3.4460109e-03
   2.9759335e-01   1.3975896e-01   2.6128362e-01   5.5553350e-03   2.8984901e-03  -3.9799906e-03
   3.3290008e-01   1.8485493e-01   2.8728330e-01   5.7739739e-03   2.2636083e-03  -4.1889932e-03
   3.2168337e-01   2.6277416e-01   3.9429094e-01   5.8655404e-03   2.4809688e-03  -4.1222785e-03
   3.2877058e-01   2.1978880e-01   4.0273121e-01   6.0777297e-03   2.3770900e-03  -3.9740209e-03
   2.5924947e-01   1.7634932e-01   3.4838818e-01   6.8923403e-03   2.8030744e-03  -4.6324912e-03
   2.0064277e-01   3.0566455e-01   3.4198316e-01   7.0025610e-03   3.6856395e-03  -4.4846408e-03
   2.3837795e-01   2.2501967e-01   3.9311389e-01   8.0913933e-03   3.4317339e-03  -3.9829256e-03
   3.3399854e-01   2.8276313e-01   6.1736236e-01   6.9325183e-03   3.2891250e-03  -3.2463553e-03
   3.3841576e-01   1.9787792e-02   6.8021147e-01   9.4057748e-03   1.8940196e-03  -3.6360260e-03
   3.5998242e-01   1.2660358e-01   6.2939299e-01   6.6856646e-03   2.2475925e-03  -3.9632098e-03
   3.0791780e-01   2.2026736e-01   5.7081533e-01   6.5877745e-03   3.2151547e-03  -3.0932486e-03
   3.3121746e-01   7.6411363e-02   8.7132398e-01   7.9982896e-03   3.6574943e-03  -3.0974306e-03
   2.7591111e-01   2.4468976e-01   8.2522827e-01   8.3343224e-03   3.9443592e-03  -3.3468847e-03
   3.3247198e-01   5.1037454e-02   4.9652335e-01   6.9412469e-03   3.0289970e-03  -3.3271884e-03
   2.6187746e-01   3.2192002e-01   6.2492635e-01   6.9162412e-03   3.6170010e-03  -2.4617841e-03
   3.0415549e-01   6.0976503e-03   3.4120241e-01   7.4065698e-03   3.8604195e-03  -2.7846674e-03
   2.9058159e-01   2.1447231e-01   4.2314887e-01   6.4903868e-03   4.3531582e-03  -3.2076413e-03
   2.9549472e-01   1.4951741e-01   3.8197801e-01   6.9639011e-03   4.2264421e-03  -3.4335686e-03
   3.0211804e-01   1.7313873e-01   2.9757900e-01   6.8197216e-03   3.9526077e-03  -3.4910502e-03
   2.8418507e-01   2.5883547e-01   4.5659365e-01   6.1438719e-03   4.5220252e-03  -2.7735493e-03
   2.9455686e-01   1.5122024e-01   3.6882278e-01   6.9726723e-03   3.8853052e-03  -3.4407647e-03
   3.0944625e-01   1.0711575e-01   4.4159085e-01   6.7859684e-03   3.9679685e-03  -2.8411694e-03
   2.5557310e-01   1.7763236e-01   7.2100725e-01   7.7195611e-03   3.5641068e-03  -4.3024008e-03
   2.6930422e-01   2.2804021e-01   6.1197219e-01   6.5258262e-03   2.7748413e-03  -4.4152477e-03
   3.1299941e-01   3.1942533e-01   6.6712477e-01   4.4455817e-03   3.1752494e-03  -4.1244297e-03
   3.3646971e-01   1.2349849e-01   4.4504681e-01   6.5180020e-03   1.9098078e-03  -3.8181733e-03
   2.6965879e-01   4.1747701e-01   8.3711230e-01   4.5507991e-03   2.7268220e-03  -3.5841681e-03
   2.8892052e-01   2.4894511e-01   3.4676502e-01   4.5042742e-03   3.3829858e-03  -3.8228642e-03
   2.8285860e-01   3.5651037e-01   3.9458794e-01   3.6410930e-03   3.6752306e-03  -2.9166793e-03
   3.4142628e-01   3.4789303e-01   4.1639946e-01   2.9493512e-03   2.6609735e-03  -2.8644115e-03
   2.9236409e-01   2.9906928e-01   3.1372838e-01   3.8884459e-03   3.2902882e-03  -3.3569086e-03
   2.9138727e-01   3.2486026e-01   3.5662911e-01   5.3400333e-03   2.3606008e-03  -3.3056796e-03
   2.4373052e-01   2.5590421e-01   6.1397475e-01   8.2105872e-03   1.9599446e-03  -5.3910118e-03
   2.4007486e-01   3.0286780e-01   5.4610529e-01   6.8177814e-03   2.1456562e-03  -5.0185359e-03
   2.0489173e-01   3.9560898e-01   8.2401414e-01   6.3908980e-03   5.6552161e-04  -5.9582669e-03
   2.7707599e-01   3.6457933e-01   4.0876808e-01   4.1994659e-03   4.9457608e-04  -6.2491569e-03
   3.0872053e-01   4.0033323e-01   7.9700881e-01   3.7066039e-03  -4.2343480e-04  -5.5434632e-03
   2.6123355e-01   3.9859215e-01   3.7995811e-01   3.9727089e-03   3.6366188e-04  -4.9225644e-03
   2.2258975e-01   4.0585881e-01   8.2092461e-01   3.2362138e-03   1.0583451e-04  -6.6433681e-03
   2.6519753e-01   5.3800068e-01   5.0965369e-01   1.5439837e-03   6.0438482e-04  -6.2083055e-03
   3.5738706e-01   4.6939654e-01   7.8455287e-01   9.9066029e-04  -8.6980910e-05  -4.8222880e-03
   3.2113068e-01   4.8417232e-01   5.6962256e-01   2.3355744e-03   7.5591013e-04  -4.5216945e-03
   3.2604572e-01   4.3918884e-01   6.6927766e-01   1.8551649e-03   9.1545201e-04  -4.7807043e-03
   3.6660233e-01   3.8034704e-01   6.9946382e-01   2.1951236e-03   8.5024399e-04  -4.8036374e-03
   3.3592549e-01   4.1399123e-01   5.0591243e-01   2.3722470e-03   1.4808479e-03  -5.0362729e-03
   3.4407913e-01   4.8185244e-01   4.8677449e-01   2.1364999e-03   1.5967861e-03  -4.8094879e-03
   3.4541742e-01   4.6354509e-01   6.5182757e-01   2.0937105e-03   1.7065005e-03  -4.7263668e-03
   3.4032953e-01   2.7198563e-01   6.6530276e-01   4.2721993e-03   1.7828529e-03  -5.3551787e-03
   4.1880061e-01   3.3518009e-01   8.2337421e-01   5.6594674e-03   1.9932214e-03  -2.9846804e-03
   3.5941666e-01   2.7900783e-01   6.8205720e-01   3.6011667e-03   2.2036218e-03  -3.6064512e-03
   3.3300777e-01   3.3488660e-01   4.3715241e-01   3.3425046e-03   2.4842492e-03  -3.7191708e-03
   3.0819045e-01   3.5251396e-01   4.0724377e-01   2.3144218e-03   3.1735775e-03  -3.5259582e-03
   3.8280056e-01   3.9746901e-01   4.9190144e-01   2.1218523e-03   2.1969741e-03  -3.7094318e-03
   3.5019564e-01   3.6024068e-01   4.2553279e-01   2.9897660e-03   2.8126557e-03  -3.4355171e-03
   3.3357527e-01   3.1949399e-01   5.8533210e-01   3.5367847e-03   3.2997922e-03  -4.4673287e-03
   3.5289129e-01   2.5017136e-01   3.8258676e-01   3.4780827e-03   2.3984796e-03  -4.1547020e-03
   3.1363256e-01   3.5093658e-01   3.3614477e-01   2.8577988e-03   2.8270214e-03  -4.5201849e-03
   3.2302797e-01   3.3473848e-01   2.3495108e-01   3.1735109e-03   2.4027969e-03  -4.3337398e-03
   3.1174560e-01   4.1243141e-01   1.6445135e-01   3.3242786e-03   2.2537128e-03  -4.1411628e-03
   2.8957138e-01   3.5461539e-01   2.5089024e-01   2.9864759e-03   2.5920892e-03  -4.3780029e-03
   2.6761210e-01   2.5717874e-01   1.3145984e-01   2.6734780e-03   2.8061532e-03  -4.5019948e-03
   2.8324739e-01   3.4004407e-01   6.9989163e-02   1.7561789e-03   2.2915131e-03  -4.2681567e-03
   2.7364926e-01   3.8684196e-01   1.4137228e-01   1.3831734e-03   2.7192519e-03  -4.2989992e-03
   2.8440869e-01   3.6487684e-01   2.4497072e-02   1.4197297e-03   2.4855184e-03  -4.2736558e-03
   2.9718930e-01   4.1546664e-01  -6.7547964e-02   1.4570978e-03   2.2665329e-03  -3.9122376e-03
   2.7275354e-01   5.0876783e-01  -1.0576757e-02   6.5944982e-04   3.1052940e-03  -3.8247026e-03
   3.2470203e-01   4.2481877e-01   1.2067822e-01   1.0743374e-03   2.3912462e-03  -3.8654015e-03
   2.9946800e-01   4.0293810e-01   7.5328152e-02   6.8567376e-04   3.2161475e-03  -3.6873034e-03
   3.4690887e-01   3.6605008e-01   7.3661701e-02   1.3781829e-03   3.3686328e-03  -3.4258059e-03
   3.2764336e-01   4.8268893e-01   1.6414894e-01  -6.9825268e-05   3.5765458e-03  -3.4679081e-03
   3.5161919e-01   4.0369878e-01   7.9566540e-02   7.0089872e-04   3.3048006e-03  -3.3894370e-03
   3.2765551e-01   4.1717790e-01   1.5263216e-01   1.6898749e-03   3.6552588e-03  -2.8882162e-03
   3.3423308e-01   4.7671379e-01   9.3249545e-02   5.7146796e-04   3.3934696e-03  -3.2060760e-03
   3.2377565e-01   4.1152671e-01   6.2759965e-02   1.1241226e-03   3.5690843e-03  -3.7419629e-03
   3.0937853e-01   4.5433624e-01  -2.9022421e-02   1.4127392e-03   3.6407445e-03  -3.5201817e-03
   3.0893645e-01   5.7263964e-01   1.5541096e-01   1.5112959e-03   3.8333933e-03  -3.4414855e-03
   3.6166192e-01   4.2712475e-01   3.0847123e-01   3.1537755e-03   4.7279714e-03  -3.3439517e-03
   3.8727507e-01   4.2675249e-01   4.6801116e-01   3.0888017e-03   3.9520716e-03  -3.5016172e-03
   3.5147902e-01   3.7916857e-01   5.6982905e-01   2.3988864e-03   4.9106855e-03  -3.8117533e-03
   3.9173869e-01   3.8544349e-01   3.3024224e-01   1.9655161e-03   3.8317794e-03  -3.2992537e-03
   3.7763986e-01   3.8815712e-01   2.4992259e-01   6.0671448e-04   3.9071524e-03  -2.9815726e-03
   4.0031954e-01   4.7620575e-01   6.0476550e-01   1.4741621e-03   4.1907006e-03  -2.9382975e-03
   4.1291250e-01   4.0237439e-01   4.7871150e-01   2.4280515e-03   4.1106455e-03  -3.1031862e-03
   3.6622873e-01   4.2960778e-01   3.0479475e-01   1.1097695e-03   4.3508984e-03  -2.6202850e-03
   3.7395310e-01   4.4934062e-01   3.4073892e-01   1.9853006e-03   4.1204581e-03  -2.3044894e-03
