   0.0000000e+00   0.0000000e+00   0.0000000e+00   0.0000000e+00   0.0000000e+00   0.0000000e+00
  -4.3042082e-03  -1.5315832e-02  -2.6896477e-02  -5.2267212e-04   1.9242394e-04   4.8110632e-05
  -9.4958371e-03   2.2710470e-02  -4.5458152e-02  -1.0559783e-03   2.0530311e-04   9.5564866e-05
  -1.0007816e-02   8.7482136e-03  -8.4834771e-02  -1.0357081e-03   1.9984550e-04   4.7947162e-04
  -1.7460864e-03   6.3286321e-02  -6.8124286e-02  -1.5605917e-03   4.3328723e-04   5.8368200e-04
  -5.6437380e-03  -3.8469483e-02  -6.1421427e-02  -1.0554291e-03   5.6256596e-04   3.9326461e-04
  -1.8841082e-03   2.9521826e-02  -6.1851224e-02  -1.1983363e-03   4.0989317e-04   9.1020416e-05
  -5.8133502e-03   3.5843796e-02  -7.0476899e-02  -1.5514976e-03   4.1127295e-04   3.6237509e-05
  -6.1498390e-03   1.5567466e-02  -1.0142641e-01  -1.3317938e-03   3.5268879e-04   2.2786116e-04
  -3.5532441e-03   1.6118872e-01  -6.6438238e-02  -1.8599820e-03   3.4737130e-04   1.5332802e-04
   1.3233273e-03  -3.2041470e-02  -3.6753928e-02  -9.6464646e-04   2.2570111e-04   2.4755764e-04
   3.3217029e-03   5.2739931e-03  -6.8448427e-02  -9.0243486e-04   1.6851726e-05   2.5877687e-04
  -2.7422210e-03   1.1409081e-02  -3.1881479e-02  -1.2562821e-03   4.8038650e-04   5.6293899e-04
   4.4222836e-03  -5.2401955e-02  -6.4460580e-02  -6.0098607e-04   6.5417013e-04   7.4989693e-04
   7.6090070e-03   6.8487082e-02  -5.6605837e-02  -1.1604612e-03   4.5003370e-04   9.1207392e-04
   2.2359401e-03   3.5566358e-02  -3.4576472e-02  -9.0997894e-04   5.2678236e-04   4.4456875e-04
   2.7024659e-03   3.5438841e-04  -7.8050837e-02  -1.0170094e-03   5.4406311e-04   5.3754165e-04
   7.5323763e-03   5.7162019e-02  -6.3019002e-02  -2.1090926e-03   4.0572790e-04   5.5613886e-04
   7.2481996e-03   2.1366517e-03  -1.0531497e-01  -7.9512293e-04   2.0046636e-04   4.6029924e-04
   1.3907910e-02   8.7783377e-02  -7.3982280e-02  -1.5778703e-03   2.8726300e-04   5.1624864e-04
   1.2500082e-02   2.3793692e-03  -8.2859590e-02  -4.8335681e-04   5.6375034e-04   6.3778498e-04
   1.8801325e-02   6.1285260e-02  -6.6263438e-02  -1.0244614e-03   6.1252941e-04   4.6657946e-04
   2.5077402e-02   8.9095803e-02  -5.6470587e-02  -1.8412165e-03   2.4377552e-04   6.2020347e-04
   3.1076069e-02   1.3232456e-01  -4.9208594e-02  -2.7221017e-03   3.3174341e-04   7.6221940e-04
   3.3054980e-02   6.3435769e-02  -6.4677727e-02  -2.0968454e-03   3.5991094e-04   9.1352841e-04
   3.5166319e-02   1.3811303e-01  -6.8478827e-02  -1.9583908e-03   2.9813261e-04   1.0800498e-03
   4.7530641e-02   1.3731125e-01  -6.3140323e-02  -3.2539065e-03   1.7975481e-04   1.0975611e-03
   4.4046188e-02   1.4101212e-01  -5.4669291e-02  -2.8287196e-03   3.0246835e-04   1.1620442e-03
   4.1536830e-02   1.3585171e-01  -3.2498931e-02  -2.5215192e-03   4.6567403e-04   9.6105807e-04
   4.6348878e-02   1.5796101e-01   2.2710344e-02  -3.0439932e-03   2.4383162e-04   1.0437139e-03
   5.2745472e-02   9.9895638e-02   1.4575059e-02  -2.8318599e-03   2.0210944e-04   1.1564669e-03
   5.4861648e-02   2.1829798e-01   9.1446334e-03  -3.5189918e-03   3.4349804e-04   1.3709449e-03
   7.2730963e-02   2.2267833e-01   1.2728365e-02  -4.1633728e-03  -1.4165205e-04   1.4745119e-03
   5.9705140e-02   1.5694309e-01   7.1479713e-03  -3.4515741e-03   2.1762803e-04   1.5374948e-03
   7.8665862e-02   1.1608486e-01  -5.7282874e-03  -3.3161686e-03  -1.8661294e-04   1.3168685e-03
   7.2424860e-02   2.7272670e-01   2.1095387e-02  -4.1187535e-03  -2.9713057e-04   1.0156955e-03
   6.7055243e-02   1.9190922e-01   2.5623021e-02  -4.0886009e-03  -3.1460251e-04   1.2283778e-03
   6.9540902e-02   1.7704133e-01  -1.4342202e-02  -3.3461757e-03  -2.8851828e-04   1.4565992e-03
   8.0174773e-02   2.7312830e-01   2.5397543e-02  -3.8616990e-03  -6.3856690e-04   9.7643122e-04
   7.7254253e-02   1.6972440e-01   2.1607853e-02  -4.1215108e-03  -3.2950067e-04   1.2012286e-03
   8.3097753e-02   1.8563279e-01   1.2805906e-02  -3.9542356e-03  -2.1321593e-04   1.2521119e-03
   7.5238346e-02   1.9510111e-01   9.1202081e-03  -4.1949513e-03  -2.8810893e-04   1.2814028e-03
   8.5301262e-02   2.1456842e-01   3.1410585e-02  -4.3247096e-03  -4.4894352e-04   1.2039919e-03
   8.2487532e-02   2.2005852e-01   1.1189355e-02  -3.8021228e-03  -5.1075771e-04   1.4413030e-03
   8.3203538e-02   1.5728580e-01   1.5982276e-02  -3.7781754e-03  -5.3545518e-04   1.2181863e-03
   8.7854977e-02   2.0599191e-01   5.9144792e-02  -3.9509797e-03  -4.4581097e-04   1.3505036e-03
   8.2106238e-02   8.1537363e-02   6.8013940e-03  -3.7432967e-03  -3.8026170e-04   1.3110058e-03
   1.0451922e-01   2.5497490e-01   1.4912534e-02  -4.2785598e-03  -1.0216210e-03   1.0142975e-03
   8.7182630e-02   1.2546793e-01   8.8889767e-03  -3.2657416e-03  -4.8243864e-04   1.3151070e-03
   8.5458705e-02   1.6818107e-01   3.7897025e-02  -3.6369054e-03  -5.8090329e-04   1.1481617e-03
   7.8203333e-02   2.4078836e-01   5.5067061e-02  -4.2202061e-03  -5.8928398e-04   1.0731752e-03
   7.4870169e-02   1.8323127e-01   2.9148242e-02  -4.1705549e-03  -3.5451490e-04   1.0814234e-03
   8.7139635e-02   1.7488398e-01   1.5862510e-02  -3.5339350e-03  -4.7748809e-04   1.2632486e-03
   7.3849226e-02   2.3522278e-01   6.8233162e-02  -4.4154739e-03  -3.5047993e-04   1.0987063e-03
   8.3741732e-02   1.9063397e-01   5.2673386e-02  -4.2795197e-03  -5.8174780e-04   1.0702552e-03
   7.0824890e-02   2.1801394e-01   1.2150921e-02  -3.9212763e-03  -6.5988794e-04   1.2418686e-03
   9.2776079e-02   2.2260592e-01   5.9768828e-02  -4.7707319e-03  -1.0194645e-03   1.3190073e-03
   9.1135282e-02   1.4655435e-01   6.5170920e-02  -4.4452412e-03  -7.2213214e-04   1.4050964e-03
   9.5113513e-02   1.5134011e-01   3.0378391e-02  -4.0821758e-03  -9.0729473e-04   1.4695512e-03
   1.0017821e-01   2.3600371e-01   5.1355367e-02  -4.5916112e-03  -7.6105571e-04   1.6577500e-03
   1.0479631e-01   1.4293682e-01   4.0377515e-02  -3.2128953e-03  -1.1138319e-03   1.4293098e-03
   9.3493013e-02   1.4709271e-01   5.2286010e-02  -3.8613730e-03  -1.1077457e-03   1.3857432e-03
   1.0390344e-01   1.9675133e-01   6.7851281e-02  -4.0559957e-03  -1.1958523e-03   1.4789962e-03
   1.0028667e-01   1.0208438e-01   4.1371043e-02  -3.0199389e-03  -1.2520743e-03   1.5402676e-03
   9.7663167e-02   2.8974293e-01   7.6178203e-02  -3.4511786e-03  -9.2298199e-04   1.6005273e-03
   1.1729461e-01   1.6699943e-01   5.8994537e-02  -2.8449675e-03  -1.3853511e-03   1.6055204e-03
   1.0317829e-01   2.3579171e-01   8.0752321e-02  -3.6002656e-03  -1.4479251e-03   1.5428024e-03
   9.5669122e-02   1.0860715e-01   5.8923320e-02  -2.3274039e-03  -9.0843666e-04   1.8861837e-03
   1.1681206e-01   1.4820811e-01   8.2937629e-02  -3.2491149e-03  -1.1821154e-03   1.6228283e-03
   1.1181062e-01   2.2535326e-01   9.7010534e-02  -3.5182754e-03  -9.9733627e-04   1.5916491e-03
   1.0726571e-01   1.1711947e-01   6.3479707e-02  -2.5268608e-03  -8.6487388e-04   1.5900101e-03
   1.2219968e-01   2.0890734e-01   8.0943670e-02  -3.6155858e-03  -1.4971893e-03   1.4092229e-03
   1.1000256e-01   1.7269176e-01   7.5287385e-02  -2.3998651e-03  -1.1679002e-03   1.5412058e-03
   1.1512089e-01   1.9170512e-01   8.7631584e-02  -2.8870232e-03  -1.1829886e-03   1.6659914e-03
   1.1852994e-01   1.6554882e-01   9.6134475e-02  -3.6403290e-03  -1.1995041e-03   1.8851071e-03
   1.2603722e-01   1.3396980e-01   5.0358619e-02  -2.9335240e-03  -1.2658823e-03   1.4715194e-03
   1.3305742e-01   2.0007229e-01   9.1935125e-02  -3.3097526e-03  -1.3636626e-03   1.5607477e-03
   1.1220402e-01   3.6051842e-02   9.1412673e-02  -2.6764846e-03  -9.9004320e-04   1.7324865e-03
   1.2619235e-01   1.5528112e-01   8.0466837e-02  -2.5732465e-03  -1.3917115e-03   1.7297226e-03
   1.1561150e-01   2.0361726e-01   1.2437232e-01  -4.2117687e-03  -1.1937979e-03   1.7205974e-03
   1.0841561e-01   1.8692486e-01   7.2792317e-02  -3.3772734e-03  -7.8512269e-04   1.8035849e-03
   1.2192619e-01   1.7936599e-01   7.5733249e-02  -4.1491178e-03  -9.9073298e-04   1.8108057e-03
   1.1337907e-01   1.9916017e-01   1.0659632e-01  -4.1131133e-03  -7.3892596e-04   1.9950340e-03
   1.1537319e-01   1.9578115e-01   8.8106318e-02  -3.9900155e-03  -7.3317366e-04   1.8538596e-03
   1.2300781e-01   2.2744346e-01   9.7044628e-02  -4.5885906e-03  -1.1570160e-03   1.9071334e-03
   1.1256120e-01   9.3768330e-02   7.9004439e-02  -3.9563853e-03  -7.5868590e-04   2.1165320e-03
   1.1884087e-01   1.5011495e-01   6.8371912e-02  -3.6575120e-03  -7.6228085e-04   1.9123106e-03
   1.2962715e-01   2.0691985e-01   1.1449539e-01  -4.9884441e-03  -1.4309510e-03   1.7494130e-03
   1.0882962e-01   2.2610781e-01   9.1131612e-02  -4.1060193e-03  -9.5449375e-04   1.8592421e-03
   1.0111223e-01   2.2211833e-01   5.3501610e-02  -4.4355592e-03  -8.9202404e-04   1.9158040e-03
   1.1021010e-01   1.9068541e-01   9.7991784e-02  -4.3389002e-03  -7.4856115e-04   2.1390130e-03
   1.0565867e-01   1.3064258e-01   5.3599659e-02  -3.8521576e-03  -6.5371392e-04   2.1052005e-03
   1.2376690e-01   1.6608260e-01   2.5311271e-02  -4.4003449e-03  -1.5853113e-03   1.8781434e-03
   1.1187503e-01   1.7970446e-01   5.0895767e-02  -5.0829582e-03  -1.5461231e-03   1.9563497e-03
   1.1396556e-01   1.6458408e-01   4.6448615e-02  -3.8918952e-03  -1.5195617e-03   2.1335031e-03
   1.1255950e-01   1.6059263e-01   4.3587730e-02  -4.1999853e-03  -1.8488320e-03   1.9639971e-03
   1.1586944e-01   2.4651095e-01   7.7658212e-02  -5.0749121e-03  -1.6119550e-03   2.2623484e-03
   1.0977424e-01   1.5367178e-01   6.4359849e-02  -4.2215703e-03  -1.2920204e-03   2.4133986e-03
   1.2485414e-01   1.4643679e-01   6.0211341e-02  -4.4010203e-03  -1.9026208e-03   2.0314997e-03
   1.4131338e-01   2.4130475e-01   5.7265847e-02  -4.5635466e-03  -2.1590033e-03   1.9901606e-03
   1.3066867e-01   1.4632266e-01   1.5458475e-02  -4.9891579e-03  -2.3159663e-03   1.5890830e-03
   1.4511899e-01   2.9348058e-01   8.7562854e-02  -5.7990828e-03  -2.5678678e-03   2.0830279e-03
   1.4436191e-01   1.9699948e-01   4.6085241e-02  -4.7241829e-03  -2.6237957e-03   2.0302614e-03
   1.4438378e-01   1.7665226e-01   8.3600210e-02  -5.1515551e-03  -2.5894734e-03   1.9767865e-03
   1.5005769e-01   1.3452052e-01   1.0907648e-01  -4.6389357e-03  -2.6237825e-03   2.1139358e-03
   1.5996946e-01   1.6418941e-01   7.1939031e-02  -4.4775579e-03  -2.5367872e-03   1.7807236e-03
   1.8898293e-01   2.6322388e-01   1.1172903e-01  -5.8154622e-03  -3.1960410e-03   2.0884406e-03
   1.8254477e-01   2.6806321e-01   7.0288539e-02  -5.1384326e-03  -2.9306341e-03   2.6801602e-03
   1.8749745e-01   1.9379785e-01   5.5873789e-02  -4.9065660e-03  -3.0471491e-03   2.3811889e-03
   1.8425066e-01   1.8498761e-01   1.0578834e-01  -5.7274569e-03  -3.0708518e-03   2.4985828e-03
   1.8637540e-01   1.9187150e-01   6.2138426e-02  -4.7256581e-03  -2.8287797e-03   2.5875434e-03
   1.9953659e-01   1.9762455e-01   8.6900203e-02  -5.5552652e-03  -3.0782420e-03   2.5536794e-03
   2.0851522e-01   2.3968686e-01   8.5424431e-02  -5.2702733e-03  -2.9123618e-03   2.7583602e-03
   2.2097918e-01   1.9681073e-01   6.4665851e-02  -4.9880820e-03  -3.0955624e-03   2.6688567e-03
   2.1624825e-01   1.9184018e-01   7.4454501e-02  -4.9372980e-03  -3.1694826e-03   2.3958378e-03
   2.1756879e-01   2.7920662e-01   8.8493414e-02  -5.0649441e-03  -2.9459833e-03   2.5855174e-03
   2.1639775e-01   1.7500144e-01   7.8542361e-02  -4.4871092e-03  -2.8856041e-03   2.5120454e-03
   2.3357534e-01   2.7663386e-01   1.2120742e-01  -5.7071107e-03  -3.4691112e-03   2.4556862e-03
   2.2124159e-01   1.5432034e-01   8.2585139e-02  -5.8673718e-03  -3.3014162e-03   2.3411653e-03
   2.2231527e-01   1.8298887e-01  -2.5754392e-02  -4.7169576e-03  -3.7164303e-03   2.3173010e-03
   2.4123242e-01   2.9601267e-01   2.4867990e-02  -5.5332782e-03  -4.1487193e-03   2.2906405e-03
   2.4892164e-01   1.7463534e-01   5.4540849e-02  -3.5139913e-03  -3.8236626e-03   2.1297641e-03
   2.3952240e-01   2.8104730e-01   6.8983231e-02  -4.8060118e-03  -3.7396423e-03   1.9317004e-03
   2.4883492e-01   2.5611628e-01   1.2116334e-01  -5.0100901e-03  -3.5752205e-03   2.0570317e-03
   2.3516099e-01   1.3572732e-01   1.0983010e-01  -4.3233113e-03  -3.4842751e-03   2.1892828e-03
   2.4596930e-01   2.4054931e-01   8.6300664e-02  -5.1396445e-03  -4.0277422e-03   2.2988524e-03
   2.2705989e-01   1.7573970e-01   7.1521014e-02  -4.7160058e-03  -3.6250122e-03   2.5550656e-03
   2.2991233e-01   1.1803599e-01   5.1361200e-02  -4.4703729e-03  -3.6449856e-03   2.1448619e-03
   2.5375916e-01   2.1460102e-01   8.7634483e-02  -5.5369138e-03  -4.2005884e-03   2.1894931e-03
   2.4652778e-01   2.3411051e-01   9.7560611e-02  -4.7191839e-03  -4.1132187e-03   2.2635447e-03
   2.4421457e-01   1.5766722e-01   6.5388831e-02  -4.4037824e-03  -3.9926963e-03   2.0776843e-03
   2.5580423e-01   1.7314508e-01   1.0871252e-01  -5.5125670e-03  -4.1462903e-03   2.1584991e-03
   2.5242287e-01   1.1464908e-01   1.1941165e-01  -4.7929561e-03  -3.8748960e-03   2.2225299e-03
   2.4799874e-01   1.6804146e-01   6.0645840e-02  -4.3249503e-03  -3.8166260e-03   2.1813727e-03
   2.5850343e-01   1.7973626e-01   8.1512997e-02  -5.6156877e-03  -4.2619263e-03   2.0592671e-03
   2.3364946e-01   2.0064587e-01   6.0830351e-02  -4.4909812e-03  -3.7407057e-03   2.4827296e-03
   2.3658604e-01   2.0715859e-01   4.0760459e-02  -4.6655535e-03  -3.9369955e-03   2.4973489e-03
   2.5743336e-01   2.1865659e-01   5.3717499e-02  -5.3213348e-03  -4.2592703e-03   2.5043407e-03
   2.6897908e-01   7.9792114e-02   5.2575030e-02  -4.7381345e-03  -4.8436017e-03   2.5879389e-03
   2.7767366e-01   1.3472791e-01   6.0099835e-02  -4.8703009e-03  -5.2129816e-03   2.4004562e-03
   2.6514945e-01   1.4841879e-01   1.0522374e-01  -4.5637399e-03  -4.9527573e-03   2.3269093e-03
   2.6892487e-01   1.6128521e-01   6.9607352e-02  -3.7414890e-03  -4.8292615e-03   2.3290420e-03
   2.7049510e-01   2.3548939e-01   8.5964510e-02  -5.1842969e-03  -5.0182165e-03   2.3975278e-03
   2.5467165e-01   1.6381164e-01   1.2057317e-01  -3.8118779e-03  -4.7471057e-03   2.3809363e-03
   2.6053725e-01   1.5934746e-01   6.9196830e-02  -4.1342387e-03  -5.0217401e-03   2.2328200e-03
   2.5923461e-01   1.8240395e-01   7.4138550e-02  -4.7443835e-03  -4.9809089e-03   2.3079322e-03
   2.6138929e-01   8.7882269e-02   7.3826013e-02  -3.9603818e-03  -4.9545769e-03   2.4049077e-03
   2.6151168e-01   1.8296863e-01   7.5370167e-02  -4.4564162e-03  -5.0919763e-03   2.6191908e-03
   2.6264994e-01   2.1346036e-01   1.0381217e-01  -3.9607122e-03  -4.9072188e-03   2.3083029e-03
   2.7660386e-01   1.6305572e-01   1.1353061e-01  -3.4300749e-03  -5.2743814e-03   2.3833073e-03
   2.7443487e-01   1.9992447e-01   1.3333418e-01  -4.4100429e-03  -5.3758254e-03   2.3479745e-03
   2.8763849e-01   1.2315280e-01   1.0489003e-01  -4.7992511e-03  -5.4572365e-03   2.4429499e-03
   2.9691688e-01   1.3948312e-01   9.4595218e-02  -4.7532631e-03  -5.7718893e-03   2.6299658e-03
   2.7890247e-01   2.0970735e-01   9.8786678e-02  -5.4899721e-03  -5.3807315e-03   2.7827137e-03
   2.6053574e-01   1.4052955e-01   7.9436844e-02  -4.9266570e-03  -5.3298322e-03   2.8646876e-03
   2.8115329e-01   1.8085413e-01   8.5194454e-02  -5.4245546e-03  -5.8334656e-03   2.6467330e-03
   2.5756897e-01   1.8519364e-01   8.1514738e-02  -5.7419686e-03  -5.6191130e-03   2.8093886e-03
   2.7257008e-01   1.2299243e-01   5.7023701e-02  -5.4295943e-03  -5.5068082e-03   2.7452725e-03
   2.9500729e-01   2.1551897e-01   7.8582405e-02  -6.1524118e-03  -5.8858625e-03   2.8606921e-03
   2.7286918e-01   1.5089443e-01   7.5673698e-02  -5.5142048e-03  -5.3134078e-03   3.1608284e-03
   2.8941946e-01   1.0373127e-01   5.8344852e-02  -5.5383945e-03  -5.4458025e-03   3.1207687e-03
   2.7683897e-01   1.5302093e-01   6.5502288e-02  -5.7908543e-03  -5.2307344e-03   3.3476926e-03
   2.6483205e-01   1.7745582e-01   5.4927995e-02  -5.8933936e-03  -4.8479467e-03   3.1447042e-03
   2.6065103e-01   1.9382479e-01   1.8737289e-02  -6.1112360e-03  -5.0394170e-03   3.1291603e-03
   2.6018906e-01   1.7559771e-01   4.3147716e-02  -6.5212931e-03  -4.7359489e-03   3.3633428e-03
   2.6267467e-01   1.4681391e-01   2.9802929e-02  -5.6804792e-03  -4.6673329e-03   3.2568707e-03
   2.7164949e-01   2.2804132e-01   1.6220026e-02  -6.8082833e-03  -4.8788109e-03   3.5007298e-03
   2.6151216e-01   2.3999988e-01   4.1188399e-02  -7.3734358e-03  -4.5409361e-03   3.5915933e-03
   2.6582369e-01   1.1154580e-01  -4.8497022e-04  -6.5027767e-03  -4.8934225e-03   3.4442538e-03
   2.7796258e-01   2.2845761e-01   2.8011129e-02  -8.2098182e-03  -5.2229133e-03   3.5037112e-03
   2.8090741e-01   2.2251493e-01   3.0004150e-02  -7.1670098e-03  -5.0702117e-03   3.4562531e-03
   2.8838144e-01   2.5283605e-01  -2.4909605e-02  -7.8198113e-03  -5.3130029e-03   3.3008762e-03
   3.0349328e-01   2.5718604e-01  -2.3716870e-02  -8.2465422e-03  -5.5170273e-03   3.4671138e-03
   2.8326604e-01   2.0947295e-01  -1.2543152e-02  -6.8697428e-03  -5.1069935e-03   3.4200597e-03
   2.9743244e-01   1.9535513e-01   6.2166064e-03  -8.1091578e-03  -5.3462203e-03   3.4097926e-03
   2.7646728e-01   1.6842999e-01  -9.5719534e-03  -7.7491403e-03  -5.1636475e-03   3.2667411e-03
   2.9887018e-01   2.2461382e-01  -4.4793896e-02  -7.7184394e-03  -5.7828252e-03   2.6380477e-03
   2.9662865e-01   3.3460711e-01  -3.7283038e-03  -8.1451901e-03  -5.8303268e-03   2.8450224e-03
   2.9773730e-01   2.7682099e-01  -2.0532784e-02  -7.1155858e-03  -5.4761336e-03   2.5285812e-03
   3.0885166e-01   2.6877947e-01  -2.5593793e-02  -7.9232427e-03  -5.6814633e-03   2.6625169e-03
   3.0009379e-01   2.6423487e-01   1.3405679e-02  -7.4949355e-03  -5.4554816e-03   2.7331132e-03
   2.8669442e-01   2.5341827e-01  -1.9614795e-02  -7.1017818e-03  -5.3744014e-03   2.5563595e-03
   2.9586919e-01   2.5539781e-01   5.8393337e-03  -7.4986065e-03  -5.5299177e-03   2.6290900e-03
   2.9706436e-01   1.8561233e-01  -1.4934022e-02  -7.0673915e-03  -5.1930604e-03   2.5119039e-03
   3.1533081e-01   2.6354571e-01   1.6186666e-02  -8.2386300e-03  -5.6640016e-03   2.5061138e-03
   2.8925749e-01   1.9977254e-01  -3.6716570e-03  -6.4255063e-03  -5.3290709e-03   2.2438888e-03
   2.8921680e-01   2.0879413e-01  -2.2018319e-02  -7.4670230e-03  -5.5488157e-03   2.1624174e-03
   2.9786378e-01   2.1105386e-01  -4.1581117e-03  -7.0496909e-03  -5.5355170e-03   2.1224205e-03
   2.9233738e-01   2.0017885e-01  -6.5140525e-02  -6.9317937e-03  -5.4367648e-03   1.9565089e-03
   3.0995708e-01   2.8382717e-01  -5.1651950e-02  -7.5527928e-03  -5.9402011e-03   1.8716817e-03
   2.7719453e-01   8.9488292e-02  -4.8125977e-02  -6.5000546e-03  -5.3196607e-03   2.0404406e-03
   3.0737033e-01   1.7114491e-01  -2.4207103e-02  -7.1334885e-03  -5.6928151e-03   1.9876043e-03
   3.1067005e-01   2.4006407e-01  -9.0905962e-03  -7.5395571e-03  -5.4085749e-03   2.0745343e-03
   2.9572384e-01   2.2276076e-01  -5.2779647e-02  -7.1906679e-03  -5.3742597e-03   1.9887482e-03
   3.1183886e-01   2.7140808e-01  -2.2972806e-02  -7.6327205e-03  -5.6382318e-03   1.9667596e-03
   2.8521672e-01   2.1242826e-01  -2.5534674e-02  -6.9735395e-03  -5.1551086e-03   2.1330090e-03
   2.8576730e-01   1.8278236e-01  -6.4462886e-02  -6.6927711e-03  -5.1260621e-03   1.8782698e-03
   2.9611572e-01   2.3999604e-01  -2.6969040e-02  -7.5803051e-03  -5.4217297e-03   2.0754199e-03
   2.8442869e-01   1.5812196e-01  -3.1354905e-02  -7.4160156e-03  -5.2172262e-03   1.8193214e-03
   3.0044980e-01   2.0289003e-01  -6.7749229e-02  -7.4197816e-03  -5.4390732e-03   1.7203642e-03
   2.8881452e-01   2.5938892e-01  -4.3187454e-02  -7.0821375e-03  -5.1262455e-03   1.8833479e-03
   2.8255058e-01   2.1390178e-01  -4.6602055e-02  -6.9875496e-03  -5.3786604e-03   1.6802992e-03
   2.8098977e-01   1.3915247e-01  -5.7991599e-02  -6.9693613e-03  -5.4140527e-03   1.4538344e-03
   2.8565069e-01   2.2106864e-01  -3.8991357e-02  -6.8455328e-03  -5.3975168e-03   1.6606330e-03
   2.7851962e-01   1.2506900e-01  -4.1265024e-02  -6.5363661e-03  -5.5252429e-03   1.3468694e-03
   2.8429357e-01   2.2243371e-01  -4.0365574e-02  -7.3076175e-03  -5.8735248e-03   1.1310299e-03
   2.6578509e-01   2.4527791e-01  -4.9246113e-02  -6.8818522e-03  -5.6007450e-03   1.3911267e-03
   2.6434335e-01   2.4302108e-01  -8.2402447e-02  -6.5284876e-03  -5.4089623e-03   1.1334920e-03
   2.7133069e-01   2.5386832e-01  -5.3536343e-02  -7.3607165e-03  -5.6008681e-03   1.1976768e-03
   2.5871398e-01   2.1139448e-01  -4.1450910e-02  -6.9378124e-03  -5.4707924e-03   1.4396799e-03
   2.4372304e-01   1.8048013e-01  -8.7617261e-02  -6.4301916e-03  -5.2285863e-03   1.3661334e-03
   2.6411075e-01   1.6406932e-01  -7.2284747e-02  -7.1515800e-03  -5.5939637e-03   1.4760510e-03
   2.4903211e-01   1.8186378e-01  -6.2617446e-02  -6.8850276e-03  -5.4151019e-03   1.5606920e-03
   2.3777415e-01   1.9042259e-01  -1.0583630e-01  -6.6380471e-03  -5.3450819e-03   1.4841127e-03
   2.6109738e-01   2.6632157e-01  -5.4332145e-02  -7.5542795e-03  -5.7949707e-03   1.4847836e-03
   2.5204799e-01   2.0192963e-01  -5.2422108e-02  -6.3160085e-03  -5.5967668e-03   1.2290845e-03
   2.6882143e-01   1.9726971e-01  -7.7707140e-02  -7.1972629e-03  -5.9066023e-03   1.2913833e-03
   2.5724688e-01   1.9122898e-01  -6.2468456e-02  -7.0153446e-03  -5.4975238e-03   1.6076087e-03
   2.5745195e-01   1.7411330e-01  -1.0098418e-01  -6.9611092e-03  -5.3829125e-03   1.5362837e-03
   2.7461166e-01   1.8588734e-01  -6.4254403e-02  -7.9707895e-03  -5.9041932e-03   1.4164991e-03
   2.3743086e-01   2.7435840e-01  -7.9475602e-02  -7.8763647e-03  -5.2378945e-03   1.8016986e-03
   2.5091291e-01   1.8030109e-01  -1.0777396e-01  -7.1318132e-03  -5.4468313e-03   1.3475199e-03
   2.5826437e-01   2.7995605e-01  -8.1353198e-02  -9.0755728e-03  -5.6674943e-03   1.4274624e-03
   2.6205114e-01   2.1845806e-01  -1.3856232e-01  -7.8759713e-03  -5.6944089e-03   1.3308047e-03
   2.3959211e-01   2.9687157e-01  -1.2640710e-01  -8.7261219e-03  -5.4430609e-03   1.2956594e-03
   2.2951829e-01   2.2713289e-01  -1.0487997e-01  -8.5185879e-03  -5.3385360e-03   1.7036330e-03
   2.3104299e-01   1.8801953e-01  -1.6256326e-01  -8.4406220e-03  -5.5047969e-03   1.4284578e-03
   2.4653603e-01   3.1029480e-01  -1.0374017e-01  -9.3163801e-03  -5.6050960e-03   1.3519824e-03
   2.3957907e-01   1.8729447e-01  -1.4409839e-01  -8.4592345e-03  -5.2197548e-03   1.5840050e-03
   2.4998586e-01   2.4267181e-01  -1.5845975e-01  -8.7696206e-03  -5.5550675e-03   1.3879366e-03
   2.3515800e-01   2.7609630e-01  -1.2830746e-01  -9.2706454e-03  -5.5145489e-03   1.4582217e-03
   2.5397380e-01   1.2158590e-01  -1.4522441e-01  -8.1234458e-03  -5.7189008e-03   9.6877305e-04
   2.7077956e-01   2.5710630e-01  -1.3283590e-01  -9.4421043e-03  -6.1974994e-03   9.8482385e-04
   2.6740179e-01   2.4307872e-01  -1.2424756e-01  -8.5038405e-03  -5.9224914e-03   8.9493993e-04
   2.6563918e-01   2.2994704e-01  -1.5976651e-01  -8.1735481e-03  -5.8017509e-03   7.3363598e-04
   2.8139337e-01   3.2830636e-01  -1.1085219e-01  -8.6288616e-03  -5.9798626e-03   9.8088754e-04
   2.9011704e-01   1.7075773e-01  -1.0556698e-01  -7.1468396e-03  -5.9495348e-03   7.3612416e-04
   2.9707988e-01   2.5684276e-01  -7.2402036e-02  -8.7101551e-03  -6.2099107e-03   7.6805029e-04
   2.7988274e-01   2.2680250e-01  -9.1914307e-02  -7.9662719e-03  -6.0024392e-03   9.2442697e-04
   2.7205281e-01   2.2280078e-01  -1.3206272e-01  -8.2030640e-03  -6.1451044e-03   7.2353872e-04
   2.5805966e-01   2.6836543e-01  -7.6571483e-02  -8.6489211e-03  -6.0040109e-03   7.7179061e-04
   2.6644740e-01   2.2091449e-01  -1.0653529e-01  -7.2323690e-03  -5.9366695e-03   6.3693166e-04
   2.8737158e-01   2.6021688e-01  -1.0998335e-01  -8.5460793e-03  -6.2681002e-03   5.7549582e-04
   2.8106801e-01   2.1212248e-01  -1.2666778e-01  -7.6376275e-03  -5.9871751e-03   5.1087600e-04
   2.7926221e-01   2.1868213e-01  -1.5014102e-01  -7.1785197e-03  -6.0849714e-03   5.7865447e-04
   2.6646881e-01   2.3910949e-01  -1.2633780e-01  -7.4701767e-03  -5.7975631e-03   7.4022912e-04
   2.7463546e-01   9.1573817e-02  -1.5231885e-01  -7.1042740e-03  -6.1498502e-03   4.8904662e-04
   2.7024503e-01   2.6323850e-01  -1.4779863e-01  -7.2102090e-03  -6.1240936e-03   3.6293296e-04
   2.7588128e-01   2.7859762e-01  -1.3709938e-01  -7.4162412e-03  -6.3142260e-03   4.4109087e-04
   2.7586526e-01   1.6063695e-01  -2.0035909e-01  -6.6896137e-03  -6.3289455e-03   3.7171980e-04
   2.9029561e-01   2.4200172e-01  -1.5923645e-01  -7.5790134e-03  -6.4864850e-03   5.9145101e-04
   2.7588745e-01   1.8465626e-01  -1.5701757e-01  -6.5867349e-03  -6.2567517e-03   4.6707852e-04
   2.7693321e-01   2.0248393e-01  -1.5460537e-01  -6.7591098e-03  -6.3719040e-03   9.7781879e-05
   2.3795122e-01   2.0743254e-01  -4.5793019e-01  -4.6763868e-03  -4.3798763e-03  -4.6599416e-04
   2.7749025e-01   1.4450567e-01  -3.7340418e-01  -5.7964372e-03  -5.5142445e-03   5.0579652e-04
   2.6273205e-01   2.1747075e-01  -3.6825692e-01  -5.3261791e-03  -5.3747116e-03   5.0514564e-04
   2.9051826e-01   2.0053881e-01  -3.3987989e-01  -5.5233277e-03  -6.0753052e-03   5.5472516e-04
   2.7233276e-01   2.6371927e-01  -3.1133202e-01  -5.5063510e-03  -5.5808476e-03   7.5493953e-04
   2.8425146e-01   1.1518431e-01  -3.1740614e-01  -4.6436918e-03  -5.5676871e-03   6.0818267e-04
   2.8700609e-01   2.4480534e-01  -3.1102994e-01  -5.9975147e-03  -5.6143999e-03   9.7660375e-04
   2.6411245e-01   2.0615105e-01  -3.5612638e-01  -5.7086658e-03  -5.4633895e-03   8.8322169e-04
   2.7347052e-01   2.4606325e-01  -3.6216964e-01  -6.5559842e-03  -5.8116144e-03   7.7019896e-04
   2.5701610e-01   2.3229037e-01  -3.3360533e-01  -6.6654548e-03  -5.5167530e-03   8.5965126e-04
   2.4744064e-01   2.4250488e-01  -3.5033136e-01  -6.2066113e-03  -5.2267664e-03   9.9955627e-04
   2.6645080e-01   2.8460797e-01  -3.4547718e-01  -7.1626579e-03  -5.6232356e-03   1.1082561e-03
   2.4160431e-01   2.7752765e-01  -3.2281883e-01  -7.4485799e-03  -5.0841819e-03   1.5748033e-03
   2.7860047e-01   2.6048500e-01  -3.3390952e-01  -8.0507380e-03  -5.7186464e-03   1.6199704e-03
   2.7983907e-01   3.0136154e-01  -3.0394322e-01  -8.7987164e-03  -5.9743239e-03   1.5980096e-03
   2.7650663e-01   2.0734973e-01  -3.1243556e-01  -7.6692917e-03  -5.9221351e-03   1.2741052e-03
   2.8421992e-01   2.5050085e-01  -3.2221507e-01  -8.4643322e-03  -6.1413313e-03   1.3854139e-03
   2.7634930e-01   2.5628218e-01  -2.9984917e-01  -8.6283660e-03  -6.1863951e-03   1.7844336e-03
   2.9390575e-01   2.5896697e-01  -3.0765538e-01  -8.4027886e-03  -6.5410598e-03   1.7311484e-03
   3.3911308e-01   2.9600603e-01  -2.7686920e-01  -9.0600417e-03  -7.1412478e-03   1.6255013e-03
   3.3617339e-01   2.4800319e-01  -2.5189716e-01  -9.7993798e-03  -7.0817056e-03   1.6885522e-03
   3.3462412e-01   3.2569874e-01  -2.6730881e-01  -1.0823170e-02  -7.2098048e-03   1.6499322e-03
   3.4133492e-01   3.3031469e-01  -2.5956523e-01  -1.1635779e-02  -7.3470199e-03   1.7123717e-03
   3.4578629e-01   3.0934948e-01  -2.4568454e-01  -1.1832427e-02  -7.5098059e-03   1.9462957e-03
   3.5196085e-01   3.3650521e-01  -2.6003896e-01  -1.0588631e-02  -7.5106329e-03   1.7640985e-03
   3.5105229e-01   3.4354410e-01  -2.4369025e-01  -1.0799206e-02  -7.5905620e-03   1.6539027e-03
   3.4310192e-01   3.7961971e-01  -2.8344512e-01  -1.1066693e-02  -7.4912482e-03   1.8791681e-03
   3.4937686e-01   3.5847788e-01  -2.9081841e-01  -1.1100949e-02  -7.7437306e-03   1.6843909e-03
   3.4872343e-01   3.9598355e-01  -2.5694840e-01  -1.1165539e-02  -7.6181975e-03   1.8885628e-03
   3.5550119e-01   2.7220429e-01  -2.7122043e-01  -9.8954931e-03  -7.4941158e-03   1.5975637e-03
   3.7656803e-01   3.0438210e-01  -2.4600262e-01  -1.1121420e-02  -7.9544006e-03   1.4022737e-03
   3.7401056e-01   2.4672300e-01  -2.5594542e-01  -1.0447046e-02  -7.8761608e-03   1.3960727e-03
   3.6272410e-01   2.6763258e-01  -3.0501000e-01  -1.0745376e-02  -7.8982801e-03   1.5165373e-03
   3.5895621e-01   2.8781361e-01  -1.8909451e-01  -1.0688262e-02  -7.6309941e-03   1.5529962e-03
   3.5404765e-01   1.6984247e-01  -2.7423852e-01  -9.4679788e-03  -7.2586304e-03   6.3136551e-04
   3.7132925e-01   2.1844035e-01  -3.5145422e-01  -1.0038204e-02  -7.7339724e-03   1.0429548e-03
   3.6504328e-01   2.4643561e-01  -3.5819540e-01  -8.6485715e-03  -7.4392451e-03   1.0167771e-03
   3.7566000e-01   2.2629470e-01  -3.2579784e-01  -8.9416550e-03  -7.5477935e-03   1.1410002e-03
   3.8988412e-01   2.2969841e-01  -2.8931234e-01  -8.2242256e-03  -7.7427498e-03   9.0709435e-04
   4.0033203e-01   1.8145553e-01  -2.9146270e-01  -9.0868765e-03  -8.2442718e-03   9.3638971e-04
   3.7514766e-01   2.7923059e-01  -2.9561807e-01  -7.9853793e-03  -7.6486666e-03   8.7458725e-04
   3.9728262e-01   2.6545303e-01  -2.6780170e-01  -8.4123541e-03  -8.0974329e-03   7.3967751e-04
   3.8394562e-01   2.5174251e-01  -2.5980949e-01  -7.6312951e-03  -7.7448387e-03   7.1881516e-04
   3.9075853e-01   2.0831214e-01  -2.7040101e-01  -8.4864732e-03  -8.0909463e-03   5.3791653e-04
   3.8745713e-01   2.5214946e-01  -2.6878547e-01  -8.3445444e-03  -7.9669773e-03   5.6600376e-04
   3.9393091e-01   2.1925723e-01  -2.8442401e-01  -7.9935687e-03  -8.0423392e-03   5.9560949e-04
   3.8508450e-01   2.5980538e-01  -2.7123194e-01  -7.2856646e-03  -7.8662312e-03   4.1406961e-04
   3.8824342e-01   1.6962881e-01  -2.5957427e-01  -7.0192953e-03  -8.2208874e-03   1.7256851e-04
   3.7441775e-01   2.5031561e-01  -2.6438844e-01  -6.9228004e-03  -7.8631249e-03  -3.1678395e-04
   3.4951531e-01   1.6237921e-01  -3.2439453e-01  -6.6798472e-03  -7.4464160e-03  -1.7200176e-04
   3.6297888e-01   2.0694510e-01  -3.2546386e-01  -7.7850776e-03  -7.9696706e-03  -1.4429077e-05
   3.4941251e-01   2.0467330e-01  -3.0577507e-01  -6.7562524e-03  -7.6337768e-03   3.1027125e-04
   3.6714864e-01   1.6241709e-01  -3.1491731e-01  -6.7244698e-03  -7.9354751e-03   1.3219634e-04
   3.6508211e-01   2.4442096e-01  -2.7755843e-01  -7.1912474e-03  -7.6374422e-03  -3.6863974e-05
   3.8585197e-01   2.0059851e-02  -2.8873615e-01  -6.7084906e-03  -7.8898555e-03   4.4096357e-04
   4.0331419e-01   1.7330406e-01  -2.8838169e-01  -6.3201729e-03  -8.5407175e-03   3.5643093e-04
   3.8556848e-01   3.1480562e-01  -2.8047324e-01  -6.4497608e-03  -7.8125520e-03   3.7566816e-04
   3.8433784e-01   2.7835404e-01  -2.8918608e-01  -8.1783240e-03  -7.5814652e-03   6.2559437e-04
   3.5423037e-01   2.4517546e-01  -2.7065200e-01  -8.2397652e-03  -7.3017582e-03   9.6462355e-04
   3.7471209e-01   2.1243072e-01  -3.1257968e-01  -8.1638345e-03  -7.8105299e-03   9.3282818e-04
   3.6280310e-01   2.8495500e-01  -2.4424537e-01  -8.2416128e-03  -7.4213817e-03   9.9833181e-04
   3.8972830e-01   2.0495998e-01  -2.5524387e-01  -8.1631717e-03  -7.7540417e-03   1.0056098e-03
   3.9310556e-01   2.0889683e-01  -3.0198386e-01  -8.8739775e-03  -8.1731198e-03   9.8205833e-04
   3.7519047e-01   2.4282207e-01  -2.9218557e-01  -9.1749531e-03  -7.7581711e-03   1.0119228e-03
   3.6321289e-01   1.9850621e-01  -3.4018135e-01  -8.2890098e-03  -7.5138163e-03   1.1151874e-03
   3.6949065e-01   2.2194443e-01  -3.0939792e-01  -9.3490570e-03  -7.6155655e-03   9.3266685e-04
   3.7222309e-01   2.8344926e-01  -2.9153833e-01  -1.0066086e-02  -7.5001467e-03   1.1780837e-03
   3.8877801e-01   3.1319072e-01  -3.4680100e-01  -9.4026228e-03  -7.9369456e-03   1.0667501e-03
   3.6793496e-01   3.3899590e-01  -3.2874151e-01  -1.0280059e-02  -7.7503346e-03   1.1666658e-03
   3.5627354e-01   1.7469343e-01  -3.5068195e-01  -8.4571197e-03  -7.7927113e-03   1.0288738e-03
   3.7951502e-01   2.5143935e-01  -3.1923237e-01  -9.1395190e-03  -8.1961822e-03   1.1531400e-03
   3.8129419e-01   2.7946317e-01  -3.1814718e-01  -9.7051336e-03  -8.1436042e-03   1.0251606e-03
   3.8991354e-01   2.1807402e-01  -3.2795984e-01  -9.5424736e-03  -8.4190358e-03   1.0926219e-03
   3.8970798e-01   2.8213249e-01  -3.1259773e-01  -9.5145375e-03  -8.2360598e-03   1.2039692e-03
   3.9463614e-01   2.2386479e-01  -3.7315728e-01  -9.1250874e-03  -8.4044065e-03   1.1745427e-03
   3.8327998e-01   2.5644138e-01  -3.4764836e-01  -8.8701216e-03  -8.1215047e-03   1.3170634e-03
   3.7898431e-01   1.7629091e-01  -3.9540100e-01  -8.3007913e-03  -7.7000881e-03   1.0059295e-03
   3.6498522e-01   1.9610388e-01  -3.5115314e-01  -7.4800513e-03  -8.1031088e-03   1.2065193e-03
   2.9650669e-01   2.0676622e-01  -3.7035665e-01  -5.7552527e-03  -6.9121254e-03   1.0238389e-03
   3.4204721e-01   8.3066803e-02  -3.5606402e-01  -6.3214477e-03  -7.6738501e-03   1.1065134e-03
   3.6584640e-01   1.9455880e-01  -3.2617654e-01  -7.3699907e-03  -8.1335050e-03   1.3049482e-03
   3.8941063e-01   1.4593372e-01  -3.3247385e-01  -6.9629911e-03  -8.8059891e-03   1.3970888e-03
   3.8619014e-01   3.0344386e-01  -3.3952869e-01  -7.3627129e-03  -8.8261509e-03   1.4113301e-03
   3.8493517e-01   1.9665497e-01  -3.7879746e-01  -6.5887881e-03  -8.9001483e-03   1.2760697e-03
   3.8538379e-01   3.5348429e-01  -3.4169637e-01  -7.9881312e-03  -9.0360424e-03   1.3131188e-03
   3.7509924e-01   2.9377275e-01  -3.9083203e-01  -7.1055746e-03  -9.0208364e-03   1.3701781e-03
   3.8408608e-01   2.9555091e-01  -3.4342430e-01  -7.6826705e-03  -8.9720647e-03   1.7186331e-03
   3.8594243e-01   2.7149228e-01  -4.0186819e-01  -7.3708514e-03  -8.8953521e-03   1.6457008e-03
