   0.0000000e+00   0.0000000e+00   0.0000000e+00   0.0000000e+00   0.0000000e+00   0.0000000e+00
   1.7866435e-02   6.6699703e-02  -2.6763065e-02  -1.3423041e-03  -3.4670147e-04   3.7317356e-04
   2.5645369e-02   9.5381370e-02  -1.0637515e-01  -1.8428270e-03  -7.7976036e-04   8.1644726e-04
   5.5868841e-02   5.4691345e-02  -6.7028113e-02  -1.4209019e-03  -1.0834543e-03   3.5638326e-04
  -2.5039941e-03   8.4962590e-02  -1.3500835e-01  -1.1784958e-03  -6.5235165e-05   4.4260043e-04
   1.0001139e-02   1.2518026e-01  -1.9378079e-01  -1.5887022e-03  -4.6884962e-04   2.4477112e-05
   3.7807217e-03  -2.3081059e-04  -1.5635521e-01  -4.1116634e-04  -3.1766756e-04   9.5466203e-05
  -2.7908307e-03   1.7595407e-01  -1.3522877e-01  -1.3380527e-03  -2.3462652e-04  -6.7732202e-05
   1.7024374e-03   1.8345721e-02  -1.3931942e-01  -4.2713848e-04  -5.5892438e-04  -1.7903339e-04
  -1.0151698e-03   9.4025416e-02  -8.3824277e-02  -1.3118258e-03  -7.9194648e-05  -4.7039267e-04
  -1.0140044e-02  -4.6513485e-02  -1.7292221e-01  -6.6064837e-04   2.9861127e-04  -2.3920545e-04
  -2.4009287e-02   6.0588755e-02  -1.3091348e-01  -6.5410769e-04   4.3656787e-04  -1.5240613e-04
  -3.5598741e-02   8.2671565e-04  -1.3446604e-01  -3.8118183e-04   4.1170003e-04  -1.7696212e-04
  -2.8890213e-02   9.5034578e-02  -1.7120145e-01  -6.5301214e-04   3.2871873e-04  -3.5581179e-04
  -3.7920812e-02  -4.0680115e-03  -9.8838080e-02  -4.4784573e-04   5.7110517e-04  -5.4686317e-04
  -1.5064385e-02   5.4190728e-02  -2.0646323e-01  -1.4490946e-03   7.6709669e-05  -1.7975094e-04
  -2.4885478e-02   1.0100621e-01  -2.1787252e-01  -1.2021215e-03   1.6402585e-04  -3.3505559e-04
  -2.1116396e-03  -3.0665816e-02  -1.5954713e-01  -4.5206817e-04  -4.5964240e-04  -2.8785844e-04
   1.8632283e-02   1.2166695e-01  -6.5678658e-02  -9.7542802e-04  -3.6630960e-04  -2.6202607e-04
  -1.0527644e-02   7.6119834e-02  -1.5783002e-01  -8.7324595e-04  -1.1503139e-04  -3.8094821e-05
  -2.0013621e-03   1.0123138e-02  -5.6466344e-02  -5.0722410e-04  -2.3819940e-04  -6.4302789e-04
  -6.3345206e-02   1.5058111e-01  -1.6587499e-01  -1.3025401e-03   6.3913350e-04  -9.9457336e-04
  -1.1879997e-01   3.9436977e-02  -9.0288784e-02  -8.7938055e-04   1.5796232e-03  -1.6742548e-03
  -1.3307490e-01   2.0424023e-01  -1.4330174e-01  -2.0112110e-03   1.8758321e-03  -1.4732247e-03
  -1.3674280e-01   9.0772694e-02  -2.1882111e-01  -7.7086384e-04   1.8935040e-03  -1.4044322e-03
  -1.2316442e-01   1.0964331e-01  -1.3393216e-01  -1.0603158e-03   1.7465021e-03  -1.2254415e-03
  -1.2459731e-01   9.7036623e-02  -1.7011883e-01  -1.2345680e-03   1.9031442e-03  -1.1620005e-03
  -1.3522341e-01  -3.8000516e-03  -1.1913687e-01  -1.6653819e-04   2.0472909e-03  -1.8038778e-03
  -1.0720409e-01   1.6530971e-01  -9.2678093e-02  -1.3449129e-03   1.5372881e-03  -1.7883201e-03
  -1.1481303e-01  -8.0515321e-04  -1.7160235e-01  -3.4292506e-04   1.6386220e-03  -1.8205480e-03
  -1.0781685e-01   1.6274404e-01  -8.8160152e-02  -2.5066933e-04   1.5475636e-03  -2.1971186e-03
  -9.0583814e-02   1.9729756e-01  -1.0685485e-01  -1.0731193e-03   1.0834138e-03  -2.1209336e-03
  -1.0465351e-01   4.1549057e-02  -1.6005341e-01  -3.5847331e-04   1.5490439e-03  -1.9144192e-03
  -9.9512174e-02   1.2661132e-01  -1.1632749e-01  -8.7779336e-04   1.2507443e-03  -2.1246645e-03
  -1.0880089e-01   1.9623441e-03  -1.6489447e-01  -1.2638536e-04   1.3296214e-03  -2.1428668e-03
  -1.1109584e-01   6.0085211e-02  -8.7947724e-02  -1.0773880e-04   1.5652289e-03  -2.4389052e-03
  -1.1326354e-01   6.2489980e-02  -9.2758645e-02  -7.4697092e-04   1.6351830e-03  -2.6348691e-03
  -1.0685613e-01   4.7900753e-02  -1.5109484e-01  -3.8215838e-04   1.2937679e-03  -3.0966898e-03
  -9.2767978e-02   1.4997139e-01  -1.2191500e-01  -4.2624518e-04   1.1057036e-03  -3.1050688e-03
  -6.9437915e-02  -4.9541510e-02  -1.5995892e-01   1.9667801e-05   4.7799932e-04  -2.8260054e-03
  -6.4255010e-02  -9.2997690e-03  -9.6315982e-02   5.4703467e-04   5.8828736e-04  -2.9300116e-03
  -7.3646464e-02   4.2027314e-02  -1.1183015e-01  -2.5048518e-04   8.1677270e-04  -2.9852731e-03
  -1.0659280e-01   5.2901281e-02  -1.2783147e-01   2.6701452e-04   1.1557529e-03  -2.7778797e-03
  -7.7961642e-02  -6.7660138e-03  -8.6359038e-02   4.4980525e-04   9.0217861e-04  -2.9775019e-03
  -1.1770600e-01   2.6297820e-02  -1.0681227e-01   2.2061296e-04   1.2946826e-03  -3.3363769e-03
  -9.0043967e-02   5.9390290e-02  -1.1717521e-01   4.0087672e-05   1.0325233e-03  -3.3055815e-03
  -5.2255861e-02   9.2170524e-02  -1.0036044e-01  -1.2415835e-04   1.3050103e-05  -3.7105788e-03
  -2.2352863e-02   2.0119300e-02  -1.3709935e-01   7.2693413e-04  -6.6169003e-04  -4.1635019e-03
  -3.8662175e-02   1.4956060e-02  -7.7807250e-02   6.1019242e-04   3.3491710e-05  -4.0889662e-03
  -6.8588748e-02   1.0916222e-02  -8.3975290e-02   5.5637955e-05   5.4279514e-04  -3.9832424e-03
  -6.0350207e-02   2.7667398e-02  -8.4269500e-02   7.5092282e-04   5.3619831e-04  -4.1181120e-03
  -7.1266742e-02   1.6431519e-01  -3.4719137e-02   7.0186697e-05   7.0271876e-04  -4.3707950e-03
  -9.7860183e-02   2.8730347e-02  -1.0873184e-01   8.3467226e-04   8.8150207e-04  -4.4062984e-03
  -7.4189794e-02   5.9955701e-03  -7.9447380e-02   1.0052035e-03   4.8483868e-04  -4.5998335e-03
  -9.7269036e-02   7.1842083e-02  -4.9775502e-02   8.0979822e-04   9.7572877e-04  -4.3553707e-03
  -8.2317354e-02   6.8294616e-02  -1.3023006e-01   1.0678709e-03   6.9694872e-04  -4.1489469e-03
  -8.7510571e-02   6.6630069e-02  -4.1591999e-02   7.8739952e-04   6.1805633e-04  -4.2436210e-03
  -8.9470107e-02   6.0216305e-02  -1.0115879e-01   9.4132761e-04   6.3005362e-04  -4.2492832e-03
  -7.5808538e-02   1.0725011e-02  -4.2628125e-02   1.2891659e-03   5.4905574e-04  -4.3794047e-03
  -6.6989466e-02   1.2573627e-01  -8.4020347e-03   6.1993108e-04   6.5375166e-04  -4.6002865e-03
  -1.0271919e-01   2.3529920e-03  -6.9918925e-02   1.2546935e-03   1.2845389e-03  -4.4225405e-03
  -1.0076403e-01   8.4865626e-03  -1.9745600e-02   1.3419089e-03   1.0824340e-03  -4.4406283e-03
  -1.2213920e-01   1.2136463e-01  -8.0430684e-02   7.0112263e-04   1.3092601e-03  -4.2881558e-03
  -8.4771737e-02  -2.6038728e-02  -4.2361890e-02   1.7577248e-03   1.0898189e-03  -4.3931472e-03
  -9.9742184e-02   6.3207025e-02  -3.4285781e-02   1.0848971e-03   1.6415817e-03  -4.4591972e-03
  -8.5389537e-02  -1.6621368e-01  -1.9458824e-02   3.8226054e-03   9.8846773e-04  -5.2098084e-03
  -5.0092922e-02  -3.1786114e-01   1.1196293e-01   5.4840505e-03   1.3354855e-03  -5.8631731e-03
  -1.9006910e-02  -3.8760157e-01   1.0007259e-01   7.1651210e-03   1.1386183e-03  -5.8199196e-03
  -4.5331566e-02  -4.2973384e-01   1.0996839e-01   7.2846800e-03   1.3380387e-03  -5.6881520e-03
   7.8445496e-02  -4.1599660e-01   1.4490705e-01   7.0585715e-03  -8.2957555e-04  -5.8878756e-03
   5.3783907e-02  -3.2940903e-01   1.8741333e-01   5.8131020e-03  -3.6404864e-04  -5.6674369e-03
   1.0457353e-01  -4.0491645e-01   1.3383799e-01   6.9792134e-03  -7.7263617e-04  -5.7316977e-03
   3.9609029e-02  -2.1058105e-01   1.6124971e-01   6.2997781e-03   5.1279733e-04  -5.5723348e-03
   3.1170935e-02  -3.7982859e-01   9.3629489e-02   6.6362555e-03   1.1518721e-03  -4.9604112e-03
   5.5361309e-02  -3.8156194e-01   1.6001227e-01   7.1837517e-03   4.6300036e-04  -4.6293865e-03
   9.2168085e-03  -2.6526730e-01   9.6138424e-02   6.8645379e-03   1.0086237e-03  -4.9712865e-03
  -1.7130278e-03  -4.1932624e-01   1.3073643e-01   7.7151812e-03   1.2376922e-03  -5.1971801e-03
  -1.4814481e-02  -2.6111897e-01   1.0645600e-01   6.5748900e-03   1.4209943e-03  -5.2113388e-03
  -1.5205836e-02  -3.9265197e-01   5.9231050e-03   7.3002547e-03   1.1604984e-03  -5.1118117e-03
  -1.1644817e-02  -2.8385689e-01   5.9739884e-02   6.7359516e-03   1.0050826e-03  -5.2816137e-03
  -6.6529759e-03  -3.6595703e-01   1.5863250e-02   7.6431908e-03   9.5674800e-04  -5.0995580e-03
  -8.1820480e-03  -3.5690631e-01   1.1798243e-01   8.1206018e-03   1.3773066e-03  -5.3663169e-03
   8.6297736e-03  -3.3455991e-01   7.5850016e-02   6.4973635e-03   4.8294323e-04  -5.3153598e-03
   2.5895928e-02  -3.6687455e-01   9.8383302e-02   7.4923988e-03   7.3050089e-04  -5.6289545e-03
  -5.1208018e-03  -3.7280508e-01   9.1370423e-02   7.7625224e-03   1.0454069e-03  -5.7571307e-03
  -7.6050634e-03  -4.3615976e-01   7.1062277e-02   7.8606405e-03   1.0166594e-03  -5.6411444e-03
  -6.4476827e-03  -3.4052411e-01   1.3998887e-01   7.5293030e-03   1.0761043e-03  -5.8153199e-03
  -4.0968868e-02  -3.5515911e-01   5.1704272e-02   7.6638917e-03   1.5255840e-03  -5.7716466e-03
  -5.4408170e-03  -3.8056423e-01   1.0132143e-01   7.6076255e-03   1.0915901e-03  -5.7866534e-03
  -3.9885095e-02  -3.9411345e-01   1.3172315e-02   7.8468021e-03   1.4359274e-03  -5.7250619e-03
  -3.1360068e-02  -3.3477836e-01   9.1185921e-02   7.7109294e-03   1.2755950e-03  -6.0906311e-03
  -5.9760402e-02  -3.3906323e-01   2.5151110e-03   7.2795150e-03   1.5425715e-03  -5.9846803e-03
  -6.0750190e-02  -3.7409739e-01   5.4447771e-02   7.7452473e-03   1.7485563e-03  -6.1080666e-03
  -5.2727113e-02  -2.2586462e-01   7.2713213e-02   6.8347526e-03   1.6210043e-03  -6.2266433e-03
  -8.4301210e-02  -3.0345148e-01   3.9703824e-02   7.2788687e-03   1.7818563e-03  -6.0682564e-03
  -5.5087049e-02  -2.7403725e-01   1.0967458e-01   6.9639778e-03   1.5960544e-03  -6.2485772e-03
  -5.5737599e-02  -3.1821570e-01   3.6226742e-02   7.0158445e-03   1.6908927e-03  -6.1506305e-03
  -5.3129866e-02  -3.5993904e-01   8.9736403e-02   7.7772972e-03   1.4095234e-03  -6.3319630e-03
  -5.8137669e-02  -3.5260313e-01   8.3855837e-02   7.1970595e-03   1.5709828e-03  -6.4329367e-03
  -8.0235457e-02  -3.1242350e-01   8.1627569e-02   7.7488815e-03   1.8446576e-03  -6.4161201e-03
  -2.0761694e-02  -2.4794879e-01   1.5860586e-01   7.3153964e-03   6.9053003e-04  -6.5056181e-03
  -2.6115202e-02  -2.4792365e-01   6.2298852e-02   6.7089737e-03   3.9000782e-04  -6.2074769e-03
  -2.5151985e-02  -3.5800135e-01   6.4072714e-02   6.9312185e-03   5.7891135e-04  -6.4478560e-03
  -5.7914447e-02  -2.3479903e-01  -1.4068499e-02   6.7787185e-03   1.1841763e-03  -5.9785573e-03
  -4.3324619e-02  -2.9513373e-01   6.4048082e-02   6.8224264e-03   1.2963887e-03  -6.1223811e-03
  -6.1125457e-02  -2.5218742e-01   5.9858368e-02   7.0149865e-03   1.6151112e-03  -6.0864675e-03
  -9.2884110e-02  -3.4008181e-01   5.9598016e-02   7.3397085e-03   1.9976801e-03  -6.1069169e-03
  -6.7148255e-02  -2.0402638e-01   6.4676249e-02   6.6518276e-03   1.5342369e-03  -6.4078811e-03
  -8.4158129e-02  -2.8357436e-01   3.3930643e-02   7.2915825e-03   1.6876413e-03  -6.2302703e-03
  -6.5817180e-02  -2.5952106e-01   7.7971110e-02   7.1720446e-03   1.6780580e-03  -6.2663601e-03
  -8.6178827e-02  -2.4894438e-01   7.5900421e-03   6.8650223e-03   1.9749097e-03  -6.0456761e-03
  -6.0258417e-02  -3.1696172e-01   1.8943561e-02   6.8347773e-03   1.4891349e-03  -5.9784891e-03
  -6.5219182e-02  -1.9079995e-01   2.5450117e-02   6.0092901e-03   1.4241436e-03  -6.0386822e-03
  -8.1749109e-02  -2.5634470e-01   1.3202344e-02   7.1381183e-03   1.9715095e-03  -6.3807055e-03
  -8.9576334e-02  -2.0078544e-01   2.8097383e-02   6.3267871e-03   1.9298002e-03  -6.2200394e-03
  -8.1467531e-02  -3.3732604e-01  -4.2603985e-02   7.3614751e-03   1.6573878e-03  -5.9954360e-03
  -8.6804807e-02  -1.8584803e-01   6.3658263e-03   6.8189891e-03   1.7515617e-03  -5.8840183e-03
  -1.1183335e-01  -3.0762040e-01  -6.2472415e-02   7.4904817e-03   2.3280412e-03  -6.0052991e-03
  -1.0598259e-01  -2.9194576e-01   5.5197353e-03   7.4370191e-03   2.3964795e-03  -6.0335179e-03
  -1.0771911e-01  -2.7850510e-01  -4.3247475e-02   7.2181623e-03   2.3662258e-03  -6.0926441e-03
  -1.1573778e-01  -2.4860458e-01   3.6093890e-02   7.7114169e-03   2.5965560e-03  -6.0439036e-03
  -1.3873454e-01  -2.3368607e-01  -2.7550394e-02   6.9092417e-03   2.9104857e-03  -6.0287202e-03
  -1.2817810e-01  -2.5199124e-01   1.7171882e-02   7.7324724e-03   2.9137392e-03  -6.1147240e-03
  -1.4924406e-01  -2.0318512e-01   1.8423967e-02   6.9916110e-03   3.0350245e-03  -5.8411526e-03
  -1.5541475e-01  -3.7045812e-01  -1.5575451e-02   7.9699540e-03   3.2276269e-03  -5.8349223e-03
  -1.5251851e-01  -2.3382919e-01   4.2596298e-02   6.8057733e-03   3.3928844e-03  -5.9762068e-03
  -1.6665408e-01  -3.1079701e-01  -4.7064369e-02   7.0797110e-03   3.6197986e-03  -6.0461256e-03
  -1.0003621e-01  -3.6213612e-01   6.1605682e-02   7.5870337e-03   2.5092653e-03  -6.1535451e-03
  -1.5303931e-01  -2.2490988e-01  -3.2763786e-02   7.3749712e-03   3.2488504e-03  -5.9751266e-03
  -1.2533683e-01  -2.6039310e-01   3.6306280e-02   7.6618571e-03   3.0997445e-03  -6.1064203e-03
  -1.4032506e-01  -3.0532169e-01   5.2440177e-02   7.4349724e-03   3.1431847e-03  -6.0673591e-03
  -1.3567513e-01  -3.6877973e-01   1.0811238e-02   7.8222322e-03   3.5430506e-03  -5.8888880e-03
  -1.6773655e-01  -2.9772907e-01   2.7566935e-02   7.5376964e-03   3.9454603e-03  -5.7732189e-03
  -1.9236324e-01  -2.5728099e-01  -5.3819292e-02   7.8256573e-03   4.4703600e-03  -5.6713016e-03
  -1.8891524e-01  -2.4112502e-01   8.2578672e-03   8.0051064e-03   4.4991487e-03  -5.6404168e-03
  -1.7873511e-01  -3.3479804e-01   3.0746171e-02   7.9686088e-03   4.1821432e-03  -5.6096469e-03
  -1.6611256e-01  -3.0432316e-01  -5.0202049e-03   8.0468210e-03   3.8664530e-03  -5.7473124e-03
  -1.6864580e-01  -2.5135671e-01   4.0746143e-02   7.9269646e-03   3.7782019e-03  -5.8268458e-03
  -1.8122625e-01  -3.0132071e-01  -1.8836593e-02   7.6486644e-03   4.1110450e-03  -5.5616879e-03
  -1.5793462e-01  -3.5021245e-01  -2.8877329e-02   8.3449873e-03   3.8419495e-03  -5.5851994e-03
  -1.8915353e-01  -2.5871462e-01  -1.6095668e-03   7.4490349e-03   4.1137679e-03  -5.6244155e-03
  -1.8741135e-01  -4.1185074e-01  -1.9757552e-02   8.3653885e-03   4.0712425e-03  -5.6690517e-03
  -1.4690022e-01  -2.4609689e-01   1.1277820e-02   7.4483955e-03   3.6538994e-03  -5.4811305e-03
  -1.6294180e-01  -3.1725442e-01  -3.6404490e-02   8.1414880e-03   4.0805618e-03  -5.4318282e-03
  -1.5033062e-01  -1.9959084e-01   2.0952642e-02   8.2676414e-03   3.9490752e-03  -5.8028216e-03
  -1.6893961e-01  -3.3145893e-01  -1.0739069e-02   8.1444319e-03   4.1257049e-03  -5.8742635e-03
  -1.6964626e-01  -3.7275495e-01  -1.4006833e-02   8.6474898e-03   4.2777605e-03  -6.0115205e-03
  -1.7520961e-01  -2.2968060e-01   1.8269041e-02   7.7430180e-03   4.2537558e-03  -6.0525443e-03
  -1.5913092e-01  -2.9823557e-01  -2.4121552e-02   8.3396991e-03   3.9013368e-03  -5.7925263e-03
  -1.4361190e-01  -2.8433183e-01   3.1548440e-02   8.2326649e-03   3.8090100e-03  -5.8679503e-03
  -1.5365622e-01  -2.1573273e-01  -5.1560130e-02   8.1058480e-03   3.6346598e-03  -5.4298275e-03
  -1.2251327e-01  -3.0010133e-01  -2.0519472e-02   8.1263787e-03   3.1990955e-03  -5.6526637e-03
  -1.6717210e-01  -3.0274381e-01  -5.2694468e-02   8.0147361e-03   3.8578079e-03  -5.9376043e-03
  -1.4342342e-01  -3.3901459e-01  -5.7300804e-03   8.4487299e-03   3.6695404e-03  -6.1046257e-03
  -1.6373530e-01  -2.7768754e-01  -1.7499428e-02   8.1070034e-03   4.0745820e-03  -6.1425049e-03
  -1.3015443e-01  -3.1559086e-01  -1.8910170e-02   8.0727865e-03   3.3378291e-03  -5.8421953e-03
  -1.4600010e-01  -1.6493535e-01  -3.9747084e-02   7.6106559e-03   3.3855408e-03  -5.7156504e-03
  -1.6706822e-01  -3.7442434e-01  -6.8705706e-02   8.2486005e-03   3.6978741e-03  -5.7641765e-03
  -1.6092457e-01  -2.5068498e-01  -7.1587589e-02   7.5472405e-03   3.3605486e-03  -5.9169704e-03
  -1.7690374e-01  -3.3553633e-01  -7.4519078e-02   8.1913100e-03   3.6468405e-03  -5.9306972e-03
  -1.5977924e-01  -3.0565214e-01  -3.8514116e-02   7.6501463e-03   3.4003375e-03  -6.1666898e-03
  -1.6939188e-01  -3.1482992e-01  -8.5170363e-02   7.9114397e-03   3.5904643e-03  -6.1001899e-03
  -1.5854614e-01  -2.6321358e-01  -4.3633447e-02   8.2045650e-03   3.4617880e-03  -6.0212456e-03
  -1.5437651e-01  -3.3992414e-01  -7.6309774e-02   8.3435294e-03   3.5082657e-03  -5.7334555e-03
  -1.6476799e-01  -1.8099070e-01  -1.4850709e-01   7.7505018e-03   3.4017439e-03  -5.7791325e-03
  -1.3022903e-01  -2.9746002e-01  -5.3858034e-02   7.8199447e-03   3.0174717e-03  -5.9480708e-03
  -1.5481697e-01  -3.2490715e-01  -1.1521319e-01   8.2920045e-03   3.2813698e-03  -5.7006466e-03
  -1.3324477e-01  -2.2680997e-01  -1.8891186e-01   7.5052773e-03   2.6349758e-03  -5.8848010e-03
  -1.0848226e-01  -5.2172313e-01  -5.7712519e-02   9.2257316e-03   2.7073410e-03  -6.2147034e-03
  -1.1443826e-01  -2.4439466e-01  -6.6764076e-02   8.8943173e-03   2.7806650e-03  -5.9797414e-03
  -1.4781213e-02  -2.9713748e-01   1.3533694e-02   9.1356041e-03   1.2062768e-03  -6.2257141e-03
  -8.5790049e-02  -3.6328153e-01  -4.5610167e-02   9.0743714e-03   2.5047376e-03  -6.0295206e-03
  -4.0202155e-02  -4.7515197e-01   5.9017121e-03   1.0108178e-02   2.1125703e-03  -6.1281444e-03
  -8.9848988e-02  -3.2477607e-01  -7.6461599e-02   9.2193239e-03   2.7079512e-03  -5.7591872e-03
  -6.8930267e-02  -4.1437749e-01  -4.9125384e-02   9.4981445e-03   2.2988762e-03  -5.6642316e-03
  -7.8791851e-02  -3.6901883e-01  -3.5256304e-02   9.3359556e-03   2.3101963e-03  -5.8953278e-03
  -7.4689835e-02  -5.1221572e-01  -2.6258106e-03   1.0604064e-02   2.1810233e-03  -6.0332697e-03
  -1.0093605e-01  -1.7132165e-01  -4.5933487e-02   8.9410386e-03   2.2053552e-03  -6.0979209e-03
  -7.1890295e-02  -4.7457461e-01  -3.7859285e-02   9.9839637e-03   1.7352739e-03  -6.0868212e-03
  -9.0452778e-02  -3.2398343e-01  -3.0156494e-02   9.3291428e-03   1.8689939e-03  -6.1448858e-03
  -8.6236292e-02  -4.9573449e-01  -4.3983142e-02   1.0435787e-02   2.1756992e-03  -6.2459406e-03
  -1.0614135e-01  -3.0620316e-01  -3.3026944e-02   9.3224867e-03   2.5157805e-03  -6.2237780e-03
  -1.2657165e-01  -4.3953082e-01  -1.0526308e-01   1.0695897e-02   2.5572286e-03  -6.4952157e-03
  -1.0569415e-01  -3.3541585e-01   3.2030805e-03   1.0304091e-02   2.1404755e-03  -6.7954794e-03
  -1.3883081e-01  -3.1475007e-01  -9.4721785e-02   9.7346699e-03   2.7333404e-03  -6.6066133e-03
  -1.3414493e-01  -3.9435501e-01  -6.3792163e-02   1.1008492e-02   2.6946371e-03  -6.6984692e-03
  -1.5230734e-01  -2.5223144e-01  -8.2004253e-02   9.1356133e-03   2.7936789e-03  -6.6626487e-03
  -1.1408543e-01  -4.0981314e-01  -6.2381347e-02   1.0161039e-02   2.3512259e-03  -6.5636807e-03
  -1.2144076e-01  -3.8342995e-01  -6.6118139e-02   9.4299400e-03   2.2258152e-03  -6.7462555e-03
  -1.0597027e-01  -4.2637451e-01  -6.7213390e-02   9.9854057e-03   2.2186528e-03  -6.6938427e-03
  -1.2902620e-01  -3.3511766e-01  -2.1281040e-02   9.7443479e-03   2.5780741e-03  -6.8956433e-03
  -1.6994166e-01  -4.1285114e-01  -8.4775360e-02   1.0013078e-02   3.1423249e-03  -6.7135115e-03
  -1.3250640e-01  -4.1287066e-01  -5.1512786e-02   1.0322354e-02   2.7556394e-03  -6.7693354e-03
  -1.5636533e-01  -3.5485441e-01  -5.2485774e-02   9.9020567e-03   2.9067967e-03  -6.4830411e-03
  -1.4924133e-01  -3.3601334e-01  -1.0228322e-01   9.7423785e-03   2.7966713e-03  -6.3036591e-03
  -1.8638757e-01  -2.8071927e-01  -2.1267035e-01   9.3047696e-03   3.1160467e-03  -6.4646156e-03
  -1.5378981e-01  -3.3682226e-01  -1.4048665e-01   9.3068837e-03   2.7831628e-03  -6.5825325e-03
  -1.4802945e-01  -3.3068943e-01  -1.5311749e-01   9.6034807e-03   2.6670767e-03  -6.4810580e-03
  -1.5445857e-01  -3.3645233e-01  -1.0859395e-01   1.0324557e-02   3.1134957e-03  -6.8970474e-03
  -1.6867618e-01  -2.3999017e-01  -1.2476795e-01   9.5040680e-03   3.4035370e-03  -7.0246506e-03
  -1.6767600e-01  -4.3144016e-01  -1.4663234e-01   1.0598580e-02   3.5980814e-03  -6.9440499e-03
  -1.3979495e-01  -2.2437203e-01  -6.7831501e-02   9.2222783e-03   2.9189560e-03  -6.6506827e-03
  -1.5020524e-01  -3.8797986e-01  -1.2783332e-01   1.0508026e-02   3.1642199e-03  -6.7536039e-03
  -1.4528395e-01  -3.2203985e-01  -6.8817662e-02   9.9105516e-03   3.3401383e-03  -6.9871455e-03
  -1.6965103e-01  -3.5269099e-01  -1.6283942e-01   9.9217413e-03   3.4773720e-03  -6.8315131e-03
  -1.5654473e-01  -2.8807290e-01  -1.1455828e-01   9.4536888e-03   3.1651900e-03  -6.7694904e-03
  -1.7373401e-01  -2.6338285e-01  -1.6745317e-01   9.1165157e-03   3.3204715e-03  -6.8407199e-03
  -1.5173753e-01  -3.3300388e-01  -7.8259397e-02   9.8929372e-03   3.2016173e-03  -6.8524506e-03
  -1.4249985e-01  -3.0330888e-01  -4.5290244e-02   8.9677149e-03   2.9155984e-03  -7.0232031e-03
  -1.5717457e-01  -3.6843195e-01  -1.1745839e-01   9.5152104e-03   3.2935759e-03  -6.8713892e-03
  -1.2146162e-01  -3.3172356e-01  -1.0173474e-01   9.2039055e-03   2.9368996e-03  -6.8039078e-03
  -1.5575627e-01  -3.1366991e-01  -1.1330842e-01   8.8910561e-03   3.3511410e-03  -7.0422364e-03
  -1.2950705e-01  -4.0906813e-01  -6.7700742e-02   9.8075691e-03   3.0766870e-03  -6.9900322e-03
  -1.3579449e-01  -3.1404065e-01  -3.6810756e-02   9.2099580e-03   3.2122766e-03  -6.6565334e-03
  -1.2355119e-01  -3.8928787e-01  -1.0934948e-01   1.0089393e-02   3.0434833e-03  -6.5868715e-03
  -1.4252255e-01  -3.0960107e-01  -1.9447147e-02   9.7612026e-03   3.0821462e-03  -6.8336568e-03
  -1.2248550e-01  -4.7058787e-01  -8.7435092e-02   1.0169560e-02   2.6026130e-03  -6.7181444e-03
  -1.4140269e-01  -4.3272114e-01  -2.6569006e-02   1.0059532e-02   2.9462047e-03  -7.1929660e-03
  -1.6576132e-01  -3.8032806e-01  -1.0128586e-01   9.4104239e-03   3.2169583e-03  -7.3740526e-03
  -1.3934514e-01  -4.2549378e-01  -5.2018463e-02   1.0134333e-02   2.9463178e-03  -7.3597384e-03
  -1.4523484e-01  -2.8348943e-01  -6.3546331e-02   9.4916344e-03   3.2099370e-03  -7.1307370e-03
  -1.4765612e-01  -4.3155318e-01  -4.4913590e-02   1.0519464e-02   3.3436218e-03  -7.0665421e-03
  -1.4593372e-01  -2.8622388e-01  -4.0038214e-02   9.6273593e-03   3.1982309e-03  -7.2918473e-03
  -1.7166888e-01  -3.8336455e-01  -7.8332297e-02   1.0307228e-02   3.5335710e-03  -7.1153219e-03
  -1.4583348e-01  -3.9113600e-01   5.5339136e-03   1.0044495e-02   3.1700227e-03  -7.2130255e-03
  -1.7152243e-01  -3.8229059e-01  -8.3637811e-02   9.0774535e-03   3.4396582e-03  -7.1056565e-03
  -1.5697095e-01  -4.5290732e-01  -3.3243897e-02   9.8623569e-03   3.2070601e-03  -7.3558964e-03
  -1.6471656e-01  -2.8439279e-01  -1.0103747e-01   8.9301789e-03   3.3171184e-03  -7.1241495e-03
  -1.4721147e-01  -4.0953973e-01  -7.2953854e-02   9.9044127e-03   3.2493205e-03  -7.1294051e-03
  -1.8715593e-01  -2.2089184e-01  -8.3765734e-02   9.2008797e-03   3.7513996e-03  -7.2848589e-03
  -1.7776620e-01  -3.7703481e-01  -5.9420556e-02   1.0389410e-02   3.6791123e-03  -7.4148554e-03
  -1.7854832e-01  -2.7059676e-01  -1.2772795e-02   9.0402085e-03   3.6977747e-03  -7.2178169e-03
  -1.4784289e-01  -3.7139724e-01  -6.9785944e-02   9.9404056e-03   3.0687014e-03  -6.9282664e-03
  -1.6207086e-01  -3.1111555e-01  -3.0356718e-02   9.1566030e-03   3.5276027e-03  -6.8875814e-03
  -1.6110123e-01  -3.4874752e-01  -8.6123041e-02   9.9447921e-03   3.4651954e-03  -6.8448504e-03
  -1.8367624e-01  -2.9220108e-01  -2.6391323e-02   9.5332113e-03   3.7739797e-03  -6.7431502e-03
  -1.7514919e-01  -3.9389400e-01  -1.0643196e-01   1.0044225e-02   3.5913952e-03  -6.5313211e-03
  -1.8909665e-01  -2.9526272e-01  -4.7902022e-02   9.6087807e-03   3.9305725e-03  -6.5333953e-03
  -1.7113332e-01  -3.9459654e-01  -9.6502861e-02   1.0030218e-02   3.8136667e-03  -6.4242928e-03
  -1.9852180e-01  -3.7784912e-01  -5.0237199e-02   9.4177924e-03   4.2260831e-03  -6.5667449e-03
  -1.8329593e-01  -4.2033032e-01  -1.0423958e-01   9.8864824e-03   4.1990577e-03  -6.4488438e-03
  -1.9903728e-01  -2.7743430e-01  -1.1579059e-01   8.9357978e-03   4.5573069e-03  -6.4073726e-03
  -2.1574676e-01  -3.4664889e-01  -1.5511284e-01   9.6055888e-03   4.8440195e-03  -6.2398894e-03
  -1.9693569e-01  -2.8896656e-01  -7.7090235e-02   9.0031189e-03   4.6586725e-03  -6.3563011e-03
  -2.2586058e-01  -4.4321063e-01  -1.3816615e-01   1.0165805e-02   4.7119833e-03  -6.3981817e-03
  -2.3388917e-01  -3.7372362e-01  -7.4627312e-02   9.6687309e-03   4.7435327e-03  -6.6063021e-03
  -2.4564480e-01  -3.2814568e-01  -1.4390276e-01   9.3805850e-03   4.8685148e-03  -6.4191074e-03
  -2.2035969e-01  -4.0632829e-01  -9.6985952e-02   9.9056888e-03   4.4295356e-03  -6.5163897e-03
  -2.2825618e-01  -2.2595835e-01  -1.2302727e-01   9.3594856e-03   4.3400990e-03  -6.5621232e-03
  -2.1148935e-01  -3.6569834e-01  -1.1876422e-01   9.9399397e-03   4.4034449e-03  -6.3982495e-03
  -2.1374182e-01  -2.2844437e-01  -1.2037354e-01   9.2108651e-03   4.3665278e-03  -6.2716129e-03
  -2.1837818e-01  -3.9892852e-01  -1.1060827e-01   1.0219689e-02   4.6024005e-03  -6.2148872e-03
  -2.2464848e-01  -2.6264823e-01  -8.8393403e-02   9.1298445e-03   4.5761764e-03  -6.5341541e-03
  -2.3585900e-01  -4.4757180e-01  -1.5953449e-01   1.0210755e-02   4.6736643e-03  -6.7786792e-03
  -2.3385097e-01  -3.1155233e-01  -8.1725387e-02   9.6700213e-03   4.6966906e-03  -6.7765785e-03
  -2.4136498e-01  -3.6004878e-01  -1.6132236e-01   9.6777010e-03   4.6656856e-03  -6.7820602e-03
  -2.1159613e-01  -3.3876091e-01  -1.0488837e-01   9.6229588e-03   4.0482600e-03  -6.7624534e-03
  -2.3653997e-01  -2.7616422e-01  -1.5070296e-01   9.1406308e-03   4.2378383e-03  -7.0633976e-03
  -2.1417350e-01  -3.2669364e-01  -1.5453721e-01   9.9005665e-03   4.1059875e-03  -6.8632091e-03
  -2.2181561e-01  -3.6148805e-01  -1.1731924e-01   9.2815691e-03   4.1924562e-03  -6.9656875e-03
  -2.4347543e-01  -4.2076055e-01  -1.2050124e-01   9.8627816e-03   4.7118880e-03  -6.9141445e-03
  -2.4858937e-01  -2.6123459e-01  -8.3570029e-02   9.4960635e-03   4.6674480e-03  -6.9659747e-03
  -2.6553176e-01  -3.3351855e-01  -1.4040237e-01   9.8513340e-03   4.9796983e-03  -6.8041685e-03
  -2.4023482e-01  -2.9542331e-01  -1.3412021e-01   9.0969277e-03   4.5534317e-03  -6.8491433e-03
  -2.7247265e-01  -3.6045210e-01  -1.7765303e-01   9.6952271e-03   4.9296025e-03  -6.9172010e-03
  -2.4266480e-01  -3.3234455e-01  -1.0653949e-01   9.4108216e-03   4.5549283e-03  -6.8587290e-03
  -2.8068317e-01  -3.2109196e-01  -1.5720445e-01   9.4434463e-03   5.0648924e-03  -6.8776866e-03
  -2.4414647e-01  -3.6126588e-01  -6.2302904e-02   9.5227196e-03   4.5782426e-03  -7.0905501e-03
  -2.6832033e-01  -2.5190782e-01  -1.4098246e-01   9.0466666e-03   4.8174286e-03  -7.0647530e-03
  -2.4177904e-01  -3.7150178e-01  -6.1164104e-02   9.7401880e-03   4.3599803e-03  -7.2190974e-03
  -2.4970285e-01  -2.3866239e-01  -1.1446237e-01   8.9936786e-03   4.4940681e-03  -7.1316244e-03
  -2.7204259e-01  -4.1292077e-01  -9.5317259e-02   1.0037760e-02   4.9239414e-03  -6.9342294e-03
  -2.6324930e-01  -2.5140201e-01  -4.8317496e-02   8.7280151e-03   4.9359029e-03  -7.0342965e-03
  -2.7407869e-01  -3.7989771e-01  -1.2468032e-01   9.4601268e-03   4.8515656e-03  -6.8182585e-03
  -2.6322549e-01  -3.7720614e-01  -7.8812618e-02   8.9935837e-03   4.9374724e-03  -6.8418067e-03
  -2.9626779e-01  -3.8481031e-01  -1.0879457e-01   9.3693303e-03   5.4358290e-03  -7.1635489e-03
  -2.8700683e-01  -3.7429852e-01  -9.0472372e-02   9.6423825e-03   5.4406080e-03  -7.0896750e-03
  -2.8823604e-01  -3.0006144e-01  -9.5583713e-02   9.0050556e-03   5.2464811e-03  -7.1155315e-03
  -3.0320902e-01  -4.1512358e-01  -1.2932573e-01   9.7040975e-03   5.8081289e-03  -6.9443039e-03
  -2.6914495e-01  -3.4146141e-01  -7.7628705e-02   9.5470426e-03   5.3547076e-03  -6.9000583e-03
  -3.1860925e-01  -3.6064636e-01  -1.3327585e-01   9.5081905e-03   6.0739206e-03  -6.8032809e-03
  -3.0358477e-01  -3.7989333e-01  -1.1613925e-01   9.5718037e-03   5.9339083e-03  -6.7469489e-03
  -3.0156797e-01  -3.1798688e-01  -1.0896454e-01   9.1262456e-03   5.9277175e-03  -6.8767999e-03
  -2.9012552e-01  -4.0272588e-01  -1.2335563e-01   9.7828860e-03   5.9454374e-03  -6.7465766e-03
  -2.7513268e-01  -3.1814591e-01  -8.7308488e-02   9.4369921e-03   5.4651682e-03  -6.9196145e-03
  -3.1115869e-01  -3.3657146e-01  -1.5559276e-01   9.0081531e-03   5.9701387e-03  -6.8585550e-03
  -2.8468411e-01  -2.9304455e-01  -1.3326681e-01   9.2468533e-03   5.6026395e-03  -6.8964584e-03
  -3.0850833e-01  -2.5322451e-01  -1.5509131e-01   8.6452099e-03   5.6489869e-03  -6.7048123e-03
  -2.7948322e-01  -2.8906456e-01  -1.7090664e-01   9.0281761e-03   5.3080541e-03  -6.6705603e-03
  -2.9641895e-01  -2.6876391e-01  -1.2357670e-01   8.7364870e-03   5.4247657e-03  -6.5854541e-03
  -2.9846115e-01  -3.3859021e-01  -1.7829930e-01   9.2347997e-03   5.5653694e-03  -6.4296609e-03
  -2.9030194e-01  -3.3937937e-01  -1.2215521e-01   9.2578954e-03   5.3635238e-03  -6.5214876e-03
  -2.8341521e-01  -2.6610459e-01  -1.5980812e-01   8.6302023e-03   5.2899571e-03  -6.7428920e-03
  -2.8646803e-01  -2.7863719e-01  -1.3382498e-01   9.4826620e-03   5.5783466e-03  -6.4606296e-03
  -2.8971935e-01  -2.5100495e-01  -1.3949180e-01   8.7626899e-03   5.5105906e-03  -6.5779281e-03
  -3.0077381e-01  -3.6436013e-01  -1.4547841e-01   9.7805448e-03   5.7979133e-03  -6.6936091e-03
  -2.6505039e-01  -3.0581543e-01  -7.8006981e-02   8.7201729e-03   5.3029185e-03  -6.6080500e-03
  -3.0295983e-01  -3.3950896e-01  -1.4104351e-01   9.2685042e-03   5.8014685e-03  -6.7634381e-03
  -2.8718454e-01  -2.3901034e-01  -1.3131601e-01   9.2876495e-03   5.7018354e-03  -6.9520977e-03
  -3.1079197e-01  -2.7189214e-01  -2.0508812e-01   9.1165461e-03   5.8992760e-03  -7.1022863e-03
  -2.9988762e-01  -3.0767404e-01  -1.4495585e-01   9.9472385e-03   5.7199306e-03  -6.9381780e-03
  -3.1248336e-01  -2.2917804e-01  -1.3008317e-01   8.7279970e-03   5.8535785e-03  -6.8976655e-03
  -2.9590642e-01  -3.5033987e-01  -1.5147618e-01   9.4622492e-03   5.5094861e-03  -7.0722560e-03
  -3.0025972e-01  -3.1665743e-01  -7.9554988e-02   9.0338767e-03   5.7949069e-03  -7.1549262e-03
  -2.7423774e-01  -3.2235793e-01  -1.5766902e-01   8.9685205e-03   5.1239100e-03  -7.1140154e-03
  -2.8238098e-01  -3.4650354e-01  -1.0594968e-01   9.5565109e-03   5.3081111e-03  -7.0858921e-03
  -2.8418888e-01  -3.0626768e-01  -9.6017583e-02   9.1814980e-03   5.3892434e-03  -7.2523162e-03
  -2.6373956e-01  -3.6914796e-01  -1.1036536e-01   9.9384048e-03   5.3075138e-03  -7.3556126e-03
  -2.7936470e-01  -2.3837371e-01  -9.5489929e-02   9.3519506e-03   5.3266927e-03  -7.4477072e-03
  -3.1064117e-01  -3.8430080e-01  -1.5486498e-01   9.9275863e-03   5.8192924e-03  -7.1798791e-03
  -2.8440865e-01  -2.5709240e-01  -1.0011712e-01   9.0077129e-03   5.6222556e-03  -7.1998165e-03
  -2.9103765e-01  -3.7319556e-01  -1.4745368e-01   9.2837136e-03   5.7832497e-03  -7.1388214e-03
  -2.8535650e-01  -3.2495285e-01  -1.3542333e-01   9.7024910e-03   5.7946291e-03  -6.8850783e-03
  -3.1614279e-01  -2.6932225e-01  -1.4764287e-01   8.8132961e-03   6.3688345e-03  -6.8696659e-03
  -2.9637344e-01  -3.7331280e-01  -1.7803289e-01   9.7208925e-03   5.9429019e-03  -7.0456984e-03
  -3.1573081e-01  -2.6938778e-01  -7.9734821e-02   9.4184769e-03   6.0652503e-03  -7.1772862e-03
  -3.3677575e-01  -3.1934773e-01  -1.3742039e-01   9.5659463e-03   6.3829145e-03  -7.1369881e-03
  -2.9232460e-01  -3.7314212e-01  -1.1562276e-01   9.6562220e-03   5.6120184e-03  -7.2559085e-03
  -3.3507593e-01  -3.2550233e-01  -1.3496512e-01   8.8124917e-03   6.2845382e-03  -7.2021200e-03
  -3.0564235e-01  -4.1794536e-01  -1.2213307e-01   9.4772001e-03   5.7774126e-03  -7.0584554e-03
  -3.2076604e-01  -2.5825376e-01  -1.1583242e-01   9.2830647e-03   6.0046452e-03  -7.1602380e-03
  -3.2851449e-01  -3.6050952e-01  -1.2766644e-01   9.9543560e-03   6.4938518e-03  -7.4565374e-03
  -3.2005770e-01  -3.1299393e-01  -8.8020371e-02   9.6036319e-03   6.3171665e-03  -7.5014480e-03
  -3.7585917e-01  -3.0996916e-01  -1.4933647e-01   9.5753764e-03   6.8650616e-03  -7.3614019e-03
  -3.4556295e-01  -3.2427322e-01  -8.8758572e-02   9.6530105e-03   6.8963003e-03  -7.2367821e-03
  -3.6396133e-01  -2.7978194e-01  -1.4744491e-01   9.3385449e-03   7.0694953e-03  -7.3778021e-03
  -3.5575971e-01  -3.9855095e-01  -1.6600607e-01   1.0206903e-02   6.8833992e-03  -7.6017899e-03
  -3.5545677e-01  -2.5984010e-01  -1.1711832e-01   9.0807186e-03   6.8719604e-03  -7.3136625e-03
  -3.4119379e-01  -4.5987580e-01  -1.5824419e-01   1.0320078e-02   6.8035858e-03  -7.1793848e-03
  -3.4189205e-01  -2.6066231e-01  -8.0949576e-02   9.9141158e-03   6.9164669e-03  -7.4090212e-03
  -3.8457918e-01  -3.5818789e-01  -1.8637610e-01   9.7551179e-03   7.2973035e-03  -7.4147451e-03
  -3.2517131e-01  -3.8472082e-01  -1.1040937e-01   9.9125609e-03   6.3110189e-03  -7.4882922e-03
  -3.6048101e-01  -2.8220421e-01  -1.2100151e-01   9.8560863e-03   6.6819867e-03  -7.4595714e-03
  -3.3653225e-01  -3.2561690e-01  -1.0142997e-01   9.6837055e-03   6.4980201e-03  -7.4933221e-03
  -3.3435704e-01  -2.9789784e-01  -1.1846128e-01   9.1825817e-03   6.3878846e-03  -7.3957638e-03
  -3.3792212e-01  -3.6635515e-01  -1.4031942e-01   9.9852333e-03   6.4686163e-03  -7.5006948e-03
  -3.2440459e-01  -2.4039824e-01  -8.1437645e-02   9.0357298e-03   6.1882803e-03  -7.4011050e-03
  -3.4034663e-01  -3.8860213e-01  -1.7244259e-01   9.9685418e-03   6.4644179e-03  -7.5510484e-03
  -3.3553518e-01  -3.3634184e-01  -8.8384871e-02   9.9207602e-03   6.3736966e-03  -7.6065211e-03
  -3.3627307e-01  -3.4104401e-01  -9.8651581e-02   9.3352648e-03   6.5902239e-03  -7.5495337e-03
  -3.0443522e-01  -4.0268273e-01  -6.1429708e-02   1.0245808e-02   6.2157622e-03  -7.6420871e-03
