   0.0000000e+00   0.0000000e+00   0.0000000e+00   0.0000000e+00   0.0000000e+00   0.0000000e+00
   2.3260051e-03   3.9049517e-02  -1.2067864e-01  -5.3290488e-04   3.1768392e-05  -1.6047257e-04
   7.6911960e-03  -1.5371669e-01  -7.9612192e-02   5.2478075e-04   1.9417092e-04  -2.2938202e-04
   4.0419955e-02  -1.6264128e-02  -1.5122748e-01  -5.2119242e-04  -2.9744288e-04  -4.8114371e-05
   5.3125958e-02  -2.6954460e-01  -9.0730021e-02   9.5618812e-04  -2.2768283e-04  -3.3818326e-04
   4.1247122e-02   8.8460473e-02  -2.3413310e-01  -5.9792718e-04  -2.8578671e-04  -2.4082887e-04
   3.4243033e-02  -4.3522646e-02  -2.3741428e-01  -7.0320404e-05  -1.2549620e-04  -3.3917794e-04
   4.3928232e-02  -2.5889230e-03  -1.2568513e-01  -3.5867585e-04  -2.8994780e-04  -1.1236630e-04
   3.9282167e-02  -8.5424009e-02  -2.4553530e-01  -5.8954686e-04  -3.3433641e-04  -2.1159304e-04
   1.9124177e-02  -1.4889164e-01  -1.9369579e-01   1.1238119e-04   9.8527659e-07  -2.9430207e-04
   4.9339615e-02   1.4617469e-02  -8.7888012e-02  -5.0429529e-04  -6.4971177e-04  -5.6624379e-05
   8.5311218e-02  -3.4959358e-01  -7.5697236e-02   1.0006337e-03  -8.9734008e-04  -7.8025017e-05
   5.8827536e-02   1.4484352e-01  -1.6909134e-01  -4.6086918e-04  -5.8100548e-04  -1.4137982e-04
   5.1001324e-02  -6.9336296e-02  -1.3861320e-01   1.7052012e-04  -4.4252685e-04  -1.9645818e-04
   5.7092978e-02   3.0731194e-02  -1.2202362e-01  -2.6363388e-04  -6.0133741e-04  -7.5986337e-05
   5.7569108e-02  -9.6168949e-02  -2.7799845e-01  -9.0389818e-05  -6.5158217e-04  -2.7728251e-04
   6.2895234e-02   1.4611280e-01  -2.9100298e-01  -7.2525612e-04  -6.1733451e-04  -5.4074093e-04
   6.0739864e-02  -3.2208546e-01  -8.3620119e-02   1.2912050e-03  -6.2980616e-04  -3.3480073e-04
   6.1988626e-02  -1.7600231e-01  -2.2776857e-01   6.8286929e-04  -5.4772835e-04  -3.4699639e-04
   6.1902902e-02  -1.9296111e-03  -8.9458194e-02   2.3190501e-04  -6.8005346e-04  -3.6363265e-04
   6.9374963e-02  -3.5306122e-01  -1.8614764e-01   1.1014806e-03  -6.1907428e-04  -2.5212391e-04
   4.9044893e-02   7.3694595e-02  -1.4901393e-01  -2.4252188e-04  -4.5109710e-04  -2.5836585e-04
   5.4091999e-02  -1.0160368e-01  -1.6211008e-01   1.6355934e-04  -4.0611854e-04  -6.7561704e-05
   4.9117235e-02  -2.2374037e-01  -1.5079729e-01   4.1948195e-04  -2.4808961e-04  -2.1910399e-04
   5.1657701e-02  -2.1353640e-02  -1.8454906e-01  -4.5195773e-04  -2.8747530e-04  -1.7948769e-04
   6.2224950e-02  -4.9502323e-02  -1.7631961e-01  -4.0343639e-04  -3.7571393e-04   6.1293151e-05
   4.2275967e-02  -3.7794590e-02  -1.8759002e-01  -2.1300137e-04  -8.5803265e-05   5.2030512e-05
   5.5779013e-02  -2.3481543e-01  -2.1655494e-02   8.2236392e-04  -1.9309726e-04   1.7735316e-04
   4.3661814e-02  -1.4524146e-01  -1.9023797e-01   5.6832624e-04  -1.0424638e-04   1.7608540e-04
   7.2037585e-02  -8.2006307e-03  -9.0053329e-02   1.0410590e-04  -5.4170858e-04   4.9212741e-04
   4.7791260e-02  -1.1923598e-01  -2.0436798e-01   7.0020464e-05  -1.8854468e-04   3.8232667e-04
   4.8851322e-02  -7.0839354e-02  -2.0648644e-01   5.1402915e-04  -1.8174358e-04   1.5283364e-04
   3.2503815e-02  -2.4159551e-03  -1.3712276e-01   1.6376930e-04  -3.4208442e-05   1.7372758e-04
   3.9758957e-02  -8.9926527e-02  -1.4092260e-01   3.0323688e-04  -1.6211090e-04   2.8880860e-04
   2.3867877e-02  -1.9840776e-01  -1.2582710e-01   8.5204412e-04   1.1836523e-04   2.3262582e-04
   3.8357312e-02   3.5077508e-02  -1.2807279e-01  -2.8819973e-04  -2.2718410e-04   3.5636899e-04
   1.8944943e-02  -5.4907781e-02  -1.2641384e-01  -5.1329138e-06   2.7416031e-05   2.8099226e-04
   3.6875619e-02  -2.4881863e-01   1.6850649e-02   1.0081473e-03  -7.4608634e-05   4.4327075e-04
   4.1513338e-02  -2.0109568e-01  -8.8877304e-02   8.1687859e-04  -1.2900770e-04   4.1221426e-04
   3.4087164e-02   1.2750507e-01  -1.2861654e-01  -3.5153261e-04  -1.3467595e-04   1.6235114e-04
   1.1531945e-02   4.9541917e-02  -1.8894993e-01  -4.4585251e-04   1.6968252e-04   2.7909263e-04
   8.1386728e-03   4.8303806e-02  -1.5046947e-01  -8.2037200e-05   2.3053657e-04   9.9479813e-05
   2.3236368e-02   1.0213099e-01  -1.7597166e-01  -3.0830259e-04   9.1437424e-05   1.5628678e-04
   3.5808518e-02  -7.3402239e-02  -1.1572069e-01  -3.1125253e-04  -1.7412960e-04   1.6871540e-04
   2.7824248e-02  -5.1911699e-02  -1.1891484e-01  -7.9636762e-04  -1.1103701e-04   1.0729135e-04
   3.3362325e-02  -6.0131993e-02  -1.3873923e-01  -9.2747682e-04  -2.2109684e-04   1.6954453e-04
   4.9852221e-02  -8.6647678e-02  -1.2424950e-01  -6.1661659e-04  -5.4152404e-04   1.6195575e-04
   3.1460992e-02  -2.1209491e-01  -1.5526961e-01   5.2609605e-04  -1.2094919e-04   2.1789150e-05
   5.9678367e-02  -2.2076079e-02  -9.3942786e-02   5.1298041e-05  -5.8203895e-04   3.7457147e-04
   4.5677227e-02  -2.1561758e-01  -1.9879160e-01   1.3368274e-03  -1.8873149e-04   1.4008351e-04
   6.5095339e-02   5.4593923e-02  -9.1969625e-02   5.9848838e-04  -5.4689303e-04   3.1035356e-04
   4.2314109e-02  -7.3006601e-02  -1.4731475e-01   5.7370415e-04  -2.2032831e-04   3.4604107e-04
   5.0619321e-02  -1.4538241e-01  -1.8997708e-01   1.1709508e-03  -3.2390152e-04   3.3960268e-04
   1.4804621e-02   4.2633930e-02  -1.9594124e-01   2.8866691e-04   1.4863103e-04   2.2228173e-04
   4.1043399e-02  -1.9102539e-01  -1.2518551e-01   1.3207973e-03  -3.5682752e-04   2.9068605e-04
   3.8485828e-02  -1.2495939e-01  -1.3396897e-01   9.6185978e-04  -3.0762964e-04   4.1419046e-04
   4.5751941e-02  -8.6127781e-02  -1.0961300e-01   8.5605668e-04  -3.9561267e-04   3.3517614e-04
   4.7141336e-02  -2.8788231e-01  -9.1810387e-02   1.5812111e-03  -2.1907817e-04   2.2860030e-04
   6.0497856e-02  -5.1698657e-02  -9.3973802e-02   5.7565951e-04  -4.5439227e-04   4.2032784e-04
   4.9716523e-02  -2.2650330e-01  -1.9340735e-01   1.5990897e-03  -8.2542446e-05   3.3481953e-05
   6.5350047e-02  -1.1361824e-01  -1.4611479e-02   1.4369415e-03  -3.9240826e-04   1.9774020e-04
   5.8334717e-02  -1.7579451e-01  -2.2357071e-01   1.3262043e-03  -3.4395186e-04   1.9405157e-04
   8.5277037e-02  -1.4681705e-01  -2.2225872e-02   2.0391430e-03  -7.0154912e-04   2.7737385e-04
   7.8676658e-02  -1.8496105e-01  -2.0288466e-01   1.8973776e-03  -6.5814986e-04   3.5663739e-04
   6.7027502e-02  -7.1908034e-02  -2.3298591e-02   1.5833550e-03  -5.3125972e-04   3.3289048e-04
   7.4892433e-02  -1.6698852e-01  -2.0698372e-01   1.4472148e-03  -5.8430469e-04   2.2819709e-04
   3.7008318e-02  -2.0713911e-02  -1.1813822e-01   1.2387672e-03  -1.0350693e-04   1.7232255e-04
   5.0893326e-02  -1.2956830e-01  -8.7315629e-02   1.3412148e-03  -3.0623916e-04   3.6181763e-04
   3.6796494e-02  -2.1176873e-01  -2.2559297e-01   1.4861025e-03   1.3222960e-05   1.4982273e-04
   5.4788581e-02  -1.3242555e-01  -5.2313544e-02   1.5787247e-03  -3.1339200e-04   3.3098864e-04
   3.3690393e-02  -1.8455387e-01  -2.4125644e-01   1.1321698e-03   9.1920017e-05   1.2070536e-04
   1.1563432e-02  -5.3432252e-03  -1.6632974e-01   6.4692721e-04   3.6142643e-04   6.9800275e-05
   2.8393894e-02  -1.4719076e-01  -9.4540825e-02   8.3264009e-04   1.3541310e-04   3.3582412e-04
   2.2195266e-02  -2.0758734e-01  -2.2632743e-01   1.3729486e-03   2.4797215e-04   1.1548586e-04
   3.6404416e-02  -1.6971369e-02  -1.1739299e-01   9.5886365e-04   2.0166112e-05   3.3991416e-04
   2.9560091e-02  -1.3912268e-01  -1.6548508e-01   7.0587329e-04   1.6566867e-04   3.1991347e-04
   3.4169582e-02  -3.9535802e-02  -1.5310667e-01   4.4435719e-04   6.8823288e-05   3.6511967e-04
   2.6259508e-02  -6.5670993e-02  -1.5951929e-01   1.7194261e-04   2.2425536e-04   3.5859664e-04
   3.4377726e-02  -2.2230259e-03  -1.1262421e-01   9.7151841e-05  -4.4643349e-05   5.3716933e-04
   4.4563144e-02  -2.3938749e-01  -4.1583396e-02   1.0352421e-03  -1.0059726e-04   4.1727633e-04
   5.3384295e-02  -1.5183120e-02  -1.5734019e-01   9.6898124e-05  -3.8612984e-04   3.0800515e-04
   7.5093290e-02  -2.4574670e-01  -1.1332629e-01   1.9909985e-03  -5.0294294e-04   2.2601604e-05
   5.8208510e-02   1.0046472e-01  -1.2311907e-01   1.1697831e-04  -4.7750630e-04   2.7123948e-04
   4.1026540e-02   1.5938105e-02  -1.6197697e-01  -1.2132124e-04  -2.5431252e-04   4.0427494e-04
   4.3621787e-02   4.8775183e-02  -1.5829794e-01  -4.3785515e-04  -3.0970121e-04   3.9149327e-04
   5.2396870e-02   6.4521125e-02  -1.8134451e-01  -4.6701945e-04  -4.9936187e-04   4.3650915e-04
   4.3693787e-02   8.8631178e-02  -1.2055296e-01  -4.3031735e-04  -5.2417800e-04   4.9823681e-04
   6.7343887e-02  -2.7209086e-01   1.3920972e-02   1.5542984e-03  -7.2662629e-04   2.3089432e-04
   3.7299045e-02  -3.1345973e-02  -2.1958813e-01   7.2896754e-05  -3.3134875e-04   1.7220182e-04
   7.5267980e-02  -1.1285803e-01  -4.6543288e-02   1.4904106e-03  -7.7167241e-04   2.4588205e-04
   6.8405222e-02   5.8966569e-02  -1.5856701e-01  -1.1295391e-04  -6.8782608e-04   4.4198473e-04
   4.5197580e-02   7.5869685e-02  -1.9386606e-01  -2.3719812e-04  -4.8267159e-04   4.0617790e-04
   4.3127481e-02   1.1278988e-01  -1.9871102e-01  -1.4237970e-04  -5.1876613e-04   3.9696326e-04
   4.9508155e-02  -2.7064180e-02  -2.2775398e-01   2.0771377e-04  -5.6656741e-04   8.9088390e-05
   6.0055361e-02  -1.1384757e-01  -1.8218770e-01   4.3987614e-04  -6.1733480e-04   7.7505299e-05
   7.3345813e-02  -9.9858400e-02  -1.3610497e-01   4.1584621e-04  -7.6135618e-04   2.4519334e-04
   7.7118163e-02  -1.9242825e-01  -1.7147902e-01   6.6388425e-04  -9.2702672e-04   1.8445907e-04
   9.5341619e-02  -4.1303280e-01  -1.0329198e-01   1.9875652e-03  -1.0023563e-03  -1.2682171e-04
   7.9682073e-02   1.1198101e-01  -2.0463700e-01  -9.4217906e-06  -1.0580194e-03  -2.2409618e-05
   6.3397307e-02  -5.3112529e-02  -2.3945006e-01   6.0903960e-04  -7.7317960e-04  -5.8292461e-05
   7.4221482e-02  -6.4751368e-03  -9.1021510e-02   9.3508054e-04  -8.7462163e-04  -1.0123222e-04
   8.6983936e-02  -2.0173512e-02  -1.3957567e-01   2.4069482e-04  -1.1403665e-03   1.6863332e-04
   6.0966509e-02  -5.7044496e-02  -2.2518097e-01   8.5622620e-04  -6.3795213e-04   9.9205008e-06
   5.5040583e-02   7.2883144e-03  -1.3702618e-01   6.5412891e-04  -6.8123670e-04   1.5639774e-04
   6.9160676e-02  -1.2451343e-01  -6.9523238e-02   1.3072102e-03  -7.0298262e-04  -4.7496489e-05
   6.7374536e-02  -3.1428340e-02  -1.9339271e-01  -4.4632761e-05  -7.7865188e-04   1.7317215e-04
   5.7801006e-02   1.9400215e-02  -2.0382932e-01  -2.6304816e-04  -6.6308922e-04   1.8571241e-04
   3.9386789e-02  -1.1112611e-02  -1.6026365e-01  -1.7341290e-04  -5.2193142e-04   2.8567750e-04
   4.8928600e-02  -3.9284629e-02  -1.8473693e-01  -2.1986145e-05  -5.6319005e-04   3.7363805e-04
   9.1738967e-02  -1.7724108e-01  -5.8417151e-04   1.5631874e-03  -9.7098952e-04   2.1253471e-04
   6.5284402e-02  -9.2541764e-02  -2.2137968e-01   2.3391758e-05  -7.4855534e-04   2.4508939e-04
   9.3551445e-02  -6.2022715e-02  -2.0168241e-01   6.4755909e-04  -1.0544737e-03  -4.4533793e-05
   8.3244670e-02  -6.3465736e-03  -1.6561387e-01   1.5848076e-04  -1.0116377e-03   8.4703125e-05
   7.3546314e-02  -4.5554615e-02  -2.1747295e-01  -1.7422894e-04  -9.1281332e-04   1.1989200e-04
   6.5867129e-02  -1.3688150e-01  -2.6911564e-01   8.8356860e-04  -7.1795497e-04  -2.0185169e-04
   7.5340308e-02  -8.6930464e-04  -1.1758414e-01   4.5458994e-04  -1.0009600e-03  -7.9319753e-05
   6.0674557e-02  -8.0115723e-02  -2.9049119e-01   3.0850931e-04  -8.1489423e-04   4.8760209e-05
   7.0926857e-02  -1.7097713e-01  -1.2600508e-01   1.5454985e-03  -7.7563234e-04  -1.1475572e-04
   8.6829525e-02   6.4865327e-03  -1.9135797e-01   4.4705362e-04  -1.1025722e-03   2.7736767e-05
   8.1275121e-02  -2.6895147e-01  -1.1729639e-01   1.9772650e-03  -9.1611902e-04  -4.1078320e-05
   6.6362551e-02   5.7657014e-02  -2.3278277e-01   1.3100245e-04  -9.3533007e-04  -2.2410739e-05
   9.9068924e-02  -2.7479195e-01  -6.6281673e-02   2.1704084e-03  -1.1990045e-03   1.4028354e-05
   5.9513181e-02   5.7772186e-02  -2.5650597e-01   3.4447670e-04  -8.1878100e-04   1.5929301e-04
   4.4996530e-02   1.4344788e-02  -2.3797065e-01   5.7149116e-04  -6.1787032e-04   6.7207874e-05
   6.0528858e-02   4.7225710e-03  -9.8703658e-02   8.8616204e-04  -7.7257974e-04   2.1526190e-04
   5.0625132e-02  -2.0549762e-01  -2.0264801e-01   9.4673003e-04  -6.5981507e-04   2.0575608e-04
   6.1829779e-02  -1.9168311e-02  -9.5063168e-02   4.2321710e-04  -7.9623495e-04   3.1098498e-04
   6.4506433e-02  -6.0966552e-02  -2.1598008e-01   1.7105349e-04  -8.0110219e-04   3.4425605e-04
   6.1735765e-02  -1.3141818e-01  -1.5142715e-01   9.9586980e-04  -6.3541345e-04   3.3427246e-04
   5.0827301e-02   5.4021498e-02  -1.4798806e-01   3.6449721e-04  -5.9513664e-04   2.8796007e-04
   4.7283673e-02  -7.8843079e-02  -2.1776530e-01   2.4404378e-04  -5.3063804e-04   4.0324382e-04
   3.4959583e-02  -1.3120984e-02  -2.1713992e-01   5.1741789e-04  -3.5741010e-04   2.7966572e-04
   5.5880506e-02  -9.7211042e-03  -1.8745905e-01   4.1067293e-04  -5.1221091e-04   3.2165406e-04
   7.4954802e-02   4.7673152e-03  -1.6450788e-01   2.0571587e-04  -7.1252064e-04   3.4976191e-04
   8.8360000e-02  -1.5183746e-01  -1.1072739e-01   4.5565890e-04  -8.9219016e-04   3.4882844e-04
   9.1096411e-02  -1.2868763e-01  -1.1352560e-01   4.7817936e-04  -1.0271524e-03   3.8714081e-04
   7.9181323e-02   1.0845295e-02  -2.4110942e-01   4.0367688e-04  -9.8331658e-04   3.7852167e-04
   1.2480899e-01  -2.3568068e-01  -3.8343376e-02   2.1401763e-03  -1.4945828e-03  -9.4227006e-05
   9.0677991e-02  -2.5136371e-02  -2.6914299e-01   5.7211880e-04  -1.1197075e-03   1.4664068e-04
   9.1414796e-02  -3.1462899e-02  -1.7140497e-01   1.6041443e-03  -1.1402295e-03  -1.4351528e-05
   9.9703424e-02  -3.9420887e-02  -1.4463784e-01   7.9287827e-04  -1.2993412e-03   2.2343811e-04
   8.4818720e-02  -1.7597684e-01  -3.0924068e-01   8.0648031e-04  -9.7047694e-04   3.8981288e-06
   9.3653433e-02  -3.2860586e-02  -1.8684597e-01   8.3401655e-04  -1.2540717e-03   1.2690407e-04
   7.7474958e-02  -4.8740143e-02  -2.2350201e-01   4.4700090e-04  -1.0179033e-03   1.2652768e-04
   7.3373723e-02  -3.8769918e-02  -2.2748919e-01   1.1720005e-04  -9.5488287e-04   8.0821281e-05
   6.4288159e-02  -1.9591632e-02  -1.7773749e-01   1.0920719e-05  -8.7601700e-04   1.9018132e-04
   4.1625496e-02   5.1218084e-02  -2.0529587e-01  -4.3766751e-04  -5.9355423e-04   1.7026486e-04
   5.1998810e-02  -2.1046321e-02  -2.3513727e-01  -2.1291976e-04  -6.8479550e-04  -1.5073012e-05
   8.6627156e-02  -1.9999173e-01  -3.5664556e-02   1.6924852e-03  -9.9309601e-04   1.7598997e-04
   7.9726987e-02  -1.9120887e-01  -3.2514996e-01   9.6578242e-04  -9.9632776e-04  -3.2466964e-05
   7.5745898e-02   1.5227548e-01  -1.9435015e-01  -2.6116314e-04  -1.0532666e-03  -8.0313437e-05
   9.0287686e-02   1.1856796e-01  -2.5317070e-01  -6.3896760e-04  -1.2089484e-03   9.6940575e-05
   8.3005371e-02   6.3298301e-02  -2.5666512e-01  -7.5307523e-04  -1.0844651e-03   1.3644105e-04
   8.1675538e-02   1.3529458e-01  -3.0045653e-01  -1.1042646e-03  -1.1271100e-03   2.5116765e-04
   9.0989707e-02   1.1604194e-01  -2.4153665e-01  -1.2782423e-03  -1.2788204e-03   3.9100185e-04
   8.0042957e-02   7.5056128e-02  -3.7333237e-01  -1.5397392e-03  -1.2565488e-03   4.4224697e-04
   1.1707576e-01  -1.6747600e-01  -3.0236970e-01   9.0708818e-04  -1.6334942e-03  -8.7235789e-05
   1.0444073e-01  -8.5194174e-02  -2.2125048e-01  -4.4738400e-05  -1.6450767e-03   7.6560874e-06
   1.2059498e-01  -2.5983573e-01  -3.4959869e-01   1.3100185e-03  -1.6412300e-03  -3.4400149e-04
   9.9415953e-02   2.0046300e-01  -1.9308784e-01  -1.8707246e-08  -1.4653995e-03  -1.5801654e-04
   8.1371315e-02  -6.1828140e-05  -4.3650822e-01  -4.2126095e-04  -1.2159794e-03   4.0901976e-05
   7.7510844e-02   1.9701713e-01  -3.9444691e-01  -7.7503268e-04  -1.2106886e-03  -6.4638281e-05
   7.5816054e-02   1.9622813e-01  -3.5456881e-01  -1.1049256e-03  -1.3221795e-03   1.7970609e-05
   8.3590008e-02  -1.2071264e-03  -1.9929921e-01  -2.5143241e-04  -1.4064393e-03   9.0533538e-05
   6.8750284e-02  -2.2030980e-02  -3.6757985e-01  -8.2369543e-05  -1.1621401e-03  -6.1788319e-05
   1.0203551e-01  -1.7507162e-01  -8.1474300e-02   1.8204574e-03  -1.6338573e-03  -2.1810809e-04
   1.2013982e-01  -4.4270864e-01  -2.0704398e-01   3.0684877e-03  -1.7734224e-03  -1.0359068e-04
   1.1238218e-01   1.3797792e-01  -2.0355805e-01   5.1672706e-04  -1.8269566e-03   4.9919674e-05
   7.8621531e-02   3.1963827e-02  -3.1799178e-01   3.9821859e-04  -1.3272110e-03   1.8438312e-04
   8.2866823e-02   2.4935028e-02  -3.0244414e-01   2.7284317e-04  -1.4152539e-03   1.1884153e-04
   6.7270786e-02   1.4881365e-01  -3.1085454e-01  -1.7780727e-04  -1.2442758e-03   1.2333527e-04
   6.8884138e-02   1.4755733e-01  -2.9397749e-01  -2.5802769e-05  -1.2246980e-03   1.6662396e-04
   7.1497860e-02   7.1814789e-02  -3.0130533e-01  -1.5843747e-04  -1.2272445e-03   1.0734249e-04
   1.0618457e-01  -1.3448351e-01  -8.8114612e-02   1.4037983e-03  -1.5949362e-03  -6.6791511e-05
   9.8019218e-02  -1.0938733e-01  -3.4365910e-01   8.7376577e-04  -1.4965084e-03   2.6586585e-05
   1.1271692e-01  -1.0788077e-02  -2.0900972e-01   1.0801587e-03  -1.7458432e-03  -8.5466549e-05
   1.0438443e-01   3.1602233e-02  -2.8512226e-01   3.1221911e-04  -1.5188154e-03   3.5660648e-04
   6.4450821e-02   1.2345098e-01  -3.5394606e-01  -2.3904547e-04  -1.0249062e-03   2.1482807e-04
   6.0572910e-02   1.7838968e-01  -3.9253071e-01  -9.3081191e-04  -1.0178595e-03  -8.7043366e-06
   1.0408782e-01  -1.9552918e-01  -1.9644608e-01   1.7911455e-03  -1.4875508e-03  -2.7136455e-04
   8.1091195e-02   1.1804320e-01  -4.4767674e-01  -3.8987761e-04  -1.2684110e-03  -8.2781681e-05
   7.8246697e-02   1.6612502e-01  -3.7337671e-01  -1.4803746e-04  -1.2522713e-03  -9.6233244e-05
   1.2139305e-01   2.8341331e-01  -3.5691748e-01  -2.8618551e-03  -1.8925664e-03   7.3998992e-04
   1.5120101e-01   3.1453691e-01  -4.4082633e-01  -5.4805066e-03  -2.1186004e-03   1.0143968e-03
   1.6760784e-01   3.8494072e-01  -4.0753126e-01  -5.6910960e-03  -2.2400553e-03   1.1177712e-03
   1.8057024e-01  -5.5999209e-02  -3.0821853e-01  -1.8482103e-03  -2.3186357e-03   9.3118353e-04
   1.3496170e-01   1.5212815e-01  -5.9701796e-01  -2.3467815e-03  -1.9325849e-03   8.3589318e-04
   2.2946316e-01  -4.6438513e-01  -1.7883469e-01   2.2434190e-03  -3.1960341e-03   8.4210362e-04
   2.1592989e-01  -1.6936430e-01  -1.4363124e-01   2.4304564e-03  -3.0090242e-03   6.0445640e-04
   1.6964946e-01   3.6554051e-01  -1.9654664e-01  -1.3633749e-04  -2.5185801e-03   7.7218280e-04
   1.4517409e-01   1.0081623e-01  -4.2132423e-01  -9.2875512e-04  -2.1647583e-03   6.5705720e-04
   1.7576435e-01  -8.4078622e-02  -2.0922134e-01   6.8679561e-04  -2.4606389e-03   5.1240033e-04
   1.5241553e-01   7.4846150e-02  -4.4997301e-01  -5.1508365e-04  -2.2226616e-03   5.7362254e-04
   1.5009389e-01  -1.1000028e-02  -2.5402170e-01   5.8114553e-04  -2.0825987e-03   4.8474125e-04
   1.4475650e-01   1.4025632e-01  -3.8980941e-01  -6.0313784e-04  -2.1067145e-03   5.4675219e-04
   1.4569946e-01  -7.3395974e-02  -2.7026604e-01   6.0344580e-04  -2.0186588e-03   4.1019187e-04
   1.4607628e-01   9.9246319e-02  -2.9839101e-01  -2.9240557e-04  -2.1571842e-03   4.9853134e-04
   1.4136447e-01  -6.7047646e-02  -3.5345810e-01   1.6157755e-04  -2.0206596e-03   4.6633323e-04
   1.5390150e-01   4.4875492e-02  -2.2819437e-01  -2.6841961e-04  -2.2300356e-03   5.1360043e-04
   1.6274880e-01  -1.0962941e-01  -3.6135547e-01   1.9521802e-04  -2.2658440e-03   5.3301983e-04
   1.6526155e-01   1.1622992e-01  -2.3310203e-01  -5.3367104e-04  -2.4354162e-03   4.9515474e-04
   1.4809901e-01   2.5098430e-02  -3.7955678e-01  -5.7859365e-04  -2.2290850e-03   5.4330865e-04
   1.5647776e-01  -4.0543292e-02  -2.8818283e-01   1.9278350e-04  -2.2484884e-03   3.9594965e-04
   1.4822577e-01   9.2755451e-02  -3.5649011e-01  -8.0683046e-04  -2.1922593e-03   4.4458966e-04
   1.2660618e-01   1.1578817e-01  -3.2326015e-01  -6.7825469e-04  -1.9072271e-03   4.1482279e-04
   1.1358993e-01   7.4467156e-02  -3.4791194e-01  -3.3079439e-04  -1.6840635e-03   2.7342237e-04
   1.1225677e-01   1.6139650e-01  -3.2163984e-01  -7.0033605e-04  -1.6704392e-03   1.0811443e-04
   1.1439947e-01   8.3370690e-02  -2.9964521e-01  -3.2066625e-04  -1.6781053e-03   2.3520585e-04
   1.1830080e-01   1.6209450e-02  -3.0632979e-01  -2.7100038e-04  -1.7910069e-03   2.3154005e-04
   1.4060627e-01  -1.2752908e-01  -2.2491699e-01   3.4574214e-04  -2.1303165e-03   1.8955857e-04
   1.2135424e-01  -1.2182919e-01  -3.9083837e-01   6.3125513e-04  -1.7899947e-03   2.6053358e-04
   1.4548358e-01   3.6210133e-02  -2.2659289e-01   6.4254767e-04  -2.2090045e-03   5.4819312e-05
   1.3362963e-01   1.8539529e-02  -2.8308070e-01   1.8722475e-04  -2.0303816e-03   4.1052932e-04
   1.1390916e-01   5.4612690e-02  -3.1383671e-01   2.0150145e-04  -1.7685988e-03   5.5868419e-04
   1.1770559e-01   1.1428183e-01  -3.3400263e-01  -1.2834617e-04  -1.8268244e-03   4.9514554e-04
   1.1013227e-01   1.4747815e-01  -3.6706114e-01  -4.1197871e-04  -1.6001895e-03   4.4200429e-04
   1.1808744e-01   1.0852885e-01  -2.9805244e-01   4.8103274e-05  -1.8462372e-03   5.4753635e-04
   1.5388906e-01  -2.2972563e-02  -1.2561198e-01   7.6757028e-04  -2.2726765e-03   5.3251889e-04
   1.1756208e-01   7.6340339e-02  -3.4986038e-01  -1.9986967e-05  -1.9174794e-03   7.3658472e-04
   1.6223393e-01  -6.5261939e-02  -2.2199435e-01   1.5561344e-03  -2.4178052e-03   2.7577430e-04
   1.5398964e-01   1.3493835e-01  -3.3155268e-01   1.1466859e-04  -2.4364576e-03   6.3251990e-04
   1.3161986e-01   2.1089239e-01  -4.4464674e-01  -8.5189400e-04  -2.0793533e-03   8.0187736e-04
   1.6009124e-01   2.7071970e-01  -4.2657385e-01  -8.7414365e-04  -2.4551402e-03   7.6549016e-04
   1.5957544e-01   1.1847258e-01  -3.8354260e-01  -1.2056028e-04  -2.3882619e-03   7.9707255e-04
   1.6710649e-01   1.6374953e-01  -4.0574883e-01  -5.8242629e-04  -2.4304023e-03   6.9701632e-04
   1.6154540e-01   3.3393812e-02  -3.1529020e-01  -2.8070281e-04  -2.4586085e-03   8.3544223e-04
   1.6214507e-01  -1.1871775e-01  -5.2993033e-01   1.1392686e-03  -2.3625430e-03   5.5832775e-04
   1.7344674e-01   1.1609223e-01  -2.8756907e-01   6.7321322e-04  -2.7216218e-03   6.7553618e-04
   1.6536000e-01   4.8970266e-02  -4.1919431e-01  -3.4061185e-04  -2.6856430e-03   9.4002641e-04
   1.8077633e-01   3.4789706e-01  -5.4143071e-01  -1.7499101e-03  -3.0106818e-03   1.3663744e-03
   1.5884699e-01   2.4272699e-01  -5.4880275e-01  -1.4002363e-03  -2.7776914e-03   1.1341340e-03
   1.6248957e-01  -1.2338987e-02  -3.0537602e-01   6.4302941e-04  -2.7807758e-03   7.5505338e-04
   1.9481907e-01  -2.3473839e-01  -4.4200379e-01   2.2127093e-03  -3.1761071e-03   4.4454843e-04
   1.6209954e-01   1.2961585e-01  -6.0008236e-01   1.0217642e-03  -2.5584978e-03   6.0127366e-04
   2.0306233e-01  -2.1210370e-01  -3.7138276e-01   1.9854816e-03  -3.1147235e-03   6.0387851e-04
   1.7215129e-01  -1.1387236e-01  -5.7100700e-01   1.3015337e-03  -2.5426355e-03   5.4891175e-04
   1.9594955e-01   1.1665044e-01  -3.0785434e-01   9.3062532e-04  -2.9841764e-03   6.0438406e-04
   1.5128355e-01   2.0774196e-02  -5.8660047e-01   1.3468149e-04  -2.3526992e-03   4.6425116e-04
   1.6220997e-01   6.4147706e-02  -3.7637374e-01   1.4840155e-03  -2.3716415e-03   3.1793209e-04
   1.4541741e-01   9.0422372e-02  -5.4284888e-01   9.4404776e-04  -2.2588977e-03   2.7737415e-04
   1.4865530e-01  -8.9607576e-02  -4.2184087e-01   2.2922286e-03  -2.1449661e-03   2.5446503e-04
   1.3881214e-01   8.6470431e-02  -4.2050511e-01   1.7716733e-03  -2.1462858e-03   2.9691327e-04
   1.1540471e-01  -2.7494519e-03  -5.1147907e-01   1.8960610e-03  -1.7994323e-03   3.6153868e-04
   1.2750460e-01  -4.1688523e-03  -4.0106054e-01   2.1306466e-03  -1.9432963e-03   3.8839777e-04
   1.3174928e-01   1.0903035e-02  -4.3145398e-01   1.2555256e-03  -2.0542209e-03   4.4688804e-04
   1.1710547e-01   1.2446145e-02  -4.6993556e-01   6.0652545e-04  -1.8754864e-03   4.6755406e-04
   1.2863133e-01   8.3886442e-03  -3.8445346e-01   1.2030596e-03  -2.1133244e-03   5.8031482e-04
   1.4889244e-01  -1.2428828e-01  -3.4062872e-01   1.9046581e-03  -2.1823905e-03   5.1651600e-04
   1.6170587e-01   2.9410285e-02  -3.8336341e-01   1.3649639e-03  -2.5938974e-03   8.5599882e-04
   1.8902290e-01  -2.1047052e-01  -3.6686468e-01   2.6194156e-03  -2.6987612e-03   7.4059089e-04
   1.8133065e-01   1.5261289e-01  -4.9497440e-01   8.6940496e-04  -2.8025243e-03   7.8046778e-04
   2.0429706e-01  -2.6653826e-01  -3.3169732e-01   3.6874748e-03  -2.8809556e-03   4.2082923e-04
   1.4232035e-01   1.6572139e-01  -5.5450451e-01   6.6715842e-04  -2.2290610e-03   5.0168493e-04
   1.6180183e-01  -1.2337502e-01  -3.6041134e-01   3.1142794e-03  -2.3228104e-03   1.6021323e-04
   1.4945531e-01   8.4225981e-02  -4.9388334e-01   1.2611658e-03  -2.4057527e-03   4.8235439e-04
   1.2457736e-01   8.4680173e-02  -5.9514746e-01   1.0290006e-03  -2.0291261e-03   3.4140796e-04
   1.1637238e-01   2.3410854e-01  -5.8881190e-01   1.3534574e-04  -1.8269329e-03   2.4725338e-04
   1.1982481e-01   1.2628636e-01  -3.9995700e-01   4.7626319e-04  -1.9908361e-03   4.1093662e-04
   1.2805907e-01  -2.6127351e-01  -3.2766623e-01   2.1795072e-03  -1.9857802e-03   2.2927023e-04
   1.1769236e-01   1.0627403e-01  -6.5293077e-01   3.9852740e-05  -1.8400426e-03   2.3137583e-04
   1.6655820e-01  -2.0591071e-01  -3.2493870e-01   3.1135697e-03  -2.4787861e-03   6.6443760e-05
   1.3645407e-01  -4.2308578e-02  -6.4345058e-01   1.6669234e-03  -2.1125651e-03   1.9932601e-04
   1.5110571e-01   1.1925303e-01  -4.4670876e-01   1.3560445e-03  -2.3853954e-03   2.2178114e-04
   1.4531544e-01   1.2793598e-01  -5.8841032e-01  -2.9972602e-04  -2.2530769e-03   4.3441085e-04
   1.3978938e-01   2.5436867e-01  -6.2546682e-01  -1.0819109e-03  -2.2828346e-03   6.1466168e-04
   1.4749504e-01  -2.4494307e-02  -4.9876222e-01   2.3463051e-03  -2.5015410e-03   4.0513639e-04
   1.3321925e-01  -4.6187851e-03  -6.1262913e-01   1.6780263e-03  -2.2861935e-03   2.5071093e-04
   1.8733033e-01  -3.2944597e-01  -3.6052164e-01   3.9846612e-03  -2.8387501e-03   3.5993531e-04
   1.6299013e-01  -4.5301347e-02  -6.1204813e-01   1.8706986e-03  -2.6544574e-03   6.7426406e-04
   1.7611660e-01  -1.4307372e-02  -4.9938873e-01   2.8134825e-03  -2.9112286e-03   5.5616844e-04
   1.7876345e-01  -3.9641237e-02  -3.8978400e-01   2.6747928e-03  -3.0369272e-03   5.1698762e-04
   1.7240532e-01  -1.1441985e-01  -5.9354563e-01   2.7026900e-03  -2.7147160e-03   4.7435916e-04
   1.7247930e-01   7.2465204e-02  -4.2962335e-01   2.9417083e-03  -2.8631088e-03   4.6955210e-04
   1.5503491e-01  -4.4568538e-02  -5.3450588e-01   2.6623790e-03  -2.7610979e-03   7.0085153e-04
   1.3327504e-01   2.1527424e-02  -5.2420253e-01   2.2859952e-03  -2.4328353e-03   6.9010723e-04
   1.7779485e-01  -2.3723752e-01  -3.0519858e-01   3.5199023e-03  -2.9694993e-03   6.3890456e-04
   1.6105002e-01  -2.0493146e-02  -5.7015064e-01   2.3257697e-03  -2.8006627e-03   7.2021624e-04
   1.8176352e-01  -1.8749707e-01  -3.8208356e-01   4.0522964e-03  -3.0393189e-03   5.8697256e-04
   1.7120325e-01  -5.5404461e-02  -5.0833488e-01   2.5573695e-03  -2.9961016e-03   5.9726357e-04
   1.7378457e-01  -2.2895026e-01  -3.9890004e-01   3.5968759e-03  -2.8741605e-03   4.0959883e-04
   1.5165321e-01   9.8692288e-03  -5.3981872e-01   2.5814593e-03  -2.7598704e-03   4.2590191e-04
   1.4048408e-01  -6.2802020e-02  -5.4608906e-01   3.0930916e-03  -2.5156135e-03   3.2267479e-04
   1.4382243e-01   5.7120546e-03  -4.7836150e-01   2.5726317e-03  -2.6629374e-03   3.5899977e-04
   1.4012309e-01  -2.7691655e-02  -5.1512387e-01   2.2088285e-03  -2.5791008e-03   4.4697529e-04
   1.4059671e-01  -5.8016215e-02  -4.8691927e-01   2.1411563e-03  -2.5701161e-03   6.6212489e-04
   1.4114763e-01  -3.0405381e-02  -3.9465065e-01   2.0788963e-03  -2.5999384e-03   7.2797067e-04
   1.7387861e-01  -3.8890474e-01  -2.5872430e-01   4.2947099e-03  -3.0428796e-03   6.6760877e-04
   1.7130714e-01  -2.4871790e-01  -5.4919916e-01   3.5303570e-03  -2.8605165e-03   3.7604689e-04
   1.9674370e-01  -8.6186908e-02  -3.7557905e-01   3.4720732e-03  -3.4240728e-03   4.6904410e-04
   1.8001336e-01  -1.6880255e-01  -6.2461674e-01   3.6514599e-03  -3.0895714e-03   5.0826990e-04
   1.8764480e-01  -4.4251051e-02  -4.1186593e-01   3.7129839e-03  -3.3045218e-03   4.4393487e-04
   1.6444267e-01   4.6064389e-02  -5.5521664e-01   1.6230894e-03  -2.9827134e-03   7.2847377e-04
   1.5030704e-01   1.5879461e-01  -5.8779935e-01   1.0323203e-03  -2.7489567e-03   9.9088772e-04
   1.2311463e-01   2.4069687e-01  -6.5596359e-01   2.2742299e-04  -2.1879297e-03   1.2124769e-03
   1.4543575e-01   3.1757871e-01  -6.3055732e-01  -1.8325145e-03  -2.3100542e-03   1.3613217e-03
   1.6348710e-01   4.2320865e-01  -5.8286178e-01  -4.7365898e-03  -2.3949944e-03   1.6135467e-03
   2.1355381e-01   2.4373763e-01  -5.9035800e-01  -4.1903774e-03  -3.1554673e-03   1.5587343e-03
   2.5324156e-01  -2.6107142e-01  -3.9319918e-01   1.1328752e-03  -3.6574825e-03   1.4888609e-03
   2.4448763e-01  -2.4150962e-01  -4.2139133e-01   1.1660416e-03  -3.4549457e-03   1.4945824e-03
   2.0290911e-01   3.2106501e-01  -6.5225422e-01  -1.4862817e-03  -3.2147877e-03   1.2943781e-03
   2.1838801e-01   1.6532191e-01  -6.3538468e-01  -2.8581689e-04  -3.5581953e-03   1.6009380e-03
   2.0102728e-01   2.6291975e-01  -6.5501829e-01  -2.1475806e-04  -3.3888539e-03   1.2835766e-03
   2.2575733e-01  -3.1718802e-02  -5.2950266e-01   1.0963687e-03  -3.6271191e-03   1.1846846e-03
   1.9294988e-01   6.2406969e-02  -7.1857790e-01   5.6402255e-04  -3.2018773e-03   1.3151617e-03
   1.8514132e-01   1.2880742e-01  -6.4073088e-01   1.1042987e-03  -3.1243913e-03   1.3187320e-03
   2.0634838e-01  -4.5065717e-02  -5.3101347e-01   1.8272835e-03  -3.4528928e-03   1.5208156e-03
   1.9499942e-01   1.6041109e-02  -5.8655227e-01   9.7726024e-04  -3.3192944e-03   1.6942077e-03
   1.8639889e-01   4.6093461e-02  -5.5863986e-01   1.2792512e-03  -3.3050968e-03   1.5947526e-03
   2.2188930e-01  -1.9788129e-01  -4.4353981e-01   2.9745328e-03  -3.5534034e-03   1.4650003e-03
   2.1469220e-01   5.5422293e-02  -5.2616077e-01   1.8019520e-03  -3.6062128e-03   1.5837895e-03
   2.1165752e-01   7.9125509e-02  -6.3545583e-01   8.2894419e-04  -3.3690772e-03   1.5885193e-03
   2.1255507e-01  -4.0918775e-02  -4.1288146e-01   2.1620728e-03  -3.2448166e-03   1.5195516e-03
   2.1418953e-01  -3.1611580e-03  -3.5865197e-01   1.2495453e-03  -3.3140732e-03   1.3765768e-03
   1.8512397e-01   7.9389658e-02  -5.5122136e-01   1.0074557e-03  -2.8931211e-03   1.4243008e-03
   1.9753271e-01  -8.1810274e-02  -4.2716956e-01   2.5546146e-03  -3.0218403e-03   1.3110785e-03
   1.8348989e-01   1.4511162e-01  -4.6319421e-01   9.9685861e-04  -2.9462672e-03   1.4773810e-03
   1.6020080e-01   1.2655768e-01  -4.8279969e-01   9.0619023e-04  -2.7059778e-03   1.5611019e-03
   1.4967351e-01   1.4019240e-01  -4.5318117e-01   3.2920427e-04  -2.5698834e-03   1.5878784e-03
   1.6004111e-01   1.5642446e-01  -4.9522589e-01   1.8742036e-04  -2.6438644e-03   1.5579804e-03
   2.1175442e-01  -2.1382947e-01  -3.0356217e-01   3.2716387e-03  -3.3473857e-03   1.2290724e-03
   2.0182091e-01   3.3658038e-02  -6.0488822e-01   1.1993701e-03  -3.2059137e-03   1.4566447e-03
   2.4924718e-01  -2.3069440e-01  -2.6116750e-01   4.1619513e-03  -3.8180269e-03   1.4237088e-03
   2.1447357e-01   3.5372898e-02  -5.1905817e-01   2.2546082e-03  -3.2320635e-03   1.4037167e-03
   2.2651852e-01   9.1051850e-02  -3.1837355e-01   2.7403288e-03  -3.4137884e-03   1.3193451e-03
   2.1582297e-01   2.7270099e-02  -5.0357189e-01   1.8038443e-03  -3.3427824e-03   1.5030144e-03
   2.0536055e-01   1.0078524e-01  -5.4087717e-01   1.6401747e-03  -3.0950182e-03   1.5688695e-03
   1.8954898e-01   1.2352540e-01  -5.0998624e-01   1.5326121e-03  -2.9335996e-03   1.3890498e-03
   2.0060976e-01   2.0906219e-02  -3.0481342e-01   1.9284714e-03  -3.0810552e-03   1.6564880e-03
   1.9183094e-01  -2.3859662e-03  -5.6077986e-01   1.5537322e-03  -3.0232318e-03   1.6697017e-03
   1.9621293e-01   2.0280779e-01  -5.2402797e-01   1.1084990e-04  -3.1554720e-03   1.9860076e-03
   2.1202229e-01   1.2654074e-01  -4.1290646e-01   2.7954161e-04  -3.5723282e-03   2.3627759e-03
   2.5981238e-01  -4.4434819e-03  -3.4125016e-01   8.2481667e-04  -4.1627401e-03   2.6202269e-03
   2.7758764e-01  -1.9298707e-01  -2.7988081e-01   3.4272342e-03  -4.4317267e-03   2.0687487e-03
   2.6647302e-01  -3.8511405e-01  -2.4535379e-01   4.5562115e-03  -4.2037894e-03   1.8780244e-03
   2.5877076e-01  -2.1029091e-01  -4.2123461e-01   3.4151467e-03  -3.9529955e-03   1.8635582e-03
   2.5465597e-01   4.9991208e-01  -7.0175757e-01  -5.6270472e-04  -3.9350305e-03   1.6677472e-03
   2.5945369e-01  -8.0135382e-03  -4.8314579e-01   2.1922885e-03  -4.0564187e-03   1.8569766e-03
   2.4597587e-01   1.3386998e-01  -5.0792972e-01   9.7835350e-04  -3.9872015e-03   1.7237007e-03
   2.3051202e-01  -7.2617348e-04  -6.4352251e-01   1.7884254e-03  -3.6293011e-03   1.7142778e-03
   2.3949694e-01   9.9385118e-02  -4.7745686e-01   2.0654401e-03  -3.8940485e-03   1.8815697e-03
   2.4032821e-01  -5.8659822e-02  -5.0547617e-01   2.3997258e-03  -3.9374598e-03   1.8628005e-03
