   0.0000000e+00   0.0000000e+00   0.0000000e+00   0.0000000e+00   0.0000000e+00   0.0000000e+00
   1.4095654e-02   3.4392970e-02   3.0273980e-03  -3.0715113e-04   1.4492697e-04  -5.2552181e-05
   1.5539246e-02  -2.0505403e-02   3.4657146e-02  -2.3000471e-04   6.9104896e-04   3.0388849e-04
   1.0305573e-02  -1.8629102e-02  -1.2659547e-03  -7.0253802e-04   7.2228313e-04   8.7907902e-04
   6.8000982e-03   2.3773270e-02   3.8863141e-02  -9.8145952e-04   8.7021344e-04   6.8704139e-04
  -7.6165953e-03  -2.5076705e-02   4.1777158e-02  -7.1472947e-04   1.1174465e-03   1.0467056e-03
   1.6874458e-02   8.9024209e-03   5.6990210e-02  -8.4617005e-04   9.5746160e-04   1.1270857e-03
   2.9544655e-02  -4.4152793e-02   2.8360090e-02  -4.2176160e-04   7.6107454e-04   1.2270766e-03
   6.1072100e-03   1.5347348e-01   5.1486019e-02  -7.8767808e-04   1.4045237e-03   7.5194121e-04
   1.9426663e-03  -3.0134125e-02   7.3006989e-02  -4.5835356e-04   1.8609914e-03   1.1664904e-03
   1.1613863e-03   6.8636718e-02   6.8764231e-02  -8.6436622e-04   1.8101794e-03   1.1123766e-03
   1.3878604e-02   1.4102778e-02   5.4541064e-02  -9.1402020e-04   1.5509714e-03   1.3971258e-03
   2.3114611e-02  -3.1037500e-02   2.9196225e-02  -3.3401882e-04   1.5097529e-03   6.9931527e-04
   2.5299378e-02  -4.7752839e-02   6.8542269e-02  -5.4380115e-04   1.6960067e-03   1.4737803e-03
   5.9555465e-03  -5.5655912e-02   3.4624269e-02   4.3777232e-04   1.7885663e-03   1.0993438e-03
  -2.5759898e-03   1.2070269e-01   7.4893613e-02  -2.8460204e-04   2.1314249e-03   1.6019011e-03
   5.9586678e-03  -1.1405292e-01   2.5356946e-02   1.0447561e-03   2.1654069e-03   1.1835326e-03
  -2.6824148e-03   5.4940231e-02   6.5136107e-02  -2.4385524e-04   2.2565069e-03   1.1479252e-03
   3.9935884e-03  -5.1633842e-02   5.6117355e-02  -4.3128941e-05   2.6522525e-03   2.1753689e-03
   1.2241099e-02   8.0260445e-02   8.3746840e-02  -6.4702551e-05   2.5078237e-03   1.9430984e-03
   9.1740516e-03  -1.0154589e-01   7.9440336e-02  -3.7093853e-04   2.9069685e-03   2.6812504e-03
   2.1192616e-03   3.3211398e-02   1.0041589e-01   2.5305354e-04   2.8647256e-03   2.4745616e-03
   3.5542837e-02   1.9441837e-02   6.3387082e-02   1.8079650e-04   2.2358349e-03   2.4697465e-03
   4.6497634e-02  -9.7643945e-02   5.9102362e-02   8.7389743e-05   2.5217096e-03   3.4210969e-03
   6.0275491e-02  -2.8184720e-01   7.7786384e-02   2.0658623e-03   2.7930869e-03   4.2975527e-03
   3.5421331e-02   1.7268610e-01   1.4648001e-01   1.3335253e-03   2.8897590e-03   3.7828654e-03
   6.0011978e-02   6.2357944e-02   5.9852255e-02   1.3193256e-03   2.0392270e-03   3.4317378e-03
   4.8753839e-02  -5.5495975e-02   2.5064143e-02   1.6193523e-03   2.2908809e-03   3.0006840e-03
   4.9701872e-02  -1.1600059e-01   7.8397531e-02   2.1244038e-03   2.2088762e-03   3.1058832e-03
   5.8252653e-02  -1.0299822e-01   1.0590375e-01   1.9007940e-03   1.8128688e-03   2.9039517e-03
   5.7296407e-02  -1.0061624e-01   8.7547423e-02   9.3370591e-04   1.8628975e-03   2.8730674e-03
   5.3203862e-02  -1.8717369e-02   1.1177756e-01   1.0459576e-03   2.0452263e-03   2.9446880e-03
   3.9390739e-02  -1.1153172e-01   1.2462836e-01   1.8437500e-03   2.3003894e-03   3.1305238e-03
   5.9882417e-02  -2.0815685e-04   1.2040629e-01   9.9428955e-04   1.9553463e-03   3.2903051e-03
   4.3244937e-02  -6.5818246e-02   7.5741274e-02   1.1385044e-03   2.2190952e-03   3.0850578e-03
   3.4473618e-02  -7.7739004e-02   9.6133288e-02   1.7246051e-03   2.6615125e-03   3.3591822e-03
   3.6454431e-02  -4.9693086e-02   1.0574368e-01   1.7234302e-03   2.4435915e-03   3.0067602e-03
   4.4430713e-02  -5.9702549e-02   9.0832104e-02   1.2722678e-03   2.3850859e-03   3.4576453e-03
   3.9185909e-02   4.6323361e-02   5.7489394e-02   1.1803668e-03   2.2443654e-03   3.2607756e-03
   4.6227956e-02  -4.0363332e-02   9.9821497e-02   1.3530575e-03   2.5894371e-03   3.6916997e-03
   3.1336207e-02  -5.6030124e-02   1.1147913e-01   1.2465065e-03   2.5054012e-03   3.3606833e-03
   4.1661476e-02  -1.2057340e-01   9.5697116e-02   1.4766783e-03   2.7383439e-03   3.2351427e-03
   1.7529475e-02   5.0587146e-02   1.2255505e-01   4.5722779e-04   3.0855209e-03   3.2336051e-03
   3.0315608e-02  -1.3153024e-01   7.8437107e-02   1.6596410e-03   2.4963819e-03   3.1023321e-03
   1.7621707e-02  -6.7395261e-02   6.8144418e-02   1.4754226e-03   2.5928455e-03   2.9077074e-03
   4.4993208e-02  -7.0132985e-02   5.4287630e-02   2.1485331e-03   2.2858332e-03   2.8697374e-03
   3.3264032e-02  -9.1522646e-02   6.3365099e-02   2.0622491e-03   2.4122212e-03   3.0278718e-03
   2.5202607e-02  -2.4920070e-02   6.3773210e-02   1.3200173e-03   2.6030644e-03   2.8671863e-03
   1.3011418e-02  -9.2937497e-02   6.4502325e-02   2.2266920e-03   2.8996675e-03   2.8460363e-03
   1.6761184e-02  -4.1663565e-02   1.0064010e-01   1.0763784e-03   2.7196750e-03   3.3942328e-03
   3.5841412e-02  -1.0862165e-01   1.0278934e-01   1.6114693e-03   2.2943858e-03   3.1718356e-03
   4.2468257e-02  -7.6094747e-02   8.0671612e-02   1.4763470e-03   2.1988177e-03   2.9735855e-03
   4.7846772e-02  -1.4279667e-01   8.8496126e-02   2.5725450e-03   2.3900345e-03   3.4196954e-03
   5.4359910e-02  -7.8411048e-02   1.0878845e-01   2.5727607e-03   2.1081251e-03   3.0348896e-03
   6.7416982e-02   2.6853092e-02   8.7697728e-02   1.5874227e-03   1.8096650e-03   3.4344497e-03
   4.8564579e-02   4.0885137e-03   9.1205066e-02   1.8416591e-03   2.4392175e-03   4.0416796e-03
   5.8891908e-02  -1.0830275e-01   8.1843153e-02   2.3730746e-03   2.0575882e-03   3.7620199e-03
   6.7227023e-02  -1.4933381e-01   1.6102924e-01   2.3741259e-03   2.0059620e-03   3.8016809e-03
   3.6774022e-02  -3.2471849e-02   4.7693843e-02   2.6116583e-03   2.4999003e-03   3.6183219e-03
   4.2710770e-02  -6.4550906e-02   5.5825226e-02   3.5431029e-03   2.7986008e-03   4.2022482e-03
   4.0468262e-02  -1.1021791e-01   1.0356941e-01   3.4212544e-03   2.8558632e-03   4.2240063e-03
   6.8994082e-02  -1.5086353e-01   7.7327440e-02   3.4524230e-03   2.1489668e-03   4.0120896e-03
   5.2599056e-02  -8.2293246e-02   6.7809756e-02   3.5784381e-03   2.6272834e-03   4.1230324e-03
   5.6189424e-02  -1.6267514e-01   7.4702860e-02   3.7296325e-03   2.4225978e-03   3.9225877e-03
   7.5686672e-02  -2.2511708e-01   1.1616691e-01   4.4676109e-03   2.6603688e-03   4.6856858e-03
   7.3176589e-02  -2.6844210e-02   5.5431580e-02   3.4406197e-03   2.3047797e-03   4.0642550e-03
   5.2378474e-02  -1.7935191e-01   1.1357740e-01   4.5437296e-03   2.5377900e-03   4.4637558e-03
   6.0706919e-02  -9.8614141e-02   1.3204430e-01   4.5986842e-03   2.5811652e-03   4.2819295e-03
   8.4952497e-02  -1.4810185e-01   1.2369663e-01   4.3495037e-03   2.4023242e-03   4.6951943e-03
   7.6157733e-02  -1.1894170e-01   1.2265403e-01   3.4622384e-03   2.5137536e-03   4.3127045e-03
   7.2365913e-02  -1.6980660e-01   1.1447771e-01   4.4444985e-03   2.5549748e-03   4.5655935e-03
   7.4150628e-02  -1.1948965e-01   7.5722532e-02   4.8055430e-03   2.4717669e-03   5.1955343e-03
   8.5221155e-02  -1.3313416e-01  -3.3211189e-04   3.9911382e-03  -5.6736661e-04   3.6342704e-03
   5.1299485e-01  -7.6002883e-02  -1.4063298e-01   2.8171730e-03  -1.1242356e-02   1.0048653e-03
   3.1860596e-01  -3.2387455e-02  -4.1236737e-02   3.8045779e-03  -5.4337227e-03   1.5059342e-03
   2.9522595e-01  -6.0350007e-02  -7.6005463e-02   3.3564140e-03  -5.2676072e-03   1.8953954e-03
   2.6984148e-01  -1.0808120e-01  -3.7749994e-02   2.8463034e-03  -5.1031380e-03   2.4021248e-03
   2.7218932e-01  -8.2251091e-02  -7.9081084e-03   3.1437312e-03  -4.6384402e-03   2.5736207e-03
   2.7006566e-01  -1.6615265e-01  -9.9610935e-03   3.3186034e-03  -4.3258536e-03   3.1359930e-03
   2.6664241e-01   1.7324191e-02  -8.1869906e-03   2.0622861e-03  -4.1392167e-03   3.0961216e-03
   2.5806063e-01  -1.4037217e-01  -1.9316858e-02   2.9277886e-03  -3.4505713e-03   3.3343247e-03
   2.5016139e-01  -8.0418441e-02   2.4095985e-02   2.7002410e-03  -3.5231866e-03   3.0092788e-03
   2.6408644e-01  -1.0483010e-01  -3.6317813e-02   2.4800169e-03  -3.4499267e-03   3.7675704e-03
   2.4777258e-01  -1.0061070e-01  -1.9397274e-02   2.6991710e-03  -3.1647651e-03   4.1162381e-03
   2.5001892e-01  -1.3418511e-01  -3.0829100e-02   3.0811733e-03  -3.0005302e-03   3.8807522e-03
   2.6909432e-01  -1.3999118e-01  -1.7783094e-02   3.6166896e-03  -3.2480047e-03   4.1342922e-03
   2.5251714e-01  -1.2743371e-01   2.3287724e-02   3.0968329e-03  -2.6678042e-03   4.4019222e-03
   2.4404983e-01  -1.0304944e-01  -8.8017462e-03   2.7152323e-03  -2.2695273e-03   3.9054091e-03
   2.4740422e-01  -1.6321500e-01   5.0598896e-02   3.3276796e-03  -2.2360225e-03   4.1796377e-03
   2.3215715e-01  -8.0687615e-02   2.6941442e-02   3.5512881e-03  -2.3129337e-03   4.3898697e-03
   2.4357710e-01  -1.3651254e-01   1.4009967e-02   2.5527175e-03  -2.3976638e-03   4.4797852e-03
   2.2681027e-01  -1.1203857e-01  -6.5741533e-03   3.3260324e-03  -2.1284926e-03   4.3346541e-03
   2.1120698e-01  -1.0848616e-01   6.4469237e-02   3.7355916e-03  -2.2207105e-03   3.4679140e-03
   2.3092969e-01  -8.6045062e-02   2.8699718e-02   4.2583564e-03  -2.4082059e-03   3.8011044e-03
   2.2434107e-01  -7.4234346e-02   3.6000631e-02   3.4938707e-03  -2.1033519e-03   4.3404270e-03
   2.2589509e-01  -1.1448260e-01   4.1865718e-02   3.3719807e-03  -1.9322424e-03   3.8495302e-03
   2.3874405e-01  -1.4011111e-01   5.3876809e-04   4.3494218e-03  -2.2781615e-03   4.3074698e-03
   2.4215475e-01  -7.7838000e-02   4.7824337e-02   3.8295989e-03  -2.3676836e-03   3.9180543e-03
   2.2532898e-01  -1.1951685e-01   4.7132902e-03   3.3301370e-03  -1.8214234e-03   3.8851562e-03
   2.3042443e-01  -1.1945269e-01   5.3963733e-02   4.1272738e-03  -1.6690416e-03   4.3485721e-03
   2.4580667e-01  -1.7965356e-01   3.3456078e-02   4.2511412e-03  -2.2269511e-03   4.0485922e-03
   2.6437938e-01  -1.2300257e-01   5.1455707e-02   3.6926793e-03  -2.2385018e-03   4.6792874e-03
   2.5499608e-01  -5.7952221e-02   1.6953993e-02   3.5639232e-03  -2.4443782e-03   3.5929921e-03
   2.3725470e-01  -1.7068131e-01   9.0085869e-03   3.8598846e-03  -1.9737192e-03   3.9031610e-03
   2.4184503e-01  -2.9230454e-03   5.1513448e-02   3.3780033e-03  -2.2549746e-03   3.7841578e-03
   2.5296758e-01  -8.9439814e-02   3.8271831e-02   3.5282357e-03  -2.4074544e-03   3.8249356e-03
   2.5868641e-01  -1.0094476e-01   3.0102722e-02   3.7857475e-03  -2.2262592e-03   4.1226245e-03
   2.7560404e-01  -6.1517572e-02   2.5018565e-02   3.8241007e-03  -2.5898685e-03   3.8293680e-03
   2.5430042e-01  -1.6813372e-01   1.1686768e-02   4.3769649e-03  -2.3212870e-03   3.6663742e-03
   2.7853116e-01  -1.2246714e-01   2.1962441e-02   3.9143608e-03  -2.6433248e-03   3.6541439e-03
   2.8405981e-01  -1.0994339e-01   2.4527479e-02   3.1194155e-03  -2.8476827e-03   3.3336022e-03
   2.6427008e-01  -9.9470626e-02   8.8423955e-03   3.7980290e-03  -2.3797225e-03   3.5672415e-03
   2.5548070e-01  -7.6703501e-02   5.9027449e-02   3.1220317e-03  -2.1521880e-03   3.3819524e-03
   2.7922905e-01  -2.8140046e-01   1.2479404e-01   4.8241273e-03  -2.4978105e-03   3.9208078e-03
   2.6758375e-01   5.4228312e-03   6.6644123e-02   4.0973968e-03  -2.3465188e-03   3.7118822e-03
   2.6593977e-01  -8.6998375e-03   5.0445623e-02   4.1640987e-03  -2.5283552e-03   3.8848586e-03
   2.6498881e-01  -9.9028353e-02   3.9661097e-02   4.0077126e-03  -2.8794352e-03   3.3912698e-03
   2.6163677e-01  -7.0141366e-02   3.6252568e-02   4.7751835e-03  -2.6306467e-03   4.0668412e-03
   2.7127833e-01  -9.0891199e-02   1.1963396e-01   3.7220606e-03  -2.7645152e-03   4.1483821e-03
   2.5737199e-01  -5.7434961e-02   7.8119755e-02   3.9258591e-03  -2.5328147e-03   3.6641209e-03
   2.8032862e-01  -1.3328880e-01   1.0445952e-01   3.9240576e-03  -2.9301234e-03   3.4908714e-03
   2.7833796e-01  -1.3879544e-01   8.3555315e-02   4.4232299e-03  -3.0728484e-03   3.7243441e-03
   2.8589970e-01  -1.5803352e-01   8.8370915e-02   4.1434927e-03  -3.1530630e-03   4.1350629e-03
   2.7066177e-01   1.0638084e-02   6.4676073e-02   3.4580377e-03  -3.2291160e-03   3.3768169e-03
   2.8399955e-01  -1.0005484e-01   8.9322045e-02   3.3127202e-03  -3.3267327e-03   3.7058831e-03
   2.8081699e-01  -4.6029017e-02   7.1690720e-02   3.9744727e-03  -3.1139876e-03   3.3265170e-03
   3.0555393e-01  -3.6140537e-02   4.2898361e-02   4.4976282e-03  -3.5058010e-03   3.6730322e-03
   3.0599180e-01  -2.2938640e-02   3.8021708e-02   4.1644923e-03  -3.7119949e-03   3.3983692e-03
   2.6986134e-01  -4.7164511e-02  -2.0805770e-02   3.6504090e-03  -3.3754313e-03   2.8055689e-03
   2.8248698e-01  -8.1244244e-02   3.0464099e-02   3.8931155e-03  -3.2437181e-03   3.6746736e-03
   2.9864398e-01  -9.8872567e-02   3.3443119e-02   4.1880589e-03  -3.7538817e-03   3.3754672e-03
   2.9956027e-01  -1.5089773e-01   3.7553024e-02   4.5268233e-03  -3.2854233e-03   3.6220035e-03
   2.7999115e-01  -2.9973722e-02   3.1704312e-02   4.0999117e-03  -3.3590564e-03   3.2469637e-03
   2.9455897e-01  -1.4455434e-01  -8.3544836e-03   4.5010562e-03  -3.6952481e-03   3.4320454e-03
   2.9790950e-01  -8.8135725e-02  -1.7480599e-02   4.8413740e-03  -3.5153790e-03   3.9101836e-03
   3.2181848e-01  -9.8729593e-02  -4.2590894e-02   4.8594542e-03  -3.8728975e-03   3.3891373e-03
   3.3317538e-01  -1.2791407e-01  -3.2036079e-02   4.7853087e-03  -3.9731829e-03   3.5825643e-03
   3.4346030e-01  -6.1609075e-02   5.5685685e-02   3.8110201e-03  -4.0893186e-03   3.5791401e-03
   3.2281620e-01  -7.4940474e-02   1.2610530e-03   3.7900187e-03  -3.8449669e-03   3.4883859e-03
   3.2258978e-01  -6.3231545e-02  -3.1856346e-02   5.5101207e-03  -3.7147428e-03   3.3687274e-03
   3.4507560e-01  -2.4984492e-01  -2.8044801e-02   6.6200237e-03  -3.7472260e-03   4.0567860e-03
   3.2568993e-01  -1.3155461e-01   3.1444093e-02   6.2023800e-03  -3.5763869e-03   4.0227352e-03
   3.4215819e-01  -2.2106654e-01   2.9284108e-02   6.3264362e-03  -3.7423395e-03   3.9016816e-03
   3.3571115e-01  -1.8441171e-01  -1.8797477e-03   5.7588170e-03  -3.7132752e-03   3.9204499e-03
   3.2494733e-01  -1.3004499e-01   5.1671380e-03   6.0912683e-03  -3.5014729e-03   4.1877039e-03
   3.4062916e-01  -2.0740271e-01  -2.9467345e-02   6.5952415e-03  -4.0702802e-03   3.8151590e-03
   3.3452833e-01  -1.6713775e-01  -3.0598104e-02   5.5716389e-03  -3.9016219e-03   4.0993070e-03
   3.4225408e-01  -1.1760345e-01   2.2846020e-02   5.5884758e-03  -3.8275556e-03   3.9724034e-03
   3.4054647e-01  -1.7888122e-01   7.6523268e-03   5.9804918e-03  -4.1174048e-03   3.5478326e-03
   3.5320682e-01  -1.1626327e-01  -2.4902243e-02   6.0299042e-03  -4.0945640e-03   3.9250248e-03
   3.3441071e-01  -8.8078836e-02   2.2343173e-02   5.3143130e-03  -3.7065804e-03   3.8889724e-03
   3.6084167e-01  -1.9612257e-01  -1.8394129e-02   5.5569429e-03  -4.2629275e-03   3.6526035e-03
   3.6060910e-01  -9.4502452e-02  -1.9051861e-05   5.5070806e-03  -4.3649386e-03   4.0630746e-03
   3.5988750e-01  -1.2785581e-01  -6.5000818e-02   5.1135652e-03  -4.4048860e-03   3.2292330e-03
   3.5417515e-01  -2.0178013e-01  -4.9807200e-02   6.2754508e-03  -4.3283536e-03   3.9975950e-03
   3.4396889e-01  -8.8445793e-02  -7.8550638e-03   5.9272009e-03  -3.9961183e-03   4.0046117e-03
   3.5028684e-01  -2.0603738e-01  -6.1344817e-02   6.4030161e-03  -3.8996255e-03   3.9636225e-03
   3.2744649e-01  -5.1792104e-02  -8.8155621e-03   6.1219490e-03  -4.0214344e-03   3.6501680e-03
   3.3531598e-01  -2.5248885e-01  -5.5107079e-02   6.9684695e-03  -4.3694925e-03   3.2018232e-03
   3.2858526e-01  -1.0703346e-01  -3.8379205e-02   6.1896112e-03  -4.0881196e-03   3.2953968e-03
   3.3694435e-01  -1.4236849e-01  -6.5637376e-02   6.1697597e-03  -4.1044320e-03   2.7895342e-03
   3.5580108e-01  -2.3552735e-01  -5.0753478e-02   6.4778510e-03  -4.1378202e-03   3.0204935e-03
   3.6654069e-01  -1.5275086e-01  -6.3105671e-02   6.6255487e-03  -4.3533644e-03   2.6896861e-03
   3.5962218e-01  -2.4368303e-01  -6.5960806e-02   6.6412741e-03  -4.0497162e-03   2.8453485e-03
   3.5725891e-01  -1.5861840e-01  -4.7422322e-02   6.8209661e-03  -4.0961843e-03   2.5471883e-03
   3.7334282e-01  -2.3023540e-01  -6.1721974e-02   7.1377383e-03  -4.4548356e-03   2.9199377e-03
   3.5817360e-01  -1.7786804e-01  -7.4138192e-02   6.0547019e-03  -4.4469339e-03   2.6751021e-03
   3.6797045e-01  -1.8497872e-01  -9.6106853e-02   7.2320993e-03  -4.4050969e-03   2.9170252e-03
   3.6034515e-01  -1.3736569e-01  -3.0655529e-02   6.9800641e-03  -4.2113444e-03   3.2963670e-03
   3.7364197e-01  -2.0384676e-01  -7.5717205e-02   6.7843424e-03  -4.2456366e-03   3.0555867e-03
   3.8041453e-01  -2.4771739e-01  -7.5644261e-02   7.3948537e-03  -4.7415584e-03   3.2105742e-03
   3.8172872e-01  -2.3554521e-01  -1.0924098e-01   7.0995637e-03  -4.7456264e-03   3.2361012e-03
   3.5615481e-01  -2.6082785e-01  -7.5204591e-02   7.6746553e-03  -4.3865027e-03   3.3170902e-03
   3.5797886e-01  -1.7792885e-01  -1.0107592e-01   7.5922430e-03  -4.6672974e-03   2.8362328e-03
   3.3782975e-01  -1.3699505e-01  -6.8147040e-02   6.4909302e-03  -4.2863393e-03   2.9465400e-03
   3.5848862e-01  -2.2292456e-01  -9.2971591e-02   6.4104746e-03  -4.2745418e-03   2.9163413e-03
   3.5391385e-01  -2.4558319e-01  -9.7631854e-02   6.9973350e-03  -4.7584016e-03   3.0891273e-03
   3.7393850e-01  -8.6652153e-02  -1.2174968e-01   6.6307623e-03  -5.2462668e-03   3.7703926e-03
   3.6738520e-01  -2.8315523e-01  -6.4949078e-02   6.7292594e-03  -4.7263553e-03   3.7391153e-03
   3.6851303e-01  -1.2492604e-01  -1.3950451e-01   6.6470119e-03  -4.8264752e-03   3.2301055e-03
   3.8612463e-01  -1.4569746e-01  -1.6605962e-01   6.7957975e-03  -5.3753527e-03   3.2295874e-03
   3.6325039e-01  -9.8612202e-02  -1.2883084e-01   6.6825349e-03  -4.9564564e-03   3.6458464e-03
   3.7318019e-01  -2.6029594e-01  -1.6256013e-01   7.6262320e-03  -5.2687590e-03   3.6766400e-03
   3.7814791e-01  -1.2619373e-01  -2.2389155e-01   6.7534966e-03  -5.2735171e-03   3.2290206e-03
   3.6422658e-01  -2.5102329e-01  -1.2233544e-01   7.0875821e-03  -4.1822164e-03   3.6532129e-03
   3.4092450e-01  -2.6988904e-01  -2.0346631e-01   7.7310288e-03  -4.2511761e-03   3.9982750e-03
   3.2916974e-01  -1.0609433e-01  -1.2246297e-01   6.5880286e-03  -3.7820224e-03   3.7033095e-03
   3.6109916e-01  -4.9972380e-01  -1.9812562e-02   8.1920992e-03  -3.9596439e-03   4.0261433e-03
   3.2009876e-01  -2.8096855e-01  -7.1221887e-02   7.9411197e-03  -3.8149755e-03   4.1484935e-03
   2.9284254e-01   5.5792948e-02  -1.6494703e-01   8.3516211e-03  -3.6964345e-03   3.8656609e-03
   3.1185477e-01  -1.6301088e-01  -2.0616574e-01   8.9295370e-03  -3.7760235e-03   3.6424285e-03
   3.0105017e-01  -2.7415255e-01  -1.5989319e-01   9.4071789e-03  -3.4371307e-03   3.6225105e-03
   3.2083481e-01  -2.4646297e-01  -1.5855156e-01   9.4219386e-03  -4.1726811e-03   3.3859718e-03
   3.0709521e-01  -3.3248058e-01  -1.2496884e-01   9.6873282e-03  -3.8004196e-03   3.5429586e-03
   3.1010570e-01  -1.2504305e-01  -1.6433418e-01   8.2697687e-03  -4.0744402e-03   3.1459325e-03
   2.9111983e-01  -1.5954303e-01  -2.1372821e-01   8.4256570e-03  -3.5140388e-03   2.9190657e-03
   2.8882757e-01  -2.6497573e-01  -1.9162821e-01   8.6157331e-03  -3.3572358e-03   2.9751927e-03
   2.6761776e-01  -2.3462247e-01  -2.1310760e-01   9.1623581e-03  -3.3636733e-03   2.6586767e-03
   2.8149078e-01  -2.3622623e-01  -1.8002020e-01   8.8537659e-03  -3.4920396e-03   3.0545089e-03
   3.0240297e-01  -2.2652693e-01  -2.3169016e-01   8.6628881e-03  -3.9198526e-03   2.8423927e-03
   2.7976848e-01  -1.2172415e-01  -2.3932758e-01   8.9235544e-03  -3.2980971e-03   2.7668122e-03
   2.8753898e-01  -3.6150321e-01  -2.0843246e-01   9.3048708e-03  -3.0464552e-03   3.6995425e-03
   3.0005726e-01  -2.6860788e-01  -2.1691260e-01   9.1410580e-03  -3.8481239e-03   3.2675593e-03
   3.0178583e-01  -2.2883622e-01  -2.4001250e-01   9.5270293e-03  -3.6686793e-03   3.1835735e-03
   3.1920467e-01  -2.6952715e-01  -2.0321738e-01   8.5687889e-03  -3.7090766e-03   3.1554771e-03
   3.1089542e-01  -3.5295973e-01  -2.1310218e-01   9.4833173e-03  -3.5219730e-03   3.3318275e-03
   3.0592728e-01  -1.4615557e-01  -2.3187079e-01   9.1318712e-03  -3.5692506e-03   3.0836173e-03
   3.1990507e-01  -2.7603253e-01  -2.2223774e-01   9.7574314e-03  -3.8631251e-03   3.3108910e-03
   3.4204328e-01  -3.0770205e-01  -2.5054243e-01   9.6832986e-03  -3.9567047e-03   3.1373361e-03
   3.3053911e-01  -2.4674685e-01  -2.3425221e-01   9.6619002e-03  -3.8024459e-03   3.2613690e-03
   3.4596789e-01  -2.9298431e-01  -2.7322983e-01   9.6985051e-03  -4.0931321e-03   3.0489759e-03
   3.4929624e-01  -2.7304288e-01  -2.7152142e-01   9.5505870e-03  -4.3752118e-03   3.2422207e-03
   3.4174421e-01  -2.2283147e-01  -2.6528144e-01   9.0546260e-03  -4.5436470e-03   2.4822645e-03
   3.5646803e-01  -2.7716389e-01  -2.5015805e-01   1.0153549e-02  -4.3259799e-03   3.2929109e-03
   3.6601552e-01  -1.9925855e-01  -2.7055964e-01   9.6813256e-03  -3.9919501e-03   3.1225455e-03
   3.5950821e-01  -3.5538890e-01  -2.6437827e-01   1.0070444e-02  -4.3350749e-03   2.7940535e-03
   3.5883217e-01  -1.5277767e-01  -2.5330678e-01   8.9438260e-03  -4.8643253e-03   2.6708305e-03
   3.4456496e-01  -2.8938009e-01  -3.0760540e-01   9.6265564e-03  -4.7845806e-03   2.6294952e-03
   3.3302773e-01  -1.6913078e-01  -2.4330670e-01   8.9304402e-03  -4.2276361e-03   3.1208473e-03
   3.4050937e-01  -2.3273087e-01  -2.3048438e-01   9.2464286e-03  -4.4889366e-03   3.2729532e-03
   3.5363130e-01  -2.5333503e-01  -1.7802675e-01   9.8206687e-03  -4.4800962e-03   3.5760886e-03
   3.5395992e-01  -2.4296552e-01  -2.3166700e-01   1.0011024e-02  -4.3338018e-03   3.6380510e-03
   3.4297976e-01  -2.2497585e-01  -2.3218068e-01   9.1124903e-03  -4.2044900e-03   3.7074867e-03
   3.3150620e-01  -1.5993895e-01  -2.1192314e-01   9.2372900e-03  -3.9755763e-03   3.5647373e-03
   3.5977112e-01  -2.9063308e-01  -2.4981093e-01   1.0140564e-02  -4.1856041e-03   3.7548490e-03
   3.6614923e-01  -2.1659602e-01  -2.1549152e-01   9.7338465e-03  -4.1036900e-03   3.7967375e-03
   3.7296970e-01  -2.9358680e-01  -2.6032403e-01   9.4962674e-03  -4.7127261e-03   3.9291204e-03
   3.4561574e-01  -1.6006400e-01  -2.8550665e-01   9.3680816e-03  -4.6089106e-03   3.1501204e-03
   3.2765212e-01  -3.3403030e-01  -2.3007535e-01   9.2774783e-03  -3.6726338e-03   3.3390531e-03
   3.0988089e-01  -3.1119786e-01  -2.5190007e-01   1.0402333e-02  -3.7099306e-03   3.1777682e-03
   3.0349099e-01  -2.4530167e-01  -2.1120160e-01   9.9661472e-03  -3.6910340e-03   3.3785386e-03
   2.9102984e-01  -2.0502736e-01  -2.5202193e-01   9.7242407e-03  -3.6722269e-03   2.9136888e-03
   2.8600049e-01  -2.6439959e-01  -2.0437503e-01   9.4088710e-03  -4.1066388e-03   2.9736921e-03
   2.8468356e-01  -2.7495071e-01  -2.2974151e-01   9.7760545e-03  -4.1410893e-03   2.8194488e-03
   2.7551886e-01  -3.1010002e-01  -2.0650931e-01   9.9673980e-03  -3.9459336e-03   3.2461639e-03
   2.8584394e-01  -1.8222528e-01  -2.1605588e-01   9.3886530e-03  -4.3815313e-03   3.0747223e-03
   2.8626239e-01  -2.5550127e-01  -2.7398286e-01   9.4840593e-03  -3.9705234e-03   3.0942985e-03
   3.0903165e-01  -1.7979793e-01  -2.1779849e-01   9.3598801e-03  -4.4247572e-03   3.7165510e-03
   3.0035910e-01  -2.2618513e-01  -2.2913759e-01   9.5219312e-03  -4.0234006e-03   3.4521210e-03
   3.1249359e-01  -3.3896864e-01  -2.4471641e-01   1.0093525e-02  -4.2782326e-03   3.5799263e-03
   3.2462151e-01  -1.6261970e-01  -1.8960397e-01   8.8304621e-03  -4.4422111e-03   3.8322053e-03
   3.2343591e-01  -2.2006038e-01  -2.2548116e-01   9.4513699e-03  -4.2343322e-03   3.9012620e-03
   3.5455615e-01  -2.1140192e-01  -2.2806378e-01   9.3402847e-03  -4.6812770e-03   4.2319478e-03
   3.6239573e-01  -2.4736423e-01  -2.2790804e-01   9.3570885e-03  -5.0443049e-03   4.0724124e-03
   3.5431377e-01  -2.8275175e-01  -2.4426134e-01   9.9085578e-03  -5.1601781e-03   3.9105065e-03
   3.4426074e-01  -2.5236238e-01  -1.7465870e-01   9.7590253e-03  -4.9200825e-03   4.4149972e-03
   3.6088996e-01  -2.5687535e-01  -2.3682343e-01   1.0596488e-02  -4.9685944e-03   4.0815156e-03
   3.5157523e-01  -2.8986140e-01  -2.5193741e-01   9.8628870e-03  -4.9157270e-03   3.8653532e-03
   3.4278983e-01  -2.1587610e-01  -2.7361769e-01   9.0655805e-03  -4.9819227e-03   3.4973730e-03
   3.4350935e-01  -2.4333955e-01  -2.8314433e-01   1.0213289e-02  -5.1745113e-03   3.7068960e-03
   3.3580194e-01  -2.5620035e-01  -2.6297226e-01   9.9918412e-03  -5.0513073e-03   4.0380536e-03
   3.4401908e-01  -2.0346795e-01  -3.0662099e-01   1.0229177e-02  -5.4141802e-03   3.7286404e-03
   3.2540516e-01  -2.0284604e-01  -2.9729567e-01   9.6562673e-03  -4.9668489e-03   4.1335533e-03
   3.1402471e-01  -1.9785222e-01  -2.7604367e-01   9.6728643e-03  -5.0135123e-03   4.0153654e-03
   3.2783486e-01  -3.2606332e-01  -2.8544174e-01   1.1090779e-02  -5.2563525e-03   4.2864166e-03
   3.2531458e-01  -1.5908615e-01  -2.7440576e-01   1.0146283e-02  -5.2680665e-03   4.4364921e-03
   3.4210459e-01  -3.0006858e-01  -2.9049624e-01   1.0237504e-02  -5.2306953e-03   4.0575424e-03
   3.2948524e-01  -2.9795989e-01  -2.7879989e-01   1.0654274e-02  -5.1808723e-03   4.1703182e-03
   3.3126107e-01  -2.7368841e-01  -2.7349575e-01   1.0303967e-02  -5.3453008e-03   4.0245784e-03
   3.3394497e-01  -3.4783399e-01  -3.0658900e-01   1.0289656e-02  -5.6073726e-03   3.9185110e-03
   3.4488968e-01  -2.1420254e-01  -2.7013900e-01   9.9775485e-03  -5.7235284e-03   4.1239685e-03
   3.5490981e-01  -3.6815986e-01  -3.3246273e-01   1.1103622e-02  -6.2355674e-03   3.6986756e-03
   3.2619033e-01  -2.1195254e-01  -3.6250433e-01   1.0964847e-02  -5.8874428e-03   3.5299335e-03
   3.1203721e-01  -3.2165845e-01  -3.5801131e-01   1.2407680e-02  -5.7318732e-03   3.7717709e-03
   3.3535427e-01  -2.9941821e-01  -3.2889796e-01   1.1638463e-02  -6.3522290e-03   3.7238388e-03
   3.1693634e-01  -3.2107494e-01  -3.1124671e-01   1.2050298e-02  -6.4650387e-03   3.5359050e-03
   3.0136193e-01  -1.7074940e-01  -2.7828747e-01   1.0694530e-02  -6.0306149e-03   3.1672642e-03
   3.2762824e-01  -3.2149450e-01  -3.2032368e-01   1.2064959e-02  -6.4694314e-03   3.5156599e-03
   3.2757173e-01  -2.7297036e-01  -3.2510321e-01   1.2225549e-02  -6.5751547e-03   3.8701181e-03
   3.5859469e-01  -3.1625152e-01  -3.4890785e-01   1.1897401e-02  -6.5266698e-03   3.8147788e-03
   3.3845350e-01  -3.1611965e-01  -3.1220322e-01   1.2464375e-02  -6.2484628e-03   4.0310172e-03
   3.4786702e-01  -2.5676517e-01  -2.8186869e-01   1.1587681e-02  -6.1956435e-03   3.9666380e-03
   3.4842963e-01  -4.2085842e-01  -3.1978493e-01   1.2911585e-02  -6.6157188e-03   4.1719368e-03
   3.4170668e-01  -2.8925411e-01  -2.8553089e-01   1.1790033e-02  -6.3967852e-03   4.2277393e-03
   3.4712686e-01  -3.4894658e-01  -3.4846054e-01   1.2543477e-02  -6.5334509e-03   3.8747146e-03
   3.1996582e-01  -3.7099444e-01  -3.1322405e-01   1.3056609e-02  -6.2320231e-03   3.8984887e-03
   3.0977285e-01  -2.8872028e-01  -2.8938458e-01   1.3405284e-02  -6.0314263e-03   3.7565118e-03
   3.2281559e-01  -3.7198097e-01  -2.6917921e-01   1.3270738e-02  -5.6400380e-03   4.1119725e-03
   3.1024118e-01  -1.8913905e-01  -3.0270669e-01   1.3328984e-02  -6.0442521e-03   3.0251214e-03
   3.2088045e-01  -3.2235446e-01  -2.7751750e-01   1.3312144e-02  -6.3781452e-03   3.6705912e-03
   3.2249661e-01  -3.4183767e-01  -3.1504025e-01   1.4152179e-02  -6.3289862e-03   3.6026311e-03
   3.0867618e-01  -4.0981573e-01  -2.5464481e-01   1.2479161e-02  -6.0955257e-03   3.6317066e-03
   3.0752302e-01  -3.5395337e-01  -2.7892673e-01   1.2978157e-02  -6.4227825e-03   3.5063531e-03
   3.0599891e-01  -4.2612685e-01  -2.4316327e-01   1.3705601e-02  -6.1134887e-03   3.5090083e-03
   3.5655023e-01  -3.7337350e-01  -2.9742678e-01   1.3824373e-02  -7.0080895e-03   3.4826021e-03
   3.1505270e-01  -2.1068223e-01  -2.0505482e-01   1.2753443e-02  -5.6861921e-03   3.8526087e-03
   3.2069687e-01  -3.0939249e-01  -2.6269540e-01   1.2816910e-02  -5.8495258e-03   3.9961601e-03
   2.9891915e-01  -2.6853230e-01  -3.3869057e-01   1.3796460e-02  -5.9511942e-03   3.7826964e-03
   2.8749312e-01  -2.6079368e-01  -3.2602231e-01   1.2465551e-02  -5.7538818e-03   3.5453044e-03
   2.6395728e-01  -4.0311735e-01  -3.0374497e-01   1.3681284e-02  -5.4933573e-03   3.5608070e-03
   2.5728586e-01  -3.3199489e-01  -2.6289333e-01   1.3546127e-02  -5.1445177e-03   3.8618461e-03
   2.6622387e-01  -3.1797267e-01  -3.2278331e-01   1.3700866e-02  -5.5492006e-03   3.5405604e-03
   2.7014791e-01  -3.2729600e-01  -2.7658582e-01   1.3789530e-02  -5.4499777e-03   4.0587093e-03
   2.9797339e-01  -4.2483086e-01  -3.0974527e-01   1.4563225e-02  -5.6439676e-03   3.6803537e-03
   3.1534696e-01  -3.9228150e-01  -2.5982915e-01   1.4561305e-02  -5.7089294e-03   4.2764519e-03
   3.0783975e-01  -3.4325935e-01  -2.6804655e-01   1.3837673e-02  -5.3684405e-03   4.4277637e-03
   3.0514886e-01  -4.2342864e-01  -2.7636830e-01   1.4982916e-02  -5.6967995e-03   4.6448415e-03
   3.1695375e-01  -2.6718293e-01  -2.3954007e-01   1.4288204e-02  -5.7352532e-03   4.8572732e-03
   3.3319612e-01  -3.5857384e-01  -2.7792915e-01   1.4713042e-02  -5.9613619e-03   4.5874409e-03
   3.2883620e-01  -3.3885324e-01  -2.2600037e-01   1.4411197e-02  -5.8782319e-03   4.4515684e-03
   3.4049916e-01  -3.6906192e-01  -3.0358125e-01   1.3783655e-02  -6.2119631e-03   4.0951933e-03
   3.3373456e-01  -3.7229988e-01  -2.5731190e-01   1.3924525e-02  -5.7806487e-03   4.3369625e-03
   3.4246395e-01  -3.2958333e-01  -3.1716869e-01   1.3838934e-02  -6.0150481e-03   3.9216986e-03
   3.5519156e-01  -4.3367627e-01  -3.1850298e-01   1.5519934e-02  -6.2849288e-03   4.3235833e-03
   3.5994150e-01  -3.2602676e-01  -2.8507421e-01   1.4528014e-02  -6.4351993e-03   4.1791035e-03
   3.7411112e-01  -3.8385654e-01  -3.5158396e-01   1.4669583e-02  -6.3885018e-03   4.2593757e-03
   4.2633776e-01  -2.4461465e-01  -3.4416271e-01   1.4029068e-02  -7.4704245e-03   4.7899005e-03
   4.3348019e-01  -4.7210785e-01  -3.0235822e-01   1.5663510e-02  -7.8654960e-03   4.9619798e-03
   4.1448418e-01  -3.2902261e-01  -3.2820194e-01   1.4713469e-02  -7.5112745e-03   4.4705545e-03
   4.2054413e-01  -4.2847347e-01  -3.4805168e-01   1.6123064e-02  -7.5418493e-03   4.4940970e-03
   4.4560254e-01  -3.8323072e-01  -2.6278651e-01   1.4967848e-02  -7.5084736e-03   4.9783560e-03
   4.4617187e-01  -4.2017404e-01  -3.6554819e-01   1.5043384e-02  -7.8103486e-03   4.2471033e-03
   4.3517964e-01  -3.8269670e-01  -2.9523256e-01   1.4972894e-02  -7.5857567e-03   4.7050494e-03
   4.4614682e-01  -3.9833784e-01  -3.2602461e-01   1.4764403e-02  -7.4556900e-03   4.9233252e-03
   4.3836516e-01  -4.0104512e-01  -3.6370273e-01   1.5171012e-02  -7.4633727e-03   5.1561922e-03
   4.1403222e-01  -3.4207098e-01  -3.6346743e-01   1.4411799e-02  -7.1817917e-03   4.8194987e-03
   4.1652226e-01  -4.2643407e-01  -4.0068431e-01   1.5106083e-02  -7.4825989e-03   4.7079957e-03
   3.9917578e-01  -3.1342101e-01  -3.8074149e-01   1.4735180e-02  -7.6119705e-03   4.0599405e-03
   3.8130016e-01  -3.9474599e-01  -3.7283658e-01   1.5117996e-02  -7.1186925e-03   4.3648259e-03
   3.8966627e-01  -2.5160487e-01  -3.7499620e-01   1.3292808e-02  -7.0830837e-03   4.3841079e-03
   3.8767744e-01  -4.2705128e-01  -3.9450967e-01   1.4456571e-02  -6.7978005e-03   4.4485604e-03
   3.7053968e-01  -4.1893190e-01  -2.8622932e-01   1.4435330e-02  -6.3113859e-03   4.8746719e-03
   3.6290958e-01  -4.5240672e-01  -3.6101708e-01   1.4870963e-02  -6.4196473e-03   4.9125585e-03
   3.6488788e-01  -2.7345931e-01  -3.4780315e-01   1.3837892e-02  -6.8080817e-03   4.9297751e-03
   3.7170845e-01  -4.4935775e-01  -3.9131152e-01   1.5354618e-02  -6.8358970e-03   5.2612292e-03
   3.6750235e-01  -2.4850119e-01  -3.5312089e-01   1.4041023e-02  -6.9868773e-03   5.3666349e-03
   3.6669859e-01  -3.8019957e-01  -3.5955152e-01   1.4599574e-02  -7.0886827e-03   5.2160110e-03
   3.8057829e-01  -2.6722730e-01  -2.8650001e-01   1.3920973e-02  -7.2939854e-03   5.3999473e-03
   3.9221903e-01  -4.0297640e-01  -3.4121291e-01   1.5103685e-02  -7.3975833e-03   5.3825884e-03
   3.7938634e-01  -3.4256224e-01  -3.3506858e-01   1.4443683e-02  -7.2792559e-03   5.8163956e-03
   3.9252558e-01  -3.8323660e-01  -3.7785618e-01   1.4591869e-02  -7.2691000e-03   5.2617796e-03
   3.8556140e-01  -4.7684959e-01  -2.4791322e-01   1.5066774e-02  -6.4654354e-03   5.4235529e-03
   3.5960262e-01  -5.5374581e-01  -2.8168492e-01   1.5965668e-02  -6.5526134e-03   5.5371979e-03
   3.4284291e-01  -1.7944971e-01  -3.9135226e-01   1.5022474e-02  -6.8992908e-03   5.6521620e-03
   3.7754716e-01  -3.2529955e-01  -4.3378550e-01   1.4799876e-02  -7.4025014e-03   5.6551810e-03
   3.9363891e-01  -4.2603169e-01  -4.4576339e-01   1.5243078e-02  -7.4967071e-03   5.5141399e-03
   4.0977566e-01  -3.3275063e-01  -4.1594066e-01   1.4684788e-02  -7.5434887e-03   5.8224178e-03
   3.8463497e-01  -4.0029189e-01  -4.2558363e-01   1.5099324e-02  -7.3320663e-03   5.9894773e-03
   3.7354158e-01  -3.8938544e-01  -3.9999343e-01   1.4165737e-02  -7.4337128e-03   5.5377072e-03
   3.8129112e-01  -5.0403955e-01  -3.6544024e-01   1.4470976e-02  -7.4109395e-03   5.7637063e-03
   4.0335481e-01  -3.0960936e-01  -4.4287117e-01   1.4436927e-02  -7.9127884e-03   5.6340994e-03
