   0.0000000e+00   0.0000000e+00   0.0000000e+00   0.0000000e+00   0.0000000e+00   0.0000000e+00
   6.9520628e-03  -7.9275812e-04  -4.4234450e-02   1.6962846e-04  -1.7103588e-04   1.3486245e-04
   1.6887992e-03   2.0996151e-02  -1.3199166e-02  -5.6260975e-04  -3.0972691e-05  -5.3548169e-05
   1.5021420e-02   1.3291311e-02  -7.3140130e-02   3.3872463e-04  -2.3987364e-04   2.5307517e-04
   1.1432274e-02  -1.2870098e-02  -3.7376884e-02  -9.7473079e-05  -9.7565509e-05   1.8961129e-04
   2.4218199e-02  -4.4463601e-02  -6.3367393e-02   8.6572707e-04  -3.2510515e-04   3.1102962e-04
   1.3986247e-02  -2.0814390e-02  -1.4755203e-02   3.2035267e-05   7.9259417e-06   4.2442839e-04
   1.8883944e-02  -1.6709672e-02  -2.6140065e-02   5.6117648e-04  -2.3366913e-04   5.1466493e-04
   5.3754961e-03  -3.5151155e-02  -4.2763311e-02  -2.6466289e-04  -8.3940512e-05   8.8041166e-05
   1.8121117e-02   7.5457598e-02  -3.2179855e-02  -2.8294676e-04  -3.1600894e-04   1.7326915e-04
   1.2111234e-02  -3.1096815e-03  -2.5930465e-02  -4.2833452e-04  -2.6596972e-04   7.0396347e-05
   1.2087740e-02   9.3840003e-02  -1.5588283e-02  -7.5340275e-04  -3.2724461e-04   4.1817784e-05
   6.9433732e-05  -4.5037533e-02   6.3726802e-03  -7.2788636e-04  -5.4215991e-05  -2.2464684e-04
  -4.4297168e-03   4.3015372e-02   1.7925290e-02  -3.3732896e-04   8.5995845e-05  -1.2113880e-04
  -2.4629917e-03   6.2970404e-04   3.3590596e-03  -1.7168431e-04   5.0066263e-05  -1.2878749e-04
   7.8055010e-03   4.4040095e-02  -1.5082853e-03  -7.1556760e-04   1.4795330e-05  -2.4061112e-05
   2.8818552e-02   3.3987898e-03  -4.7389914e-02   1.9711223e-04  -3.0445358e-04   2.5898256e-04
   1.4997495e-02   4.0545167e-02   7.1313811e-03  -5.5074306e-04  -9.3469788e-05  -5.2729098e-05
   3.2472046e-02   2.9957229e-02  -4.4289030e-02   1.9210208e-06  -4.3309056e-04   1.6528665e-04
   2.5750737e-02   5.4777211e-02  -2.9097316e-03  -6.5781742e-04  -3.7249145e-04  -5.5676480e-05
   2.6814173e-02   6.4725517e-02   1.3235120e-03  -6.2201331e-04  -5.3375059e-04   1.0722696e-04
   1.3034090e-02   1.3806308e-02  -2.3615816e-02  -1.1757066e-04  -3.6181859e-04  -1.4572366e-04
   1.3038301e-02   6.9020222e-02   1.5747046e-02  -4.0928301e-04  -3.3315104e-04  -1.6630722e-04
   3.6224471e-02  -9.7365248e-03   4.4274848e-03   7.2378083e-04  -6.7279055e-04   1.6945730e-04
   3.4073980e-02   8.6704090e-02   3.4568513e-02   2.9478166e-06  -7.0361362e-04   1.0122344e-04
   4.9860914e-02  -3.8486392e-02  -6.2427238e-03   1.4951217e-04  -1.0551482e-03  -1.5625721e-04
   3.9126182e-02   1.0120233e-01   2.9221936e-02  -9.1049561e-04  -8.7272672e-04  -1.9998456e-04
   5.5138029e-02   2.8865657e-03   1.4381782e-02  -4.7419166e-04  -1.1596035e-03  -3.9249067e-05
   2.3936404e-02   2.8973659e-02   4.3034500e-02  -4.0235120e-04  -6.7478287e-04  -3.8609030e-04
   2.4684902e-02   1.5223745e-02   4.3279513e-02  -5.4447398e-04  -7.2419788e-04  -3.8231852e-04
   3.1284025e-02   5.2840174e-02  -2.7407994e-03  -2.7906692e-04  -8.4719926e-04  -3.1714777e-04
   1.4127770e-02   7.6986899e-02   2.5036413e-02  -1.0794613e-03  -5.7824817e-04  -5.7922862e-04
   2.6592461e-02  -2.5072558e-02  -8.5742178e-03  -3.9870980e-04  -8.8860202e-04  -5.5818629e-04
   9.9512953e-03   2.9137462e-02   3.8248447e-02  -8.4744937e-04  -6.5597870e-04  -8.0493881e-04
   5.2854267e-03   7.0593671e-04   3.8462720e-02  -3.7768759e-04  -6.2670750e-04  -7.0217753e-04
  -7.6098509e-03   4.1142807e-02   1.8032011e-02  -2.1706311e-04  -4.3750290e-04  -7.8907719e-04
   6.3013994e-03   7.6846242e-02   2.8777841e-02  -8.2208829e-04  -6.7070619e-04  -7.5711939e-04
   1.1156166e-02   5.8879635e-03   6.1345238e-03  -3.7285514e-04  -8.3602157e-04  -6.9859912e-04
  -2.9963767e-03   1.9288049e-02   2.5770005e-02  -1.3729895e-03  -7.0025491e-04  -1.1222168e-03
  -1.0952610e-02   4.8525046e-02   2.8148608e-02  -5.5559677e-04  -6.2198555e-04  -9.4923665e-04
  -2.7486575e-02   3.2191145e-02   4.8042659e-02  -1.2590625e-03  -4.4073299e-04  -1.1277067e-03
  -1.0412992e-03   5.5176259e-02   6.6345181e-02  -8.0410444e-04  -8.7454160e-04  -1.0728399e-03
  -2.2209867e-02   1.9039210e-02   5.3179338e-02  -5.8277336e-04  -5.6214771e-04  -1.1976810e-03
  -1.5293328e-02   9.8939400e-02   5.6021722e-02  -1.4230573e-03  -7.0661906e-04  -1.2164908e-03
  -1.5182710e-02  -2.3113384e-02   1.6559621e-03  -7.0769685e-04  -7.2309227e-04  -1.2541115e-03
  -3.5080966e-02   3.7625594e-02   6.4872439e-02  -1.1446961e-03  -4.6528530e-04  -1.5556244e-03
  -3.1275534e-02   9.8029305e-04   6.1140961e-02  -8.0442413e-04  -5.9507983e-04  -1.4991848e-03
  -2.5216920e-02   4.9895622e-02   3.0051229e-02  -7.7860893e-04  -7.0740134e-04  -1.5316825e-03
  -1.4505212e-02   9.2058272e-02   2.0388019e-02  -9.9794830e-04  -7.6603125e-04  -1.3673356e-03
  -2.8912223e-02  -2.4437836e-02   3.1163084e-02  -3.9096443e-04  -5.0278725e-04  -1.4177158e-03
  -2.1484218e-02   1.9477916e-02   4.5054035e-02  -1.0592200e-03  -7.5159210e-04  -1.5535888e-03
  -3.3817615e-02   2.4836758e-02   3.4958626e-02  -4.9937523e-04  -5.5652721e-04  -1.4975795e-03
  -4.0389949e-02   6.8719587e-02   5.1467827e-02  -1.1459085e-03  -4.1018252e-04  -1.5737194e-03
  -2.3790171e-02   9.6779535e-02   3.7953269e-02  -1.0849148e-03  -6.5486146e-04  -1.5105724e-03
  -1.0963646e-02   1.0392230e-02  -3.0240232e-02  -5.5817012e-04  -8.1468554e-04  -1.3526169e-03
  -3.8341543e-02   7.1856447e-02   1.3726546e-02  -6.1639327e-04  -2.9669336e-04  -1.5513344e-03
   2.2243482e-02   1.5385231e-02  -7.4684265e-02  -3.9739916e-05  -1.2309762e-03  -8.5676718e-04
   4.5701536e-02   7.9974079e-02  -8.2725198e-02  -6.0815827e-04  -1.7077106e-03  -8.9344737e-04
   2.9459334e-02  -3.8881594e-02  -8.1849649e-02   4.5814158e-05  -1.5515408e-03  -1.1491113e-03
   5.4250256e-03   4.0950332e-02   8.2146682e-03  -3.6178884e-04  -1.2309684e-03  -1.3494178e-03
   3.6341069e-03   4.4516309e-02  -3.5354824e-03  -5.3851040e-05  -1.2603328e-03  -1.3612252e-03
   9.5742189e-03   4.8702049e-02  -5.5785729e-03  -5.8143694e-04  -1.3055141e-03  -1.4837879e-03
   1.6165250e-02   3.6932473e-02  -2.7898057e-02  -3.2146522e-04  -1.4312076e-03  -1.3302033e-03
  -3.9931067e-03   5.6391135e-02  -2.2536238e-02  -1.3189421e-04  -1.1915641e-03  -1.5414519e-03
  -3.7397044e-03   1.2500583e-01  -4.8928816e-03  -8.5978174e-04  -1.2760885e-03  -1.5664634e-03
   3.0004469e-03   1.5802916e-02  -7.5634825e-02  -1.8728887e-04  -1.4551062e-03  -1.5358255e-03
  -2.0425620e-02   6.3418504e-02  -6.0541873e-03  -8.0798129e-04  -1.0932411e-03  -1.8533137e-03
  -6.4263790e-03   3.9711510e-02  -4.0583291e-02  -6.4129687e-04  -1.3968363e-03  -1.5157167e-03
  -9.8366568e-03   4.4945126e-02   7.5538322e-03  -9.7654342e-04  -1.2864838e-03  -1.8986129e-03
  -2.2511149e-02  -1.1623105e-02  -3.8863881e-03  -7.2260481e-04  -1.0337152e-03  -1.6924616e-03
  -2.4514299e-02   9.3996473e-02   2.4717104e-03  -5.8262035e-04  -1.0466400e-03  -1.8245809e-03
  -5.9595789e-03   6.5963783e-02   1.0571866e-02  -6.4978566e-04  -1.2760235e-03  -1.7442546e-03
  -2.2082758e-02   3.7890780e-02  -2.0862983e-02  -1.4043041e-05  -9.7705531e-04  -1.7005263e-03
  -2.4503225e-02   8.7058043e-02   3.4187224e-02  -8.5658165e-04  -9.7857864e-04  -1.8266417e-03
  -9.6693590e-03   3.0741604e-02  -1.0566880e-02  -3.3012116e-04  -1.1847099e-03  -1.6695626e-03
  -3.4071375e-02  -2.2312563e-02   4.5685790e-03  -1.5366789e-04  -7.6617707e-04  -1.9830284e-03
  -2.5771511e-02  -1.0778944e-02   3.4249706e-02  -3.4691368e-04  -8.6398419e-04  -1.8751095e-03
  -3.3857229e-03  -1.5842082e-02  -2.8726581e-03   9.1319360e-05  -1.2200829e-03  -1.6787098e-03
  -1.3477940e-03   3.2007762e-02   2.0970053e-02  -8.4181888e-04  -1.2277503e-03  -1.8481125e-03
   1.6244828e-02   5.0751733e-02  -2.5332404e-02  -3.8328658e-04  -1.4603493e-03  -1.3846391e-03
   2.2193155e-02   5.7522266e-02  -1.9868320e-02  -1.6817906e-04  -1.6583778e-03  -1.5169415e-03
   8.3281715e-03   4.7092442e-02  -4.3637513e-02  -1.5245451e-04  -1.3628421e-03  -1.5384896e-03
   1.6389980e-02  -8.8590360e-03  -5.5920538e-02  -3.2627843e-04  -1.4066175e-03  -1.5855559e-03
   1.3075049e-02   1.3443275e-03  -8.3399054e-03  -5.7563426e-04  -1.2593398e-03  -1.5686838e-03
   3.2248578e-02  -6.0895125e-02  -6.1818281e-02  -4.3736454e-05  -1.6419225e-03  -1.4842498e-03
   2.7477385e-02   1.1684184e-02  -2.4256030e-02  -8.3931156e-04  -1.5663903e-03  -1.6334048e-03
   3.0398484e-02   8.6508695e-02  -2.8680489e-02  -1.1733658e-03  -1.6303518e-03  -1.5277958e-03
   3.7556127e-02   3.0049681e-02  -6.4884689e-02  -6.4665822e-04  -1.8006860e-03  -1.5331060e-03
   2.0223628e-02   8.5280944e-02  -1.2168409e-02  -1.0126729e-03  -1.4649702e-03  -1.6543392e-03
   2.4128101e-02  -2.0039636e-02  -4.9011448e-02  -5.5344633e-04  -1.5719913e-03  -1.5858908e-03
   1.9197845e-02   2.0836804e-02  -3.0490547e-02  -8.8082741e-04  -1.5378822e-03  -1.6728219e-03
   2.2437960e-02   2.9643717e-02  -1.3687740e-02  -1.1238163e-03  -1.5810520e-03  -1.5753413e-03
   3.2276373e-02   5.9127826e-02  -7.0013907e-02  -4.6130954e-04  -1.7581693e-03  -1.5279921e-03
   3.7005495e-02   9.6495479e-02  -1.5460686e-02  -1.4876432e-03  -1.7294477e-03  -1.5303819e-03
   5.3989803e-02   4.1299043e-02  -3.5597854e-02  -6.6711752e-04  -1.8955986e-03  -1.2594023e-03
   5.1991407e-02   9.2371772e-02  -7.0515174e-02  -1.0289793e-03  -1.8251323e-03  -1.2321376e-03
   2.8513357e-02   6.9713656e-02  -5.8077746e-02  -1.2630575e-03  -1.4498230e-03  -1.3434391e-03
   4.0350046e-02   2.1930524e-02  -1.0630933e-01  -5.3515314e-04  -1.7796101e-03  -1.2472455e-03
   4.4265776e-02   2.1657893e-02  -5.6087710e-02  -1.1018479e-03  -1.7180194e-03  -1.3872165e-03
   3.7787111e-02   3.8977162e-02  -9.5236480e-02  -7.3005100e-04  -1.6428736e-03  -1.3136240e-03
   1.8864143e-02   1.9156661e-02  -6.6671045e-02  -4.3944666e-04  -1.4618688e-03  -1.4862768e-03
   3.0260323e-02   1.0947995e-01  -4.1968105e-02  -1.3116958e-03  -1.6865462e-03  -1.4578029e-03
   6.8550235e-02   3.8757285e-02  -9.7842583e-02  -4.1934364e-04  -2.0455734e-03  -1.1318326e-03
   4.5771866e-02   5.3974002e-02  -6.7092341e-02  -9.1748731e-04  -1.6408331e-03  -1.3210595e-03
   6.2166832e-02   1.2004508e-01  -9.5333391e-02  -1.0080701e-03  -1.9302182e-03  -1.1162792e-03
   5.8185235e-02   6.9216615e-02  -1.1244855e-01  -6.4926976e-04  -2.0190324e-03  -1.2312471e-03
   4.1133476e-02   6.6549538e-02  -6.2122792e-02  -1.1795057e-03  -1.8028836e-03  -1.4895817e-03
   4.1766342e-02   7.9965236e-02  -7.9568997e-02  -6.2365649e-04  -1.9408652e-03  -1.4522278e-03
   4.6855157e-02   1.0338887e-02  -7.1125056e-02  -1.2801210e-03  -1.8939845e-03  -1.5504280e-03
   7.1962789e-02   1.3553540e-01  -1.3580468e-01  -4.0906849e-04  -2.4026253e-03  -1.1595991e-03
   5.7451143e-02  -3.1098940e-02  -1.0803597e-01  -8.3738486e-04  -2.1526795e-03  -1.4913081e-03
   5.7543318e-02   1.0965180e-01  -9.4896041e-02  -6.8550344e-04  -2.2587620e-03  -1.4522548e-03
   6.0538952e-02   6.5078448e-02  -9.1732968e-02  -1.0594781e-03  -2.1732739e-03  -1.5280815e-03
   4.3057035e-02   6.7130581e-02  -9.7307773e-02  -5.3644462e-04  -2.0337999e-03  -1.6089426e-03
   3.8383309e-02   2.8969783e-02  -9.3596868e-02  -5.8160794e-04  -1.9707886e-03  -1.6351902e-03
   3.9451501e-02   9.0405772e-02  -4.9446889e-02  -1.2300875e-03  -1.8597951e-03  -1.6906222e-03
   6.4754166e-02   9.1338610e-02  -1.5229379e-01  -5.6940050e-04  -2.2243067e-03  -1.2652629e-03
   7.7071256e-02   5.5733433e-02  -1.1676366e-01  -1.0533496e-03  -2.3331400e-03  -1.3129669e-03
   8.0881184e-02   6.9037354e-02  -1.3584271e-01  -6.2945115e-04  -2.4310423e-03  -1.2502549e-03
   5.1631087e-02   4.3165324e-02  -8.7477925e-02  -5.9679308e-04  -1.9168915e-03  -1.3859711e-03
   6.9203218e-02   8.6427952e-02  -8.9990819e-02  -1.0620033e-03  -2.1853925e-03  -1.2150898e-03
   8.9411968e-02  -4.0728954e-03  -1.5226822e-01  -6.7980518e-04  -2.5184599e-03  -1.2137382e-03
   6.9522688e-02   1.6480284e-01  -1.0485413e-01  -1.0653103e-03  -2.0615907e-03  -1.1675500e-03
   7.9045936e-02   7.3730582e-02  -1.6678885e-01  -4.7185054e-04  -2.1874068e-03  -9.8261387e-04
   9.3416894e-02   1.3122071e-01  -1.4097191e-01  -1.3475622e-03  -2.3796523e-03  -9.8124881e-04
   9.8916663e-02   3.8838604e-02  -1.3361898e-01  -8.8281101e-04  -2.5132992e-03  -8.6791374e-04
   8.0524044e-02   4.7349589e-02  -1.3466436e-01  -7.8410110e-04  -2.1537775e-03  -1.0240136e-03
   9.8335231e-02   1.0058552e-01  -1.4098847e-01  -1.1640907e-03  -2.2206522e-03  -7.5093920e-04
   1.1549769e-01   4.0483377e-02  -1.7510280e-01  -6.7474082e-04  -2.5727022e-03  -7.5736243e-04
   8.8702343e-02   8.1255623e-02  -1.1719877e-01  -9.7615776e-04  -2.0877640e-03  -8.7595201e-04
   1.0512047e-01   9.3949010e-02  -1.2956594e-01  -6.7464813e-04  -2.4407242e-03  -5.3644923e-04
   1.0556241e-01   8.4046102e-02  -1.2723827e-01  -9.3388930e-04  -2.4240768e-03  -7.2759862e-04
   1.1200477e-01   1.1588053e-01  -1.3978418e-01  -6.2587973e-04  -2.5663228e-03  -5.4529636e-04
   9.5970520e-02   2.5758061e-02  -1.5334600e-01  -4.0002447e-04  -2.3766589e-03  -7.0662284e-04
   1.1796005e-01   1.1551966e-01  -1.8201789e-01  -4.8236838e-04  -2.7445739e-03  -4.6821609e-04
   1.3865305e-01   7.9048912e-02  -1.5009037e-01  -8.6058196e-04  -2.9622279e-03  -5.4153088e-04
   1.3575082e-01   5.5545655e-02  -1.7148734e-01  -5.6274907e-04  -2.8722822e-03  -4.9704499e-04
   1.3829714e-01   1.7983582e-02  -1.7402260e-01  -5.2895561e-04  -2.8577333e-03  -5.3894907e-04
   1.4251142e-01   7.4473362e-02  -1.4676864e-01  -1.1099469e-03  -2.7263891e-03  -4.0753975e-04
   1.6056276e-01   6.2226059e-02  -2.2676937e-01  -2.4790964e-04  -3.0635198e-03  -3.2694700e-04
   1.5042766e-01   7.3061281e-02  -1.4981828e-01  -9.3339566e-04  -2.8264423e-03  -4.2010951e-04
   1.5816970e-01   4.4315645e-02  -1.9484325e-01  -8.7272372e-04  -3.0246556e-03  -2.4345811e-04
   1.7455155e-01   1.0978371e-01  -1.8748733e-01  -1.0816878e-03  -3.1701079e-03  -2.4942543e-04
   1.4250825e-01   1.5356473e-01  -1.4710972e-01  -1.1402207e-03  -2.6947705e-03  -3.2154499e-04
   1.6236715e-01   9.7498247e-02  -1.8579922e-01  -8.5300909e-04  -3.1224699e-03  -3.5680400e-04
   1.4946680e-01   1.6803375e-01  -1.5172489e-01  -1.2102280e-03  -2.7710263e-03  -3.5894268e-04
   1.5340307e-01   3.8275987e-02  -1.7588797e-01  -5.7540572e-04  -2.9564691e-03  -2.6288756e-04
   1.4817430e-01   1.8480201e-01  -1.1487063e-01  -1.5827727e-03  -2.9912083e-03  -3.2515976e-04
   1.4277769e-01   1.0455344e-01  -1.5654600e-01  -9.4147545e-04  -2.9394646e-03  -3.7139342e-04
   1.3214213e-01   3.8799783e-02  -1.5002836e-01  -9.3273616e-04  -2.7432120e-03  -6.1251624e-04
   1.1804905e-01   1.5073214e-01  -1.0367971e-01  -1.7068771e-03  -2.6105904e-03  -6.6054019e-04
   1.4263723e-01   9.9278676e-02  -1.6696347e-01  -1.2706519e-03  -2.9979315e-03  -5.7366379e-04
   9.2966742e-02   1.0947780e-01  -1.0574945e-01  -1.5777826e-03  -2.2814528e-03  -9.0306484e-04
   9.9850026e-02   6.4789764e-02  -1.6827844e-01  -1.2566509e-03  -2.4612703e-03  -8.9286474e-04
   1.1577725e-01   1.1524489e-01  -1.7852322e-01  -1.1587884e-03  -2.6448436e-03  -7.8389766e-04
   1.1714503e-01   1.2179463e-01  -1.5416389e-01  -1.8038479e-03  -2.5832623e-03  -7.0610320e-04
   1.1509362e-01   3.8975176e-02  -1.8643976e-01  -8.5940413e-04  -2.6331132e-03  -7.8848826e-04
   1.0413628e-01   8.8681507e-02  -1.4194866e-01  -1.8292740e-03  -2.4967356e-03  -8.6326454e-04
   1.2799693e-01   9.7811147e-02  -1.5632283e-01  -1.2807270e-03  -2.9069219e-03  -7.1584470e-04
   1.0744967e-01   1.2114429e-01  -1.7819871e-01  -1.3691754e-03  -2.6083167e-03  -7.1061247e-04
   1.1257879e-01   1.5769519e-01  -1.5105596e-01  -2.3389597e-03  -2.5670503e-03  -7.5369893e-04
   1.0992423e-01   9.3512248e-02  -1.8751654e-01  -1.3301536e-03  -2.4895370e-03  -7.9391474e-04
   1.0232004e-01   8.7274946e-02  -1.8096431e-01  -1.4468393e-03  -2.3633486e-03  -8.5767627e-04
   1.1336421e-01   1.4763635e-01  -1.5270110e-01  -1.7913938e-03  -2.5346772e-03  -6.9854834e-04
   1.2403847e-01   1.5692582e-01  -2.0097381e-01  -1.1607743e-03  -2.7460706e-03  -6.5003439e-04
   1.2098499e-01   1.3890483e-01  -1.8547169e-01  -2.0032456e-03  -2.6582950e-03  -7.4281286e-04
   1.1161651e-01   1.7242956e-01  -1.6383081e-01  -1.2459796e-03  -2.4421840e-03  -7.0623105e-04
   1.1152824e-01   9.0827030e-02  -2.0638965e-01  -1.1760069e-03  -2.4092205e-03  -6.7353895e-04
   1.1781119e-01   1.2234753e-01  -1.3863995e-01  -2.0521386e-03  -2.3581270e-03  -6.7240046e-04
   1.3579323e-01   8.9884029e-02  -1.7661933e-01  -1.0571009e-03  -2.7133678e-03  -4.9636932e-04
   1.1723406e-01   1.4304048e-02  -1.8130687e-01  -1.2606397e-03  -2.4616897e-03  -7.1849043e-04
   9.8196231e-02   1.1720185e-01  -1.2077452e-01  -1.5992961e-03  -2.2608776e-03  -7.6747568e-04
   1.1807511e-01   5.6193093e-02  -1.6268280e-01  -9.7165832e-04  -2.6027891e-03  -6.7630943e-04
   1.1501797e-01   1.3636462e-01  -1.3255980e-01  -1.6624823e-03  -2.4776004e-03  -7.8319467e-04
   1.0938206e-01   5.0988062e-02  -1.7598718e-01  -1.0851166e-03  -2.4336847e-03  -6.4973355e-04
   1.2727861e-01   9.4488244e-02  -1.9947126e-01  -1.1737406e-03  -2.6739892e-03  -5.5486978e-04
   1.5789264e-01   1.8764369e-01  -2.4813757e-01  -1.7555702e-03  -3.1067912e-03  -3.5400812e-04
   1.7016341e-01   1.3307685e-01  -2.1584073e-01  -2.0820354e-03  -3.3515318e-03  -3.3030710e-04
   1.6893123e-01   1.5791093e-01  -1.7462271e-01  -2.2906781e-03  -3.3616896e-03  -2.0080483e-04
   1.4605260e-01   1.1397562e-01  -1.5123196e-01  -1.8398161e-03  -3.0910840e-03  -4.0661951e-04
   1.3634173e-01   1.4665457e-01  -1.2271126e-01  -2.5003790e-03  -2.8716032e-03  -6.1245156e-04
   1.4818278e-01   1.5165233e-01  -2.2910380e-01  -1.8330994e-03  -3.0313905e-03  -5.1958997e-04
   1.4192416e-01   1.5451769e-01  -1.9284268e-01  -2.4105114e-03  -2.9623262e-03  -7.1559400e-04
   1.4090776e-01   1.7190071e-01  -1.9629198e-01  -2.0378845e-03  -2.9068857e-03  -4.7615396e-04
   1.5656699e-01   1.1739977e-01  -1.6677980e-01  -1.8796374e-03  -3.1504795e-03  -5.5245969e-04
   1.5106296e-01   1.6731792e-01  -1.6193322e-01  -2.2341293e-03  -3.1379322e-03  -7.0052057e-04
   1.4784202e-01   1.3373682e-01  -2.2606061e-01  -1.7585422e-03  -3.0690895e-03  -6.0860050e-04
   1.3330526e-01   2.1305482e-01  -1.6462350e-01  -2.5534229e-03  -2.8699084e-03  -6.9208314e-04
   1.4910460e-01   1.0265481e-01  -2.2601681e-01  -1.4290018e-03  -3.2592602e-03  -5.2178228e-04
   1.2868950e-01   1.1412947e-01  -1.5518110e-01  -2.0095599e-03  -2.9080921e-03  -6.9726365e-04
   1.3394615e-01   1.6231492e-01  -1.5685250e-01  -2.2291457e-03  -2.9209428e-03  -6.3030854e-04
   1.5860766e-01   1.5557579e-01  -1.8805398e-01  -2.3328038e-03  -3.2272801e-03  -6.8022334e-04
   1.4898130e-01   1.4197057e-01  -1.4142078e-01  -2.4976427e-03  -3.0367127e-03  -7.3621803e-04
   1.6225540e-01   1.5606167e-01  -1.9876333e-01  -2.1765758e-03  -3.2335441e-03  -4.4204276e-04
   1.6084370e-01   2.0408302e-01  -1.5593613e-01  -2.6883918e-03  -3.2720612e-03  -6.0190567e-04
   1.5638824e-01   1.2715670e-01  -1.8224558e-01  -2.2900985e-03  -3.3358044e-03  -5.7786869e-04
   1.7226337e-01   1.4437046e-01  -2.2208805e-01  -2.2819833e-03  -3.4520044e-03  -5.9235041e-04
   1.5759430e-01   1.7854218e-01  -1.7582714e-01  -2.2452739e-03  -3.1763741e-03  -5.2886636e-04
   1.6801280e-01   1.5637024e-01  -2.2558970e-01  -1.5814914e-03  -3.3704329e-03  -4.3158017e-04
   1.7166230e-01   1.8543366e-01  -2.1696626e-01  -2.8222032e-03  -3.4317753e-03  -4.9237906e-04
   1.6582618e-01   1.7046790e-01  -2.7990266e-01  -2.1526151e-03  -3.4579433e-03  -5.5732241e-04
   1.8401033e-01   1.4905462e-01  -4.1454806e-01  -7.6080413e-04  -3.7871562e-03  -4.2925734e-04
   1.9015567e-01   1.4988429e-01  -4.0469054e-01  -3.0456715e-04  -3.9451810e-03  -4.5813517e-04
   2.0075025e-01   6.3023220e-02  -3.8390517e-01  -7.5700142e-04  -4.1466596e-03  -4.7836064e-04
   1.7386937e-01   1.3077458e-01  -2.6702379e-01  -1.9441220e-03  -3.6982478e-03  -5.7539361e-04
   1.9387538e-01   1.1122126e-01  -3.3902804e-01  -1.2006205e-03  -4.0382407e-03  -4.4127471e-04
   1.8743590e-01   1.9763054e-01  -2.4875997e-01  -2.3784344e-03  -3.9355342e-03  -6.0347117e-04
   1.9707315e-01   1.5496353e-01  -3.2905933e-01  -1.9658832e-03  -4.1537805e-03  -5.8450478e-04
   1.8885656e-01   1.8127863e-01  -3.0715755e-01  -2.3173525e-03  -4.0453155e-03  -7.7822104e-04
   1.8129932e-01   2.2334030e-01  -2.8350569e-01  -1.7266800e-03  -3.8129682e-03  -6.0819203e-04
   2.0000455e-01   8.0095375e-02  -3.2214836e-01  -1.7274199e-03  -4.1334608e-03  -6.6225761e-04
   2.0141080e-01   1.5209250e-01  -2.8727864e-01  -2.1834708e-03  -4.1575116e-03  -6.6969595e-04
   1.8866674e-01   1.2547489e-01  -3.1345742e-01  -1.5163858e-03  -4.0259863e-03  -6.6983798e-04
   2.2281564e-01   1.9918966e-01  -2.6811528e-01  -2.6654198e-03  -4.5040803e-03  -5.5624166e-04
   2.1029100e-01   1.9406605e-01  -3.3245914e-01  -1.7782728e-03  -4.3190276e-03  -4.6348962e-04
   2.3662664e-01   1.1563758e-01  -3.3545870e-01  -2.3565513e-03  -4.7305785e-03  -5.9148034e-04
   2.0958471e-01   1.8543815e-01  -2.9205563e-01  -2.0755320e-03  -4.3922744e-03  -6.1716563e-04
   2.0435485e-01   1.7194997e-01  -2.8577150e-01  -2.3640315e-03  -4.3502804e-03  -5.8597228e-04
   1.8749082e-01   1.4877966e-01  -2.5120333e-01  -2.4069748e-03  -4.0111109e-03  -6.9246203e-04
   2.0407848e-01   1.2616673e-01  -3.3128950e-01  -1.6171573e-03  -4.3609818e-03  -5.9602506e-04
   2.2633483e-01   1.9990765e-01  -2.9012904e-01  -2.6195715e-03  -4.6498137e-03  -6.0598623e-04
   2.0024443e-01   2.6215329e-01  -2.8726149e-01  -2.3585807e-03  -4.2211165e-03  -6.6592134e-04
   2.2821477e-01   1.6698330e-01  -3.5794942e-01  -2.3225499e-03  -4.5569840e-03  -5.8986788e-04
   2.0424545e-01   2.4177450e-01  -2.9040103e-01  -2.3543417e-03  -4.1894237e-03  -6.4281604e-04
   2.1780075e-01   9.1987135e-02  -3.3819561e-01  -2.1516303e-03  -4.4654061e-03  -5.5888133e-04
   2.2051155e-01   1.7923803e-01  -2.7049477e-01  -2.6633558e-03  -4.4383176e-03  -6.0919146e-04
   2.1712212e-01   1.6604108e-01  -3.3208999e-01  -2.3261422e-03  -4.3867246e-03  -5.2552938e-04
   2.2769086e-01   1.1822186e-01  -3.1856599e-01  -2.3472992e-03  -4.5283498e-03  -5.0929008e-04
   2.1106765e-01   1.6465085e-01  -2.8165895e-01  -2.2048381e-03  -4.2419474e-03  -4.4580243e-04
   2.2986875e-01   1.9884191e-01  -3.0460829e-01  -1.9628665e-03  -4.5134755e-03  -3.6043564e-04
   2.2461435e-01   2.1640043e-01  -2.7074826e-01  -2.6392153e-03  -4.3647917e-03  -4.6635544e-04
   2.3139683e-01   1.0528122e-01  -3.2494697e-01  -1.7781408e-03  -4.4585432e-03  -2.8627612e-04
   2.3569606e-01   1.7893964e-01  -3.0324038e-01  -2.4883194e-03  -4.6185613e-03  -3.9802112e-04
   2.2096875e-01   2.2603508e-01  -2.8733163e-01  -2.3175132e-03  -4.4454280e-03  -4.4242397e-04
   2.1466370e-01   9.0877487e-02  -3.7323930e-01  -1.8505287e-03  -4.1540367e-03  -3.8571481e-04
   2.0694102e-01   2.0231783e-01  -2.8506544e-01  -2.3684421e-03  -4.2763145e-03  -5.2872178e-04
   2.3213111e-01   1.2856831e-01  -3.4223608e-01  -2.0926885e-03  -4.6349071e-03  -5.3959078e-04
   2.1312677e-01   2.1769751e-01  -2.6214964e-01  -2.4219231e-03  -4.2390954e-03  -6.0341620e-04
   2.2542966e-01   6.2573004e-02  -3.2375645e-01  -1.9492402e-03  -4.5038309e-03  -5.1858392e-04
   2.1264627e-01   2.1481466e-01  -2.5645462e-01  -2.6557258e-03  -4.2924221e-03  -7.3139409e-04
   2.0720021e-01   1.6346245e-01  -2.8400762e-01  -2.1981411e-03  -4.2031571e-03  -6.3804367e-04
   1.9916970e-01   1.7624570e-01  -2.9036500e-01  -2.2384468e-03  -4.0324125e-03  -7.0158797e-04
   1.8591439e-01   2.2185635e-01  -2.4962026e-01  -2.4659285e-03  -3.9240010e-03  -8.4375553e-04
   2.1334464e-01   1.9358467e-01  -2.8299713e-01  -2.3179404e-03  -4.3265048e-03  -6.1777494e-04
   1.9044337e-01   2.4728935e-01  -2.6475113e-01  -3.1247117e-03  -4.0316153e-03  -9.0203718e-04
   1.9026672e-01   2.4471244e-01  -3.1590206e-01  -2.3497178e-03  -4.2356473e-03  -7.2570898e-04
   1.9914422e-01   1.7099848e-01  -2.9772737e-01  -2.2664481e-03  -4.3725351e-03  -8.3915731e-04
   1.6989566e-01   1.9312859e-01  -2.5184581e-01  -2.8732442e-03  -3.9339725e-03  -1.0608900e-03
   1.6773885e-01   2.0595721e-01  -2.9245430e-01  -2.1965650e-03  -3.9681618e-03  -1.0038962e-03
   1.6284769e-01   1.8378146e-01  -2.6005421e-01  -2.5692935e-03  -3.9565004e-03  -1.3615443e-03
   1.6869492e-01   1.4749801e-01  -2.7990432e-01  -2.0769825e-03  -3.9951364e-03  -1.1103837e-03
   1.4644728e-01   1.8708992e-01  -2.4660358e-01  -2.5825830e-03  -3.7069359e-03  -1.3473612e-03
   1.6420060e-01   1.7180967e-01  -2.6769753e-01  -2.6737568e-03  -3.9093649e-03  -1.2190109e-03
   1.7990334e-01   1.4059075e-01  -2.6364197e-01  -2.2685926e-03  -4.1266962e-03  -1.2523807e-03
   1.7294258e-01   2.3647444e-01  -2.2248300e-01  -2.8963566e-03  -4.0793724e-03  -1.3386739e-03
   1.7422316e-01   1.3984345e-01  -2.6199524e-01  -2.1070009e-03  -4.1971595e-03  -1.3638511e-03
   1.6338000e-01   2.3079433e-01  -2.3230742e-01  -2.7982290e-03  -4.0841149e-03  -1.5617938e-03
   1.6566179e-01   1.7592358e-01  -2.2300705e-01  -2.1248645e-03  -4.0638710e-03  -1.4197130e-03
   1.6793741e-01   1.4628086e-01  -2.4366916e-01  -2.0774558e-03  -4.1298944e-03  -1.3814794e-03
   1.7176349e-01   1.9475494e-01  -2.2621046e-01  -2.7322709e-03  -4.1631648e-03  -1.4130300e-03
   1.8974311e-01   1.2405651e-01  -2.9284572e-01  -2.0310419e-03  -4.3728478e-03  -1.1938478e-03
   1.9122604e-01   1.8076969e-01  -2.7035656e-01  -2.6076680e-03  -4.3894024e-03  -1.3470624e-03
   1.7612501e-01   2.0051910e-01  -2.6493652e-01  -2.3619342e-03  -4.1201789e-03  -1.2984046e-03
   1.8933395e-01   1.6682324e-01  -2.6935920e-01  -1.9467498e-03  -4.3729790e-03  -1.2250715e-03
   1.8885270e-01   1.8045302e-01  -2.3500431e-01  -2.6318173e-03  -4.2715019e-03  -1.2057497e-03
   2.1132521e-01   1.2274477e-01  -2.8213293e-01  -2.5197039e-03  -4.5595071e-03  -9.8651719e-04
   2.2737843e-01   2.2959024e-01  -2.8201730e-01  -2.6941008e-03  -4.7348892e-03  -8.5031963e-04
   2.2695388e-01   2.8722809e-01  -2.5239080e-01  -3.1626684e-03  -4.7463163e-03  -7.1359433e-04
   2.3540224e-01   1.1892926e-01  -3.0840868e-01  -2.2363454e-03  -4.8951454e-03  -7.2057151e-04
   2.3820940e-01   2.1970983e-01  -2.6227817e-01  -3.5407693e-03  -4.9995001e-03  -9.8602675e-04
   2.6658041e-01   1.4212312e-01  -3.4119786e-01  -1.6762350e-03  -5.5407984e-03  -3.7962181e-04
   2.8695185e-01   1.9686980e-01  -2.9740771e-01  -2.7730396e-03  -5.6910403e-03  -2.5494211e-04
   2.6975389e-01   2.1043458e-01  -3.1972259e-01  -2.1342184e-03  -5.5530974e-03  -4.0438743e-04
   2.6910080e-01   2.2413468e-01  -2.5279415e-01  -3.0782451e-03  -5.4638811e-03  -4.7430134e-04
   2.6614607e-01   1.8381177e-01  -2.8861310e-01  -2.7576182e-03  -5.5289692e-03  -4.9706558e-04
   2.4772146e-01   2.4646629e-01  -2.7593851e-01  -3.0557788e-03  -5.3006735e-03  -6.7485314e-04
   2.1609847e-01   2.3396578e-01  -2.7103728e-01  -2.9678559e-03  -4.8638506e-03  -8.5390924e-04
   2.2456622e-01   2.3933486e-01  -3.1416361e-01  -2.8078717e-03  -4.9724691e-03  -8.1872686e-04
   2.3575792e-01   3.2747186e-01  -2.8300385e-01  -3.4679204e-03  -5.1213635e-03  -7.1219394e-04
   2.3485163e-01   1.7942577e-01  -3.3650754e-01  -2.8640600e-03  -5.0852038e-03  -6.8049150e-04
   2.3484068e-01   2.3711731e-01  -3.4756058e-01  -3.2463060e-03  -5.1546375e-03  -8.0653378e-04
   2.2760323e-01   2.1345234e-01  -2.9307109e-01  -3.1588568e-03  -5.0155212e-03  -7.7254453e-04
   2.2803383e-01   1.9372748e-01  -3.2478049e-01  -2.8477734e-03  -5.0932395e-03  -8.0500504e-04
   2.2592196e-01   3.0368023e-01  -2.8535618e-01  -3.8900094e-03  -4.9757757e-03  -8.3376877e-04
   2.3992753e-01   2.3569354e-01  -3.4084770e-01  -2.9063490e-03  -5.2106446e-03  -7.2841526e-04
   2.4553362e-01   2.7444530e-01  -2.7399277e-01  -3.5720518e-03  -5.3036492e-03  -8.0583479e-04
   2.3464312e-01   2.7953835e-01  -2.9442443e-01  -3.2071704e-03  -5.3002692e-03  -7.8646147e-04
   2.3190546e-01   2.3901440e-01  -2.6113921e-01  -3.0336970e-03  -5.2712344e-03  -9.0035897e-04
   2.2867453e-01   2.4607899e-01  -2.7751182e-01  -3.5290226e-03  -5.2286385e-03  -8.8740004e-04
   2.2384813e-01   1.6780648e-01  -3.4087545e-01  -2.9908105e-03  -5.2238929e-03  -1.0098004e-03
   2.2314039e-01   2.7695682e-01  -2.9158318e-01  -3.6471431e-03  -5.2383427e-03  -1.0172365e-03
   2.5263265e-01   2.8680136e-01  -3.2423476e-01  -3.3401875e-03  -5.7661349e-03  -7.6841019e-04
   2.5254442e-01   2.3921841e-01  -2.8681747e-01  -3.1662569e-03  -5.7064149e-03  -6.7463693e-04
   2.2879325e-01   2.2956000e-01  -3.0161210e-01  -3.1024167e-03  -5.3806731e-03  -9.5347292e-04
   2.0463593e-01   2.3182519e-01  -2.7025780e-01  -3.5007676e-03  -5.0450037e-03  -9.6998499e-04
   2.3568227e-01   1.6452462e-01  -3.0750424e-01  -3.0881045e-03  -5.4963189e-03  -9.3556329e-04
   2.2003831e-01   2.5249048e-01  -2.5066315e-01  -3.8166122e-03  -5.2659927e-03  -1.2595619e-03
   2.1452966e-01   2.0798530e-01  -2.9375457e-01  -3.0489944e-03  -5.1825384e-03  -1.0422429e-03
   2.0306551e-01   2.6531583e-01  -2.6035050e-01  -3.8892946e-03  -5.1393888e-03  -1.2718674e-03
   2.0461251e-01   2.8059387e-01  -2.9725481e-01  -3.2438736e-03  -5.2605093e-03  -1.1657445e-03
   1.9306423e-01   2.6673403e-01  -2.6916362e-01  -3.2513386e-03  -5.0861735e-03  -1.4287229e-03
   1.8811113e-01   2.6454831e-01  -2.6020737e-01  -3.0003269e-03  -5.0022237e-03  -1.3381782e-03
   1.8390692e-01   2.7289358e-01  -2.9386924e-01  -3.4040769e-03  -4.8427418e-03  -1.4421367e-03
   1.7811888e-01   2.6676278e-01  -2.6606713e-01  -3.6334045e-03  -4.7652941e-03  -1.4875147e-03
   1.9041262e-01   1.4235704e-01  -3.4709264e-01  -2.5618269e-03  -4.8884554e-03  -1.4386632e-03
   1.8341039e-01   2.7860460e-01  -2.7776650e-01  -3.4955962e-03  -4.7812012e-03  -1.6263575e-03
   1.8893135e-01   2.5688733e-01  -2.9440054e-01  -3.0437419e-03  -4.8378172e-03  -1.3620067e-03
   1.8053089e-01   1.5643152e-01  -3.0888486e-01  -2.8243569e-03  -4.7517666e-03  -1.5486807e-03
   1.8079778e-01   3.0280039e-01  -2.5586674e-01  -3.3293265e-03  -4.7460646e-03  -1.4557593e-03
   1.9677147e-01   1.9283554e-01  -3.3693698e-01  -2.8835043e-03  -5.0011244e-03  -1.3772677e-03
   1.8701996e-01   2.7803423e-01  -2.8970307e-01  -3.8044888e-03  -4.8686553e-03  -1.5026789e-03
   2.0234200e-01   2.1833896e-01  -3.1447075e-01  -3.0687908e-03  -5.0376349e-03  -1.3199735e-03
   2.1527748e-01   2.2682486e-01  -3.2347012e-01  -3.2354275e-03  -5.1806700e-03  -1.2685475e-03
   2.1812151e-01   2.8934616e-01  -2.8329640e-01  -3.5092614e-03  -5.1416482e-03  -1.0825499e-03
   2.3926857e-01   2.3337344e-01  -3.3962190e-01  -2.6584577e-03  -5.4365830e-03  -9.8533120e-04
   2.5332135e-01   2.5477068e-01  -3.0474932e-01  -3.7052316e-03  -5.5909561e-03  -9.8519713e-04
   2.4932492e-01   2.1770728e-01  -3.5930154e-01  -3.0907062e-03  -5.4130572e-03  -8.1975971e-04
   2.5580265e-01   2.1585856e-01  -3.3954921e-01  -3.0858936e-03  -5.5824376e-03  -9.5138729e-04
   2.3749161e-01   2.6422259e-01  -3.0834765e-01  -3.4049034e-03  -5.2772207e-03  -9.4672984e-04
   2.5096992e-01   2.1080551e-01  -3.8878392e-01  -2.7885560e-03  -5.4166009e-03  -9.0139097e-04
   2.6634895e-01   3.2829842e-01  -3.2954397e-01  -4.0315027e-03  -5.5187940e-03  -8.8300069e-04
   2.7934209e-01   2.4196365e-01  -3.9838735e-01  -2.9196458e-03  -5.6889606e-03  -6.1364738e-04
   3.0467170e-01   2.0157902e-01  -3.6935479e-01  -2.9427384e-03  -6.1469969e-03  -5.5697193e-04
   2.9306503e-01   2.1708228e-01  -3.6304642e-01  -3.1230387e-03  -5.9544279e-03  -5.1371496e-04
   2.9321091e-01   1.7407439e-01  -4.0137505e-01  -2.6083890e-03  -6.1103184e-03  -5.9897372e-04
   2.7935541e-01   2.2006047e-01  -3.0271456e-01  -3.3662193e-03  -5.7835958e-03  -6.7385237e-04
   2.8664423e-01   1.7399510e-01  -3.5734042e-01  -2.7749871e-03  -6.0134991e-03  -6.8850129e-04
   3.0996059e-01   2.0780630e-01  -3.4410044e-01  -3.3535754e-03  -6.2159302e-03  -5.5338686e-04
   2.9132846e-01   2.6451341e-01  -3.4853163e-01  -3.1825861e-03  -5.9880543e-03  -5.6569876e-04
   2.9339799e-01   1.9258066e-01  -4.4962341e-01  -2.6894130e-03  -6.0723512e-03  -5.5521322e-04
   2.8989174e-01   2.3158428e-01  -3.5553737e-01  -3.4154641e-03  -5.9025056e-03  -5.2426219e-04
   3.0888212e-01   2.0808770e-01  -4.0509439e-01  -2.7370197e-03  -6.1792425e-03  -3.5305478e-04
   3.1450059e-01   2.0784586e-01  -3.6846297e-01  -3.1827404e-03  -6.3131251e-03  -4.8234416e-04
   3.1090405e-01   2.3581389e-01  -3.9696909e-01  -2.8042085e-03  -6.1457884e-03  -4.7484085e-04
   2.9742383e-01   2.6732669e-01  -4.2324021e-01  -2.7467384e-03  -6.0022501e-03  -3.8928541e-04
   2.7827051e-01   3.5131169e-01  -4.0713303e-01  -3.5149037e-03  -5.7702967e-03  -5.0604369e-04
   3.0002932e-01   2.7935435e-01  -4.0389111e-01  -3.6886561e-03  -6.0934474e-03  -5.3078290e-04
   2.7734674e-01   2.4608418e-01  -3.6461735e-01  -3.2788970e-03  -5.7199142e-03  -5.8260215e-04
   2.7949976e-01   1.9423558e-01  -3.4210087e-01  -2.6554884e-03  -5.9227140e-03  -7.5418286e-04
   2.7736203e-01   2.7943135e-01  -2.7543175e-01  -3.2968268e-03  -5.8110151e-03  -8.0497502e-04
   2.9105825e-01   1.9402431e-01  -3.5074866e-01  -3.2171997e-03  -5.9414172e-03  -6.2091707e-04
