   0.0000000e+00   0.0000000e+00   0.0000000e+00   0.0000000e+00   0.0000000e+00   0.0000000e+00
   4.3531562e-03   5.5390719e-03  -7.0151448e-02  -9.3159123e-05  -2.9552175e-04   2.3324733e-04
   1.6737165e-02  -1.6492595e-02  -9.2195430e-02  -2.8636823e-04   2.2240971e-06  -4.2221163e-05
   2.3053328e-02  -1.1379928e-02  -1.3141692e-01  -1.3792083e-04   2.4829308e-05  -1.9651690e-04
   4.4493025e-02  -2.2277635e-02   2.9142378e-02  -1.3248206e-03  -4.4163340e-05   1.2868111e-04
   1.0460296e-01   2.7237339e-01  -9.1110748e-02  -5.2173032e-03  -1.1137251e-03  -1.3647311e-03
   9.5912396e-02   2.3812120e-01   9.4253171e-03  -5.2270204e-03  -9.5833300e-04  -1.3896742e-03
   7.6367552e-02   2.1700715e-01  -2.8647891e-02  -4.6491733e-03  -6.1709818e-04  -1.3498440e-03
   2.9415487e-02   2.9824014e-01  -2.7329390e-02  -4.5738853e-03  -2.3150445e-04  -1.2179018e-03
   2.0713535e-02   2.3368806e-01   8.2420932e-03  -3.7974748e-03  -2.7255609e-04  -7.8287781e-04
   1.6955977e-02   2.4845261e-01  -3.6353055e-02  -3.8269079e-03  -9.2040139e-05  -5.5303980e-04
   6.2769124e-04   2.3661388e-01  -5.4302471e-02  -4.0402438e-03   1.8842178e-04  -4.6475197e-04
   6.6682450e-03   1.7654323e-01  -8.1105391e-02  -3.3461849e-03   2.9792445e-04  -2.0474715e-04
  -6.9846329e-03   1.7143316e-01  -1.4034949e-02  -3.5628773e-03   1.0577768e-04   6.0099312e-05
   2.5250017e-02   6.6592932e-02  -5.7417805e-02  -3.8690473e-03  -7.8076287e-05   1.1234667e-04
   2.2977179e-03   1.3372740e-01  -8.0367926e-02  -3.4919476e-03   2.0893855e-04   7.5528785e-05
  -3.9441712e-02   2.4826419e-01  -5.3610492e-02  -3.2795055e-03   4.0996012e-04   2.2134332e-04
   1.5047044e-03   1.8242801e-01  -1.1643200e-01  -2.9059213e-03   1.9453984e-04   1.6001122e-04
  -2.1368961e-02   2.3637206e-01  -9.4275756e-02  -3.5051394e-03   3.2358913e-04   1.3696959e-04
  -3.1972377e-02   2.5553898e-01  -5.8861529e-02  -3.8680211e-03   3.1454737e-04   1.0864530e-04
  -1.1775682e-02   1.2799539e-01  -9.7847481e-02  -2.9307902e-03   7.0814900e-05   2.0308544e-04
  -4.0077461e-02   1.0504784e-01  -9.4202438e-02  -2.7052577e-03   4.4695485e-04   2.1556069e-04
  -3.4566805e-02   1.3011524e-01  -1.1490814e-01  -2.6090222e-03   4.5878455e-04   2.9459486e-04
  -4.5446103e-02   1.5872559e-01  -9.9601084e-02  -2.7245915e-03   4.0724173e-04   3.7026152e-04
  -4.4414711e-02   1.6038638e-01  -1.1934466e-01  -2.8124876e-03   3.1276921e-04   3.2481801e-04
  -3.7278102e-02   1.0137889e-01  -1.4790289e-01  -2.6431261e-03   3.0691911e-04   1.5851888e-04
  -6.1657858e-02   1.4165887e-01  -1.1331097e-01  -2.1860241e-03   6.6088096e-04   2.8606176e-04
  -5.7492869e-02   1.0111676e-01  -1.3421519e-01  -2.0963645e-03   8.2347308e-04   7.0769372e-05
  -4.4726200e-02   5.9149518e-02  -1.6712342e-01  -1.5692969e-03   8.0874793e-04   1.6984132e-04
  -6.3831474e-02   5.9762669e-02  -1.2909899e-01  -1.3502885e-03   8.2992617e-04   1.4623747e-04
  -4.8235922e-02   2.6215440e-02  -1.5178726e-01  -8.8620229e-04   7.1747873e-04   2.9734796e-04
  -3.2154216e-02   4.2173178e-02  -1.9277333e-01  -7.5150220e-04   6.6698215e-04   2.4125446e-04
  -4.4828316e-02   4.6579695e-02  -1.6427581e-01  -5.1325312e-04   7.6515496e-04   7.2651877e-05
  -3.0413264e-02  -9.1417832e-03  -1.6989231e-01  -7.3043466e-04   6.6090793e-04   1.4992592e-04
  -4.9104030e-02   7.3906690e-03  -1.8796868e-01  -4.9363767e-04   7.1961902e-04   2.5313885e-04
  -7.7577225e-02   2.1581677e-02  -1.2791826e-01  -8.4590859e-05   9.6359010e-04   4.1690971e-04
  -5.4845680e-02  -1.5875632e-02  -1.6536165e-01   2.3038809e-04   8.4646352e-04   4.4984840e-04
  -7.3091233e-02  -1.9684361e-02  -1.3462194e-01   4.5148175e-05   1.1580352e-03   3.7865417e-04
  -6.4186505e-02   2.1254136e-03  -1.3511655e-01  -1.3739951e-05   1.0853808e-03   2.4445720e-04
  -5.3918557e-02  -5.0300989e-02  -1.6933257e-01   5.2612393e-04   1.0318005e-03   4.5258332e-04
  -6.5249068e-02  -8.9270207e-02  -1.3770691e-01   8.0516893e-04   1.2487322e-03   5.5384293e-04
  -5.1771199e-02  -5.6914287e-02  -2.0007818e-01   4.8214615e-04   8.6333643e-04   4.2333095e-04
  -6.4189111e-02  -2.8585833e-02  -2.4873331e-01   6.6986101e-04   1.0367950e-03   4.3118710e-04
  -8.3251941e-02  -3.2017008e-02  -1.8996487e-01   9.3618387e-04   1.1760250e-03   4.4540756e-04
  -6.8718862e-02  -4.0717605e-02  -2.2199908e-01   8.0885128e-04   1.0716859e-03   3.9328734e-04
  -7.2498658e-02  -5.6503168e-02  -1.9527303e-01   1.0035047e-03   1.1823005e-03   4.9012324e-04
  -9.3810558e-02   3.4848664e-02  -1.8040002e-01   8.5873870e-04   1.2799920e-03   4.5089167e-04
  -8.8184300e-02   5.3734586e-02  -2.0713195e-01  -1.0787937e-04   1.4531016e-03   3.1864022e-04
  -8.4005487e-02   8.0121152e-02  -2.6654491e-02  -1.1329711e-03   1.3055140e-03   5.8643424e-04
  -2.1304491e-02  -2.1528147e-03  -2.5323425e-01  -7.6196874e-04   8.0539163e-04   4.9405970e-04
  -9.8491500e-02   1.0106185e-01  -4.2799571e-01  -4.5432661e-04   1.5848748e-03   2.8720992e-04
  -8.7301584e-02   8.6015752e-02  -1.9374216e-01  -7.1179762e-04   1.3933369e-03  -4.5662859e-05
  -7.7150234e-02   7.3449459e-02  -2.4899173e-01   2.6116409e-04   1.4224723e-03   1.9835026e-04
  -1.0849200e-01   6.0949665e-02  -2.3548171e-01   3.8344496e-04   1.9633054e-03   5.3085419e-05
  -8.0878031e-02   1.0374511e-01  -2.2824520e-01  -6.2955007e-04   1.5799291e-03   1.6408781e-04
  -7.1907392e-02   6.7028214e-02  -2.2133642e-01  -1.6796609e-04   1.2625166e-03   4.8489909e-04
  -9.3901729e-02   7.9091533e-03  -1.9217255e-01   4.4179743e-04   1.7904601e-03   7.1656044e-04
  -8.4235129e-02  -3.0791890e-02  -2.3623337e-01   6.9445920e-04   1.9350162e-03   9.0083500e-04
  -1.0304947e-01   2.8454656e-02  -2.5693350e-01   1.2829209e-03   1.8253132e-03   7.7876516e-04
  -1.0695725e-01   3.9856028e-02  -2.3618590e-01   1.4404674e-03   1.9572360e-03   9.7722149e-04
  -8.9543062e-02  -6.6463346e-02  -2.7457863e-01   2.2746380e-03   1.9919939e-03   1.2313838e-03
  -1.0610020e-01  -8.0884835e-02  -2.4423706e-01   2.2763186e-03   2.1365252e-03   1.3111287e-03
  -8.5700683e-02  -1.0324737e-01  -3.0101858e-01   2.3642820e-03   2.1647561e-03   1.5722218e-03
  -4.6638193e-02   5.1075224e-03  -1.5875387e-01  -5.6618534e-04   1.9172294e-03   1.3304223e-03
  -7.3645297e-02   1.8253623e-01  -1.7941570e-01  -2.0292918e-03   1.5924680e-03   8.8757156e-04
  -4.3525499e-02   7.6055662e-02  -2.0334099e-01  -6.3859058e-04   1.3077300e-03   1.2623357e-03
  -5.9510032e-02   1.6435251e-01  -1.7202168e-01  -1.2964038e-03   1.4545594e-03   1.3775362e-03
  -4.6636275e-02   9.5836048e-02  -1.1523566e-01  -1.3682228e-03   1.5421093e-03   1.4003448e-03
  -6.1676627e-02   6.5003759e-02  -1.4291334e-01  -9.0226892e-04   1.8001622e-03   1.7969389e-03
  -7.3458985e-02   7.1483474e-02  -1.4700768e-01  -8.7396505e-04   1.7524419e-03   1.8274744e-03
  -4.4890761e-02   5.9976469e-02  -1.2604397e-01  -1.0204591e-03   1.6339634e-03   2.0332277e-03
  -6.4987021e-02   7.7530882e-02  -1.3692747e-01  -1.1835050e-03   1.7354666e-03   2.0264111e-03
  -6.8518463e-02   4.5810221e-02  -9.4111899e-02  -1.0197151e-03   1.9969017e-03   2.0156888e-03
  -5.4548996e-02   1.5828239e-02  -1.1581910e-01  -6.8484363e-04   2.1188088e-03   1.9874934e-03
  -4.9798518e-02  -8.4636506e-03  -1.5458981e-01  -1.3124469e-04   2.2827869e-03   1.9932947e-03
  -6.6716033e-02   2.2374299e-04  -1.2619740e-01   3.5052976e-04   2.4156048e-03   1.9915413e-03
  -6.6187871e-02  -2.6774689e-02  -1.7027605e-01   6.8754362e-04   2.2919048e-03   1.8463927e-03
  -8.6342783e-02   1.2336811e-02  -1.5364673e-01   3.9020609e-04   2.3671521e-03   1.8662458e-03
  -9.4594185e-02   7.4401150e-02  -1.2261403e-01   4.0870455e-04   2.2454427e-03   1.9409428e-03
  -7.9254869e-02  -1.1420056e-02  -1.8339355e-01   5.7577990e-04   2.4929808e-03   2.0064527e-03
  -8.5954176e-02  -5.6690882e-02  -1.5273462e-01   1.1655547e-03   2.6015566e-03   2.0363781e-03
  -8.0234464e-02   1.9165929e-02  -1.7635647e-01   9.1623856e-04   2.4173330e-03   1.9040926e-03
  -6.3102992e-02   1.6007069e-02  -2.0599129e-01   6.2569403e-04   2.4805277e-03   1.7449338e-03
  -8.0673878e-02  -4.9920108e-02  -1.8154846e-01   7.2356534e-04   2.6880844e-03   1.7578836e-03
  -6.8605307e-02  -9.7655435e-03  -1.8817359e-01   8.0656733e-04   2.4278730e-03   1.7878309e-03
  -6.6870014e-02  -7.7335966e-02  -2.0613199e-01   9.5918462e-04   2.5955346e-03   1.8291175e-03
  -7.4971272e-02  -3.3708680e-02  -1.6684055e-01   9.3016234e-04   2.6340550e-03   1.6927409e-03
  -5.2164956e-02  -7.1879636e-02  -2.0737826e-01   1.1746053e-03   2.4275334e-03   1.8344103e-03
  -4.6675921e-02  -1.0769889e-01  -2.3152308e-01   1.1153755e-03   2.3493861e-03   1.9171101e-03
  -7.2905136e-02  -6.6120862e-02  -1.7615646e-01   1.0998813e-03   2.5824877e-03   1.6779752e-03
  -2.9944872e-02   1.0391907e-02  -1.4538242e-01  -1.0722463e-03   2.4736325e-03   9.6154867e-04
  -4.7859304e-02   1.0578668e-01  -1.9657118e-01  -2.2760244e-03   2.7651915e-03   6.8717964e-04
  -5.9669232e-02   1.0969638e-01  -2.0063423e-01  -1.7347573e-03   2.8552641e-03   6.5791760e-04
  -6.7895451e-02   1.0603648e-01  -1.3403152e-01  -1.6698954e-03   2.6106359e-03   6.7669373e-04
  -6.3056288e-02   2.4541955e-02  -1.5064218e-01  -1.1886447e-05   2.4269972e-03   1.1117042e-03
  -7.5689745e-02  -5.0919253e-02  -1.0014809e-01   5.7763344e-04   2.4312056e-03   1.2204054e-03
  -6.1484774e-02  -1.0600325e-01  -1.4452159e-01   9.3002781e-04   2.1770453e-03   1.5147565e-03
  -8.7348730e-02  -5.7326806e-02  -1.4311404e-01   7.4224252e-04   2.4937099e-03   1.5368826e-03
  -8.5878763e-02  -7.3766013e-02  -1.5001750e-01   6.6104248e-04   2.5072712e-03   1.4924926e-03
  -9.0326454e-02   1.8484908e-02  -2.1679197e-01   5.0219688e-04   2.2732590e-03   1.2880138e-03
  -9.5317907e-02  -1.9836409e-02  -2.0661383e-01   6.4015592e-04   2.5868644e-03   1.3094384e-03
  -7.9895986e-02  -4.1669642e-02  -2.1567921e-01   7.8833002e-04   2.4091422e-03   1.4874830e-03
  -9.7712159e-02   5.2135619e-02  -2.4614059e-01   1.2816485e-03   2.2569897e-03   1.4940919e-03
  -1.0794030e-01   5.2254544e-02  -2.0368784e-01   1.2854264e-03   2.3631591e-03   1.4055757e-03
  -7.6779079e-02  -3.1911955e-02  -1.9806139e-01   1.1569219e-03   2.5377034e-03   1.6695809e-03
  -6.7916291e-02   4.0530376e-02  -1.5723365e-01  -4.2535055e-04   2.2895943e-03   1.4761743e-03
  -5.3537997e-02   1.2825807e-01  -1.6802786e-01  -1.6223206e-03   1.9687572e-03   1.4385008e-03
  -7.7831480e-02   2.0175190e-01  -2.6041623e-01  -2.7774055e-03   2.4229569e-03   7.7310200e-04
  -7.0369642e-02   2.2672752e-01  -1.9096226e-01  -2.8364472e-03   2.0381350e-03   1.0729529e-03
  -6.7556922e-02   1.0174418e-01  -1.4143381e-01  -2.3116179e-03   2.1942368e-03   1.4008482e-03
  -4.6833030e-02   1.3176874e-01  -1.8350205e-01  -1.8221496e-03   1.6467314e-03   1.6157353e-03
  -4.7642678e-02   2.0579202e-01  -1.7662271e-01  -2.3623884e-03   1.2493921e-03   1.8307573e-03
  -4.4468147e-02   1.0628799e-01  -9.9613349e-02  -2.5525666e-03   1.3737929e-03   1.9265350e-03
  -3.1943387e-02   1.8095096e-01  -1.1596759e-01  -2.7686457e-03   1.0392802e-03   1.7292453e-03
  -2.9062231e-02   1.1756522e-01  -1.5043396e-01  -2.1373760e-03   1.2842620e-03   1.9012184e-03
  -5.0747541e-02   1.3111235e-01  -1.6858006e-01  -2.5292878e-03   1.5112143e-03   1.8099638e-03
  -5.4388083e-02   1.6408707e-01  -1.4098432e-01  -2.3800616e-03   1.2497897e-03   1.7926626e-03
  -4.0494202e-02   1.7144935e-01  -1.7817746e-01  -1.6621926e-03   8.6972131e-04   2.0308362e-03
  -5.8453476e-02   2.0029768e-01  -1.9121006e-01  -1.7408424e-03   1.1902803e-03   1.9894186e-03
  -3.9428481e-02   2.3285213e-01  -1.5088591e-01  -3.1377549e-03   9.2810150e-04   1.9176157e-03
  -3.0056840e-02   1.3038069e-01  -1.5735531e-01  -2.2305789e-03   1.0257686e-03   2.1597500e-03
  -4.8830641e-02   1.3787050e-01  -1.1464916e-01  -2.0052786e-03   1.2258959e-03   2.3823021e-03
  -3.2904067e-02   5.1910309e-02  -1.2090241e-01  -1.5863538e-03   1.2197722e-03   2.6244501e-03
  -4.6882578e-03   4.1801041e-02  -2.0680874e-01  -1.3203973e-03   6.0320911e-04   2.7058275e-03
   2.0814796e-02   1.7638039e-01  -1.7760431e-01  -2.5595705e-03   5.6932614e-05   2.1246568e-03
   5.3165460e-02   1.6094982e-01  -1.6397288e-01  -3.0692525e-03  -2.4050175e-04   1.8607327e-03
   2.1216460e-02   1.5369598e-01  -1.3889171e-01  -3.2976684e-03  -8.3126664e-05   1.6674872e-03
   3.2585871e-02   1.3636593e-01  -1.3355994e-01  -3.0321875e-03  -5.0460335e-04   1.6899992e-03
   6.0260231e-03   1.9335480e-01  -1.7378030e-01  -2.1146038e-03  -2.2441530e-04   1.9277834e-03
  -2.4715140e-02   2.2947913e-01  -1.1550902e-01  -2.6136819e-03   2.5724478e-04   2.2732924e-03
  -1.5860331e-02   1.5727447e-01  -1.1147673e-01  -2.9070150e-03   1.2726688e-04   2.2932586e-03
  -5.5552714e-03   1.1848274e-01  -1.5665219e-01  -2.9544073e-03   6.5553010e-05   2.0671222e-03
  -2.2760847e-02   1.5478984e-01  -1.0940632e-01  -2.6474651e-03  -1.3271297e-04   2.3143006e-03
  -4.1923312e-02   1.3304141e-01  -1.5899713e-01  -2.2057004e-03   1.8561591e-04   2.6127282e-03
  -5.3548841e-02   1.1584191e-01  -9.8252087e-02  -1.8152587e-03   3.2483939e-04   2.7364097e-03
  -4.9284062e-02   1.3462377e-01  -1.5979870e-01  -1.9710934e-03   4.5514576e-04   3.0162719e-03
  -6.0334910e-02   1.1865653e-01  -9.1334403e-02  -2.2715923e-03   6.9745503e-04   3.1221568e-03
  -4.3770394e-02   4.0965017e-02  -9.5431695e-02  -1.8993242e-03   7.7206708e-04   3.3899810e-03
  -5.7128843e-02   7.7701507e-02  -5.0549258e-02  -1.7606353e-03   1.0335594e-03   3.2935819e-03
  -5.6949195e-02   8.9952666e-02  -8.6054768e-02  -2.1288749e-03   1.3584050e-03   3.3426391e-03
  -7.6580938e-02   6.9243863e-02  -1.0336394e-01  -1.9383685e-03   1.5976078e-03   3.3373671e-03
  -7.8255643e-02   1.4934000e-01  -1.0086732e-01  -1.3924861e-03   1.2700274e-03   3.3165519e-03
  -8.8602585e-02   1.4032822e-01  -7.6372781e-02  -1.3859155e-03   1.3507400e-03   3.2858987e-03
  -9.3390867e-02   1.7779110e-01  -9.5701717e-02  -1.5855806e-03   1.5304068e-03   3.3585492e-03
  -9.3654374e-02   1.1333330e-01  -3.5704124e-02  -1.7375337e-03   1.7801011e-03   3.3236553e-03
  -5.5243464e-02   6.2211162e-02  -9.5958387e-02  -1.5142600e-03   1.4985866e-03   3.4931757e-03
  -3.8542259e-02   1.7357720e-01  -5.8744932e-02  -2.8379844e-03   1.6407013e-03   2.5746516e-03
  -2.8709493e-02   2.0029806e-01  -1.0163066e-01  -3.8200944e-03   1.2185017e-03   2.5585822e-03
  -2.2698642e-02   1.7253135e-01  -2.3414503e-01  -3.4606396e-03   1.2603278e-03   2.6793565e-03
  -3.5731726e-02   1.8134947e-01  -4.0107733e-02  -3.6646906e-03   1.3689404e-03   2.4897171e-03
  -3.0054876e-02   1.8524363e-01  -5.0950345e-02  -3.2893241e-03   1.2917992e-03   2.7293100e-03
  -3.9303298e-02   1.3331923e-01  -8.0496842e-02  -2.6015875e-03   1.4371759e-03   3.0045794e-03
  -5.4409770e-02   2.4995092e-01  -4.7445784e-02  -3.7214982e-03   1.7617025e-03   2.6324958e-03
  -1.4110764e-02   1.9714482e-01  -7.5887696e-02  -4.6989366e-03   1.1950513e-03   2.3464034e-03
  -4.2909387e-02   2.0773188e-01  -6.6489816e-02  -4.3464594e-03   1.5267194e-03   2.8139914e-03
  -6.3539541e-02   2.0363762e-01  -5.0339846e-02  -3.9090822e-03   1.6624402e-03   3.0224408e-03
  -4.1544007e-02   1.1283747e-01  -8.1565847e-02  -2.8015965e-03   1.4356262e-03   3.1199690e-03
  -4.5773807e-02   1.4826791e-01  -6.2090030e-02  -3.3090286e-03   1.2487787e-03   2.9938196e-03
  -8.0671464e-02   1.4147368e-01  -1.6476758e-02  -2.9092406e-03   1.9038090e-03   3.0659619e-03
  -5.9334457e-02   8.2781413e-02  -4.1439719e-02  -2.0461077e-03   1.7555243e-03   3.3466900e-03
  -9.0763355e-02   1.6866778e-01  -3.1856482e-02  -2.2471853e-03   2.1387947e-03   3.3980316e-03
  -1.0440841e-01   1.7900069e-01  -2.2823757e-02  -2.3535952e-03   2.3474427e-03   3.3243866e-03
  -8.0341306e-02   1.0456969e-01  -6.3750536e-02  -1.7139894e-03   2.2665017e-03   3.4573282e-03
  -9.1318002e-02   9.4929798e-02  -3.9044233e-02  -1.7359016e-03   2.2852610e-03   3.4020981e-03
  -8.2163626e-02   1.0632373e-01  -5.2381377e-02  -1.7234751e-03   2.1364561e-03   3.4772911e-03
  -7.6211464e-02   7.9070586e-02  -7.3357413e-02  -1.2948297e-03   2.1595659e-03   3.4820668e-03
  -8.9059738e-02   1.2074493e-01  -2.6624987e-02  -1.2803425e-03   2.0810858e-03   3.4131969e-03
  -7.0390137e-02   7.7338165e-02  -6.2329272e-02  -1.3208314e-03   1.6285518e-03   3.5813778e-03
  -9.3527652e-02   1.3056580e-01  -8.2199130e-02  -1.3999444e-03   1.9328568e-03   3.4589140e-03
  -1.0363650e-01   1.4316078e-01  -7.3264275e-02  -1.1788626e-03   1.8835137e-03   3.5150930e-03
  -8.7218935e-02   1.5242601e-01  -1.1203087e-01  -8.3440001e-04   1.8191436e-03   3.6737774e-03
  -9.8323147e-02   1.9912092e-01  -8.3781053e-02  -1.1877874e-03   1.9684983e-03   3.6554210e-03
  -9.8296454e-02   1.9902519e-01  -5.0250236e-02  -1.4810659e-03   1.9466724e-03   3.8435588e-03
  -7.0476826e-02   1.1909004e-01  -3.2050786e-02  -1.3345016e-03   1.8790396e-03   3.6693306e-03
   1.0080162e-02  -9.2322780e-02   1.6067476e-01  -8.6077294e-05   7.9015720e-04   2.7785367e-03
  -8.0547372e-02   1.9045535e-01   5.9406520e-02  -1.4218948e-03   1.7324544e-03   2.5136718e-03
  -6.4429545e-02   2.0664408e-01   2.6156820e-02  -1.8722161e-03   1.4860535e-03   2.3345190e-03
  -4.9524314e-02   9.6293457e-02  -2.0898535e-02  -6.0881060e-04   1.7845151e-03   2.7778063e-03
  -7.8131395e-02   1.4445863e-01   7.8851954e-02  -8.7082937e-04   1.8316977e-03   2.7990576e-03
  -4.7530980e-02   3.0994444e-02   6.3394866e-02  -5.4237027e-04   1.6060538e-03   3.2209845e-03
  -4.7286793e-02   5.4558126e-02   8.3014735e-02  -9.1335875e-04   1.6776327e-03   3.2417292e-03
  -8.0205596e-02   1.3676139e-01   9.0334551e-02  -1.1599495e-03   2.1758929e-03   3.4744972e-03
  -7.1656889e-02   1.0836606e-01   9.6208347e-02  -9.3084354e-04   2.1998534e-03   3.5506748e-03
  -7.6877713e-02   1.3953511e-01   1.2266371e-02  -1.1132950e-03   2.2911496e-03   3.7411373e-03
  -7.6881728e-02   1.0889777e-01   2.0227878e-02  -5.4464473e-04   2.1751521e-03   3.6639180e-03
  -8.6742799e-02   1.5199640e-01   6.0310832e-02  -9.1248708e-04   2.2870785e-03   3.8156365e-03
  -6.5676117e-02  -4.7006950e-03   4.6523288e-02   1.2882871e-04   2.3091604e-03   4.1652358e-03
  -8.2013647e-02   7.0429902e-02   7.7192899e-02  -3.8315179e-04   2.3478494e-03   4.1409958e-03
  -8.2299028e-02   1.4099996e-02   9.9193999e-02  -2.3993937e-04   2.6375896e-03   3.9944625e-03
  -3.2150934e-02  -9.9755305e-03   8.3867087e-02  -6.0861302e-04   1.8144562e-03   3.8844558e-03
  -3.8883421e-02   1.3326904e-01   9.8639526e-02  -2.9685641e-03   2.3480212e-03   2.7252812e-03
   1.3413315e-01  -1.4271737e-01   3.9629440e-01  -1.6876691e-03   2.6780665e-04   2.6922848e-03
   1.0155115e-01   4.2353271e-01   1.7993903e-01  -4.5361302e-03   3.3940881e-05   2.6731217e-03
   6.7163485e-02   6.0396060e-01   4.1365899e-02  -6.3284150e-03   5.1787762e-04   2.1362900e-03
   6.9466569e-02   4.3521842e-01   7.5399827e-02  -6.1086050e-03   4.5312049e-04   1.7813190e-03
   8.9093655e-02   2.8817809e-01   2.1943067e-01  -4.6339331e-03   1.7588898e-05   2.1690110e-03
   9.1498770e-02   2.7190735e-01   2.7592864e-01  -4.6778190e-03  -2.0587644e-04   2.3859300e-03
   9.1213966e-02   2.0203815e-01   2.2617372e-01  -4.0773906e-03   1.6920560e-04   2.5510107e-03
   4.6103137e-02   3.0300447e-01   2.3006962e-01  -4.4922332e-03   8.3430352e-04   2.2563936e-03
   3.7967579e-02   3.1424484e-01   2.4271257e-01  -4.6397930e-03   1.2910839e-03   2.1249473e-03
   4.2875143e-02   2.7211870e-01   1.9269663e-01  -3.9293052e-03   1.1326906e-03   2.4401573e-03
   2.8026846e-02   3.1239635e-01   2.5510559e-01  -3.7732265e-03   9.4378647e-04   2.5764390e-03
   5.2076047e-02   2.4025445e-01   1.9975920e-01  -3.5046825e-03   7.6592191e-04   2.9809151e-03
   1.5858941e-02   3.0064481e-01   1.9660914e-01  -3.5287176e-03   1.0850855e-03   2.8971393e-03
   7.4997031e-03   3.0748270e-01   1.7333848e-01  -3.4662021e-03   9.6149277e-04   3.0574151e-03
   9.6765820e-03   3.1369834e-01   1.6272078e-01  -3.3272055e-03   1.0282105e-03   3.0607627e-03
  -4.2147670e-03   2.7077553e-01   1.9366427e-01  -3.0037085e-03   1.2048833e-03   3.1438112e-03
   1.4495529e-02   1.9748702e-01   1.4319170e-01  -2.6631574e-03   1.2235276e-03   3.2799019e-03
  -8.2898412e-03   2.0020992e-01   2.0068616e-01  -2.5067642e-03   1.2032692e-03   3.3848614e-03
   4.9258633e-03   1.9242260e-01   1.3854903e-01  -2.4034015e-03   1.1331047e-03   3.3727723e-03
  -9.8685728e-03   1.5411965e-01   1.6516156e-01  -1.8545252e-03   1.3245580e-03   3.5085377e-03
   8.1584633e-04   1.5189986e-01   1.7997584e-01  -1.1240395e-03   1.2087859e-03   3.6470339e-03
  -2.4785715e-02   1.8557222e-01   1.7515938e-01  -1.3601194e-03   1.4349824e-03   3.8110836e-03
  -4.2956443e-02   2.2969328e-01   2.0419638e-01  -1.7242472e-03   1.7529965e-03   3.9365598e-03
  -2.6040555e-02   2.3286814e-01   1.3063756e-01  -1.9817763e-03   1.5824877e-03   3.9780665e-03
  -1.8012282e-02   2.1761955e-01   1.5008579e-01  -2.2258482e-03   1.6395553e-03   3.7753220e-03
  -1.7852371e-02   3.3106824e-01   1.5258698e-01  -4.3514759e-03   2.0984104e-03   2.6754135e-03
   1.4743169e-02   2.6396707e-01   1.7276894e-01  -4.4574373e-03   1.5802733e-03   2.9716980e-03
   1.1903713e-02   2.4594605e-01   1.6113551e-01  -4.2747428e-03   1.5989494e-03   3.2232758e-03
   4.5935001e-04   2.2162948e-01   1.8352565e-01  -4.0340284e-03   1.5250150e-03   3.1267359e-03
  -1.7570217e-03   2.7225697e-01   1.8810036e-01  -3.9591827e-03   1.3455411e-03   3.2039341e-03
  -1.4117437e-02   2.9791173e-01   1.6500045e-01  -3.8385134e-03   1.6525873e-03   3.2688594e-03
  -2.9349740e-02   2.7146362e-01   2.1434890e-01  -3.8670651e-03   1.8995199e-03   3.2325982e-03
   4.0999947e-04   2.5319091e-01   1.8073318e-01  -3.6162388e-03   1.5523685e-03   3.3215075e-03
  -1.1300303e-02   2.1887578e-01   1.5125267e-01  -3.0932138e-03   1.6025086e-03   3.5199126e-03
  -3.8525463e-02   2.4996606e-01   1.7656761e-01  -3.1850984e-03   1.8130581e-03   3.4713103e-03
  -2.3571051e-02   2.6047773e-01   1.6406179e-01  -3.4824981e-03   1.7069666e-03   3.5434898e-03
  -2.9303815e-02   3.3739049e-01   1.6625888e-01  -3.4603854e-03   1.6343092e-03   3.6153436e-03
  -2.8710416e-02   2.3809339e-01   1.9945065e-01  -3.5126133e-03   1.8879840e-03   3.5143851e-03
  -1.7354470e-02   2.6345095e-01   1.7820737e-01  -3.6513924e-03   1.5776265e-03   3.4015907e-03
  -7.7141721e-03   2.2187690e-01   1.5359591e-01  -3.0920429e-03   1.5121536e-03   3.6279980e-03
  -4.3640091e-02   2.5244994e-01   1.6445367e-01  -3.3298999e-03   1.9809155e-03   3.6414289e-03
  -7.1038483e-03   2.0476370e-01   1.4123053e-01  -2.3244748e-03   1.4790280e-03   3.8260730e-03
   4.1056342e-03   2.1353576e-01   1.8944033e-01  -2.4957955e-03   1.5671527e-03   4.0839171e-03
  -2.4794019e-02   2.3921481e-01   1.9776268e-01  -3.0476808e-03   1.8471784e-03   3.9082815e-03
   3.7749927e-03   1.5544374e-01   1.6202536e-01  -1.7746898e-03   1.5562838e-03   4.1078277e-03
  -4.3511638e-03   2.5160540e-01   2.1411126e-01  -2.1416911e-03   1.4400748e-03   4.1511768e-03
  -7.8825959e-03   1.8348811e-01   2.2405966e-01  -2.0875500e-03   1.7790279e-03   4.0183009e-03
  -2.7689094e-02   1.5158107e-01   2.3863219e-01  -1.8531823e-03   2.0390113e-03   4.0502356e-03
  -9.9630563e-03   1.5402570e-01   1.9030538e-01  -9.6145193e-04   1.4816678e-03   4.2670972e-03
  -2.0894670e-02   2.0482006e-01   2.2001409e-01  -1.0358092e-03   1.5085762e-03   4.3748545e-03
  -1.9749245e-02   2.8251555e-01   2.3208748e-01  -2.0519040e-03   1.6009460e-03   4.2576424e-03
  -4.0423769e-03   1.7289413e-01   2.0578105e-01  -1.4323643e-03   1.4265963e-03   4.6651610e-03
  -9.1310681e-03   1.1139470e-01   1.9076976e-01  -1.4457976e-03   1.9140724e-03   4.5984055e-03
  -3.2738761e-02   1.9936522e-01   1.9882192e-01  -1.1771500e-03   1.9780127e-03   4.4339991e-03
  -2.4157487e-02   1.9390642e-01   2.2819405e-01  -1.2671722e-03   1.7914477e-03   4.6013690e-03
  -6.5779696e-04   1.0300694e-01   1.6134010e-01  -7.4191415e-04   1.7359531e-03   4.8894749e-03
  -1.8728814e-02   1.2201695e-01   1.5513464e-01  -7.7358880e-04   1.9252182e-03   4.8061420e-03
  -3.1899371e-02   1.7027864e-01   1.8913319e-01  -4.1568270e-04   1.9550752e-03   4.8210363e-03
   3.4445605e-03   1.0140936e-01   2.1000999e-01  -5.0136765e-04   1.6221993e-03   5.1534503e-03
  -3.8618616e-02   1.2188257e-01   2.5840572e-01  -3.9023457e-04   1.9334999e-03   5.1818953e-03
  -1.6330096e-02   8.7470810e-02   2.1099358e-01  -1.2828982e-04   1.8313153e-03   5.2345324e-03
  -3.4332104e-02   8.3672308e-02   2.3163535e-01  -2.8996526e-04   2.1071394e-03   5.1051788e-03
  -3.5803367e-02   1.0124504e-01   1.8770864e-01  -3.3006626e-04   2.0770846e-03   5.1709767e-03
  -3.4072858e-02   9.8745479e-02   1.8300179e-01  -1.4693047e-04   1.9893298e-03   5.1601785e-03
  -4.3764279e-02   1.4700890e-01   1.8229832e-01   4.8160770e-04   1.9421888e-03   5.1575196e-03
  -3.8955873e-02   1.1991746e-01   1.5022284e-01   7.4230714e-04   2.0668077e-03   5.0331970e-03
  -5.6772359e-02   1.0203148e-01   2.0652815e-01   3.0006842e-04   2.5220909e-03   5.0352782e-03
   5.3715967e-03   1.1969727e-01   2.3322706e-01  -7.6157483e-04   1.9242575e-03   4.7744361e-03
   1.2685177e-02   1.8648794e-01   1.5557027e-01  -2.5681951e-03   2.5234795e-03   4.0937613e-03
  -1.1058215e-02   2.2059075e-01   1.9711354e-01  -2.7266612e-03   2.5904674e-03   4.1826974e-03
   1.0940602e-03   1.6238470e-01   2.1421308e-01  -1.9830398e-03   2.4008298e-03   4.1427942e-03
   1.2707838e-02   1.2427923e-01   1.7294438e-01  -1.2940018e-03   2.1656287e-03   4.2986198e-03
  -1.9925305e-03   1.1936266e-01   2.1229023e-01  -6.9288976e-04   2.1942597e-03   4.3501764e-03
  -3.5186087e-02   2.0614038e-01   2.3629349e-01  -8.0072597e-04   2.3655609e-03   4.6109544e-03
  -2.8463268e-02   1.8487503e-01   1.7936460e-01  -4.4633904e-04   2.2731813e-03   4.9620937e-03
  -3.9702463e-02   1.6819661e-01   1.7616812e-01  -1.5707885e-04   2.3000253e-03   5.1228420e-03
  -3.9055196e-02   1.5761932e-01   1.8770237e-01  -5.4036705e-04   2.3422593e-03   5.1974275e-03
  -1.9656252e-02   1.2259432e-01   1.5817444e-01  -2.4712908e-04   2.1200480e-03   5.4321696e-03
  -4.5501088e-02   7.7409674e-02   1.3725935e-01  -4.9425385e-04   2.6142662e-03   5.3583729e-03
  -3.7676543e-02   1.0161332e-01   1.6536755e-01  -3.3667460e-04   2.3767876e-03   5.3201467e-03
  -4.0463613e-02   7.4239582e-02   1.4618336e-01   3.5347740e-04   2.5707849e-03   5.4505879e-03
  -4.8895410e-02   1.4282419e-01   2.4559434e-01  -6.4762091e-04   2.8387116e-03   5.1288331e-03
  -2.1948341e-02   1.0438354e-01   2.1577684e-01  -8.6005150e-04   2.4413748e-03   5.3049503e-03
  -4.3861049e-02   1.3493941e-01   1.7139346e-01  -9.9500954e-04   2.4948940e-03   5.2424325e-03
  -6.9076140e-02   2.5328651e-01   2.1073826e-01  -1.4625511e-03   2.5549809e-03   5.0421614e-03
  -6.3992104e-03   2.9557515e-01   1.5296766e-01  -3.3483588e-03   2.6328062e-03   3.9090305e-03
   2.3100735e-02   4.2274243e-01   1.3353364e-01  -4.2585620e-03   2.1337972e-03   3.1535570e-03
   1.1826545e-02   3.4415052e-01   1.5899694e-01  -3.5809864e-03   2.2909904e-03   3.4832079e-03
   1.1389628e-02   2.5671763e-01   1.8579970e-01  -3.1589010e-03   2.4917382e-03   3.7282005e-03
   3.3282322e-02   2.2081514e-01   2.2328815e-01  -2.8228325e-03   2.1019697e-03   3.8186221e-03
   4.1598356e-02   1.7021285e-01   2.0047372e-01  -2.2771256e-03   2.1616623e-03   4.2366073e-03
   1.3917280e-02   2.3762793e-01   2.3187597e-01  -2.6000850e-03   2.1786073e-03   4.3064344e-03
   5.9963180e-02   1.6461251e-01   1.8970331e-01  -2.1779157e-03   1.6122706e-03   4.4533210e-03
   3.9793138e-02   2.1598322e-01   1.9019743e-01  -1.4429092e-03   1.8099135e-03   4.4805644e-03
   2.0308121e-02   2.6907965e-01   1.9374130e-01  -1.8660815e-03   2.0458917e-03   4.4342773e-03
   3.1796449e-02   2.2729661e-01   1.6304971e-01  -1.4023116e-03   1.8248439e-03   4.5018457e-03
   1.6519775e-02   1.6947432e-01   2.0383424e-01  -1.6379446e-03   1.8478323e-03   4.6915151e-03
   3.2150738e-02   8.5728203e-02   2.0696937e-01  -1.6548470e-03   1.9424324e-03   4.6389448e-03
   2.6259651e-02   1.8101457e-01   1.5623636e-01  -9.6843085e-04   1.8849348e-03   4.9304259e-03
   7.8674098e-03   1.2554719e-01   1.7704249e-01  -7.1108253e-04   2.0999473e-03   5.0136721e-03
   1.3119638e-02   1.1308268e-01   1.6785253e-01  -6.4590394e-04   2.0597428e-03   5.0672600e-03
   1.6523781e-02   5.2784681e-02   1.4446207e-01  -4.8603900e-04   2.1818476e-03   5.2429558e-03
  -1.5814706e-02   1.3699757e-01   1.9200641e-01  -4.2936588e-04   2.3037983e-03   5.3699064e-03
   1.3674741e-02   1.6835984e-01   1.7091078e-01  -8.9945850e-04   2.1162540e-03   5.1087141e-03
  -8.5088237e-03   2.3079378e-01   1.8867931e-01  -1.0537160e-03   2.0532754e-03   5.4126134e-03
  -2.0286545e-02   1.5557731e-01   2.4635992e-01  -5.3839283e-04   2.3126854e-03   5.7730858e-03
   4.0114311e-03   1.0809755e-01   2.1607628e-01  -7.3912622e-04   1.9041091e-03   5.7748407e-03
   3.2793112e-03   9.5301700e-02   1.9251246e-01   2.8245559e-04   1.9174336e-03   6.0057197e-03
  -4.3808528e-02   1.3643402e-01   2.2373326e-01  -4.1843994e-05   2.5571823e-03   5.9511802e-03
  -8.7112767e-03   1.0823739e-01   1.7450084e-01   8.2524121e-05   2.0967283e-03   6.0702267e-03
  -1.3338284e-02   2.5926669e-01   1.8941771e-01  -6.8737439e-04   1.9840731e-03   5.6842341e-03
  -2.1683381e-02   2.6717197e-01   2.3539625e-01  -1.0766942e-03   1.9376518e-03   5.8054451e-03
  -2.6850182e-02   1.2073327e-01   2.0978914e-01  -4.2174629e-04   2.2965096e-03   5.9254191e-03
  -5.0930869e-02   1.3665310e-01   2.5588677e-01  -2.2627603e-04   2.4677695e-03   6.0429151e-03
  -2.0728500e-02   2.3264065e-01   2.2402923e-01  -1.0120656e-03   2.2075398e-03   5.8097440e-03
  -1.9036865e-02   2.7151922e-01   1.6990160e-01  -1.5681474e-03   2.2175063e-03   5.6447608e-03
  -4.3632399e-02   2.4726821e-01   1.8405981e-01  -6.6164841e-04   2.2670001e-03   5.9299707e-03
  -5.9291296e-02   2.6500390e-01   2.1966400e-01  -7.7345385e-04   2.5030944e-03   5.9835336e-03
  -2.7896326e-02   2.1520136e-01   2.1263258e-01  -6.5239998e-04   2.2457351e-03   6.2030274e-03
  -4.3861414e-02   2.0207017e-01   2.0217364e-01  -7.3110282e-04   2.3828790e-03   6.2050812e-03
  -3.0518817e-02   1.5698571e-01   2.1888178e-01  -6.6224875e-04   2.3521673e-03   6.1564230e-03
  -1.3702247e-02   7.9961213e-02   2.2282558e-01  -1.6052176e-05   2.2476783e-03   6.4019056e-03
  -3.0466813e-02   1.5279906e-01   2.4950114e-01  -3.8487715e-04   2.4795010e-03   6.2836582e-03
  -7.0150840e-03   1.5390009e-01   1.7915803e-01  -3.5575863e-04   2.2153253e-03   6.3740234e-03
  -3.0610832e-02   1.6353793e-01   1.9853254e-01  -4.4600140e-06   2.4315040e-03   6.4027368e-03
  -2.5858130e-02   1.7292496e-01   2.0536901e-01   2.1925162e-04   2.2816716e-03   6.4552262e-03
  -1.3537852e-02   9.0476093e-02   1.9022845e-01   1.2679587e-04   2.4089643e-03   6.3340930e-03
  -2.9935558e-02   1.8077956e-01   2.3950292e-01  -2.2429958e-04   2.5877637e-03   6.1505534e-03
   1.3821380e-03   7.6921367e-02   2.2800247e-01  -8.9592187e-05   2.4667687e-03   6.2387242e-03
  -2.7472388e-02   1.6930563e-01   2.8809723e-01  -1.0679461e-03   2.5419679e-03   6.0542736e-03
  -2.1555785e-02   2.9037606e-01   2.3865557e-01  -2.5744195e-03   2.5523299e-03   5.3552023e-03
  -5.2205210e-03   3.6054040e-01   2.2208487e-01  -3.4964972e-03   2.7939921e-03   4.9428063e-03
   5.5607416e-03   3.1872567e-01   2.3033965e-01  -3.5642036e-03   2.5377408e-03   4.9014131e-03
   9.5854972e-03   3.3238158e-01   2.5654013e-01  -3.3213041e-03   2.1764138e-03   5.1073640e-03
   3.8059395e-02   2.0032342e-01   2.2669764e-01  -2.5346240e-03   2.0349284e-03   5.3225202e-03
   2.2239716e-02   2.6812346e-01   2.2458983e-01  -3.0801016e-03   2.0096125e-03   5.4511700e-03
   1.1869646e-02   3.2824389e-01   2.1204698e-01  -2.9549684e-03   2.0404870e-03   5.3968432e-03
   2.3466443e-02   2.6863135e-01   2.3464835e-01  -2.4327028e-03   1.9175082e-03   5.6696554e-03
   1.5488831e-02   2.7050633e-01   2.1488162e-01  -2.2421736e-03   1.8270463e-03   6.1582264e-03
  -8.1098263e-03   2.0728837e-01   2.3675727e-01  -2.2862357e-03   2.2401580e-03   6.2588680e-03
  -2.7943995e-02   2.0430123e-01   2.5471688e-01  -2.3770993e-03   2.6857933e-03   6.2695427e-03
  -1.6110263e-02   1.1803301e-01   2.2858458e-01  -1.7863454e-03   2.6062169e-03   6.4694462e-03
  -5.5644618e-02   1.8023034e-01   2.3989999e-01  -1.5825426e-03   2.8732159e-03   6.5293174e-03
  -2.3081894e-02   1.6571196e-01   1.9768429e-01  -1.3116227e-03   2.4425508e-03   6.5855214e-03
  -5.0675112e-02   1.5527122e-01   1.9585453e-01  -8.5278842e-04   2.6670951e-03   6.6873111e-03
  -6.0245320e-02   2.8860530e-01   2.2768129e-01  -1.0896508e-03   2.7340374e-03   6.6063526e-03
  -1.6822745e-02   1.1822576e-01   2.1074424e-01  -8.0873353e-04   2.4356410e-03   6.7247860e-03
  -5.9484637e-02   1.7808346e-01   2.5614240e-01  -8.5107598e-04   2.8463643e-03   6.7242321e-03
  -4.2330218e-02   9.9668204e-02   2.0145938e-01  -2.7702165e-04   2.7514093e-03   6.7564205e-03
  -6.7556563e-02   1.2633068e-01   2.2933980e-01  -2.8705231e-04   2.9197807e-03   6.6253331e-03
