   0.0000000e+00   0.0000000e+00   0.0000000e+00   0.0000000e+00   0.0000000e+00   0.0000000e+00
  -1.3915311e-02  -1.0820217e-01   8.2721605e-02  -1.4147343e-04   8.7334966e-04  -2.1417639e-04
  -1.0772534e-02  -1.4271088e-01   2.0495658e-02  -1.3256690e-04   1.2532642e-03  -2.0817707e-04
  -1.0376522e-02  -1.4401798e-01  -2.2278028e-02  -3.8508085e-04   1.5822504e-03  -1.6217586e-04
  -2.3777366e-03  -1.4185431e-01   3.8275842e-02  -2.1382026e-04   1.6682279e-03  -1.8922171e-04
  -2.6967117e-02  -7.8001764e-02  -1.6959126e-01  -4.6392406e-04   2.3123723e-03  -4.7887494e-04
   1.5398417e-02   5.9121126e-03   9.5394463e-03  -7.0811289e-04   1.5223641e-03  -1.2573681e-04
  -8.5585929e-04  -2.9946722e-01  -1.1123076e-01   4.8475625e-05   1.8390774e-03  -2.2516465e-04
  -4.8635476e-03  -8.8576337e-02  -1.6921876e-01  -2.3969589e-04   2.6928124e-03  -6.2652990e-04
   1.0010827e-02  -9.6131408e-02   1.9773842e-02  -5.6939626e-04   2.3230285e-03  -2.7278016e-04
  -1.9021681e-02  -3.4450541e-01  -1.4176169e-01  -1.9230434e-04   3.1088178e-03  -4.6148343e-04
  -3.1349220e-03  -2.2215753e-01  -7.4768131e-02   1.8806238e-05   2.8359321e-03  -3.5453428e-04
  -6.2139444e-03  -2.5173694e-01  -8.8829123e-02   2.3430362e-04   3.2166237e-03  -4.3565364e-04
  -1.9727907e-03  -3.6084543e-01  -6.4620496e-02   2.3045990e-04   3.1320621e-03  -4.8442243e-04
   6.1322694e-03  -2.8804030e-01  -5.6961852e-02  -1.2216276e-04   3.3465397e-03  -4.6185005e-04
   1.9042275e-02  -1.8050217e-01  -5.6657654e-02  -4.9141878e-04   3.5508002e-03  -5.2975180e-04
   3.2777934e-02  -4.5119396e-02  -1.3985970e-01   1.6172625e-04   3.4649617e-03  -7.7450603e-04
   1.7859622e-02  -9.4342488e-02  -1.3172707e-01  -4.5347610e-04   3.6624004e-03  -4.0505606e-04
   3.6164931e-03  -1.4652404e-01  -6.0965446e-02  -8.9274520e-04   3.7291081e-03  -3.9476097e-04
  -5.0588686e-03  -3.0077183e-01  -4.3985973e-02  -7.2573744e-05   4.0358801e-03  -7.0173400e-04
   7.5843689e-03  -2.1568853e-01  -1.1953774e-01   2.9678527e-04   3.6718258e-03  -3.2362929e-04
  -2.9675908e-03  -2.2369046e-01  -3.6671242e-03  -1.0115658e-03   4.1325046e-03  -1.6903545e-04
  -2.8662857e-03  -3.5981165e-01   9.1752354e-03  -6.4844146e-04   3.9218246e-03  -3.2073465e-04
   1.5419248e-02  -1.1941809e-01   5.2180142e-02  -1.1389206e-03   4.1704053e-03  -2.3249433e-04
   2.5131234e-02  -8.1976065e-02   7.4370663e-02  -7.5636406e-04   4.4097777e-03  -5.3163115e-04
   2.7777811e-02  -9.7747642e-02   2.8602904e-02  -5.3924853e-04   4.5611931e-03  -6.0224240e-04
   4.2336305e-02   3.9047438e-03  -7.7154467e-02   4.4740857e-04   4.3694386e-03  -1.0026637e-03
   4.4843022e-02  -4.1996104e-02   5.4512402e-02  -2.9848588e-04   4.2813534e-03  -4.9731702e-04
   1.0381498e-02  -2.5108286e-01  -4.4390520e-02  -2.7231863e-04   4.7367369e-03  -6.9370573e-04
   1.0038160e-02  -1.6423190e-01  -1.7821614e-02  -9.2684364e-05   4.8909694e-03  -8.8272983e-04
   1.2567650e-02  -1.7277350e-01   1.8326560e-02  -1.8145124e-04   4.7343049e-03  -6.8205660e-04
  -1.5777435e-02  -4.0413254e-01   1.7998625e-01   9.5998231e-04   5.5517980e-03  -1.1659963e-03
  -2.2490939e-02  -3.8256509e-01   1.6544110e-01   1.6706535e-03   5.6657068e-03  -1.4771891e-03
  -1.8964410e-02  -3.3173874e-01   2.1962038e-01   2.1507403e-03   6.1808294e-03  -1.7163826e-03
  -1.0667155e-02  -1.8160249e-01   1.5801216e-01   1.0584275e-03   6.5258141e-03  -1.7435964e-03
  -5.9299425e-03  -1.8344369e-01   2.3236815e-01   1.3167513e-03   5.4612297e-03  -1.4253501e-03
  -2.1577671e-02  -1.7614135e-01   7.1348933e-02   1.6483914e-03   5.8477665e-03  -1.7405200e-03
  -1.4253611e-02  -2.2832490e-01   2.7927416e-01   1.9901383e-03   5.4019493e-03  -1.7508255e-03
  -1.6122139e-02  -3.6002716e-01   4.3488586e-01   4.8555042e-03   5.1709210e-03  -1.9406018e-03
   6.5120019e-03  -2.3500181e-01   4.8057146e-01   5.7713431e-03   4.4671587e-03  -1.9770386e-03
   2.6600906e-02  -4.3019987e-01   7.7016466e-01   7.3482226e-03   4.6666746e-03  -2.1288307e-03
   2.4584895e-02  -5.1962275e-01   7.0373769e-01   7.4671858e-03   4.9909468e-03  -2.0326549e-03
   2.3214825e-02  -2.9222523e-01   6.0319736e-01   5.8563585e-03   5.5864887e-03  -1.7003856e-03
   4.0655481e-02  -1.9817915e-01   4.4489129e-01   4.7307173e-03   5.4279867e-03  -1.5235981e-03
   3.8388226e-02  -1.8800457e-01   5.2284755e-01   3.7458640e-03   4.9458710e-03  -1.1182757e-03
   3.4630342e-02  -2.1637181e-01   5.0812657e-01   5.1039812e-03   4.4528218e-03  -1.2938519e-03
   2.0607675e-02  -3.4032411e-01   7.4400241e-01   5.3622545e-03   4.1257001e-03  -1.2724619e-03
   2.1557427e-02  -3.9862011e-01   7.0732722e-01   6.4102431e-03   3.1569750e-03  -7.8262142e-04
   1.5347761e-02  -1.8578921e-01   5.9977553e-01   5.0734564e-03   3.9382092e-03  -7.9484466e-04
   1.9674821e-02  -7.2475037e-03   5.1807238e-01   4.9010324e-03   4.1613664e-03  -5.6074187e-04
   2.0544818e-02  -9.4985147e-02   4.9530990e-01   4.1505299e-03   4.2362874e-03  -3.0213181e-04
   1.6555669e-02  -2.4685960e-01   4.0290350e-01   3.4657518e-03   4.3206670e-03  -1.4028401e-04
   1.1034438e-02  -2.6682050e-01   4.2927242e-01   3.0217066e-03   4.3918096e-03  -1.2853644e-04
   7.0724092e-03  -2.9518948e-01   3.8078887e-01   3.7358603e-03   4.6248344e-03  -2.6432900e-04
   2.4215825e-02  -1.6641171e-01   4.8302440e-01   4.1553901e-03   4.1513962e-03  -1.9891589e-04
   9.4866074e-03  -2.8138369e-01   4.1888072e-01   3.8484118e-03   4.2479149e-03   3.6413962e-05
  -4.9889510e-03  -3.3074082e-01   5.1974611e-01   4.4235641e-03   4.8838313e-03  -3.4308098e-04
   2.2760225e-03  -2.5977034e-01   3.2967575e-01   3.7007714e-03   4.6853051e-03  -2.9665487e-04
  -1.2281323e-02  -2.6257344e-01   3.5628021e-01   3.6497963e-03   6.0861694e-03  -4.5939885e-04
   3.1435718e-02  -7.7882925e-02   2.9599281e-01   4.0290305e-03   5.1945587e-03  -4.3744472e-04
   1.8875865e-02  -1.6602147e-01   3.8316428e-01   2.7891595e-03   5.0456607e-03   3.6399304e-05
  -1.1293123e-02  -2.4138308e-01   1.7665926e-01   3.6281727e-03   5.8629083e-03  -3.4418042e-04
   2.5982038e-02  -1.5843866e-01   3.6933542e-01   3.2436457e-03   4.9839437e-03   5.0173355e-06
   1.1254369e-02  -2.4542278e-01   2.3136101e-01   3.3099564e-03   4.4498519e-03   3.0523743e-04
   1.7563970e-02  -3.7284333e-01   3.1170590e-01   4.3792105e-03   4.8901584e-03   1.1416440e-04
   2.9957010e-02  -1.7792691e-01   2.0735695e-01   3.4021639e-03   4.9538207e-03   1.2338844e-04
   3.8852309e-02   5.1929014e-03   2.2252496e-01   3.1389280e-03   5.5888958e-03   1.9257688e-05
   3.9286157e-02  -6.7520882e-02   1.8024772e-01   3.3376862e-03   5.3071802e-03   4.2827585e-05
   1.1960245e-02  -1.2320340e-01   1.3313654e-01   3.0781923e-03   5.9368702e-03  -1.1031429e-04
   4.2953062e-02  -1.4771877e-01   2.3745420e-01   2.6162434e-03   5.3735656e-03   3.3848707e-05
   3.1141354e-02  -6.7415395e-02  -1.3149595e-02   3.6698917e-03   5.2454085e-03  -1.6465802e-04
   1.5364518e-02  -1.8009711e-02   1.9899183e-01   2.4695587e-03   6.2884456e-03   1.6403539e-04
  -1.4202354e-03  -2.7103163e-01   1.6503391e-01   2.6848141e-03   6.2851269e-03   3.1124553e-04
   2.1472905e-03  -3.2821801e-01   1.9284586e-01   2.7469876e-03   6.4789279e-03   3.0519412e-04
   2.9348054e-03  -1.8860686e-01   2.3991808e-01   2.1411527e-03   6.9442420e-03   2.3706138e-04
  -9.7163340e-05  -2.2103158e-01   3.3030478e-01   2.6840736e-03   6.8708405e-03   2.5801930e-04
  -7.1413693e-03  -4.9801225e-02   1.7379318e-01   2.5314747e-03   7.4724285e-03  -5.5329519e-05
   1.6714557e-02   8.1261399e-02   2.4491053e-01   2.1806955e-03   7.1384933e-03   3.4414904e-04
   3.2417297e-04  -2.2592807e-01   2.9132808e-01   2.0486794e-03   7.2757618e-03   2.8417769e-04
  -2.4334680e-02  -2.5577279e-01   3.1526665e-01   3.0365800e-03   7.7317813e-03  -1.0264256e-04
   9.1247001e-03  -1.0186780e-01   3.3553456e-01   3.8158942e-03   6.7519100e-03  -1.9674834e-04
   2.1488160e-02   1.8800160e-02   3.0101004e-01   4.0402852e-03   7.0417779e-03  -3.4104049e-04
  -1.6892612e-03  -1.0121758e-01   3.5071013e-01   2.6728242e-03   7.3883640e-03   2.3519570e-05
  -1.3062757e-03  -3.2863715e-01   4.0405308e-01   5.2080667e-03   6.6153106e-03  -6.0286293e-04
   8.5710843e-03  -1.7947175e-01   4.6044341e-01   6.1382808e-03   6.5598666e-03  -1.0184017e-03
   7.8945012e-03  -1.3829486e-01   3.5047986e-01   4.7088304e-03   6.9395077e-03  -5.1675072e-04
  -1.0425719e-02  -2.1068838e-01   4.2377665e-01   4.8016428e-03   7.7140947e-03  -2.5583888e-04
  -2.0958494e-02  -2.5298904e-01   3.3352521e-01   3.3822990e-03   7.7032101e-03  -3.6832622e-04
  -1.3097145e-02  -1.4265244e-01   3.1579209e-01   3.8555026e-03   7.8699581e-03  -9.4961442e-04
   2.1516509e-02   4.2730400e-02   3.2988317e-01   4.4672338e-03   7.4313370e-03  -8.5249555e-04
   1.1953513e-03  -1.2526730e-01   4.1917415e-01   3.2819178e-03   8.0258198e-03  -3.7866238e-04
  -1.2767654e-02  -3.3028363e-01   4.9575402e-01   4.5980926e-03   7.2868757e-03  -1.6913373e-04
  -2.9897375e-02  -2.6696782e-01   3.4642190e-01   4.4985393e-03   7.7772434e-03  -2.7249542e-04
   5.6784749e-03  -1.2881909e-01   4.8778106e-01   4.2420423e-03   7.9117771e-03   5.0262063e-05
  -1.1410912e-02  -3.3528114e-01   3.9573388e-01   4.4414799e-03   8.0912607e-03  -2.2568536e-04
   9.8707034e-03  -1.8371907e-01   4.5956757e-01   3.5024180e-03   8.0370630e-03  -5.6478063e-04
   2.8430252e-04  -2.3110920e-01   3.3488935e-01   3.8900061e-03   7.6266749e-03  -5.7188294e-04
   1.1642782e-02  -6.1359797e-02   3.6188643e-01   3.4754483e-03   7.8554097e-03  -6.4905210e-04
   5.2561140e-03  -7.6600396e-02   2.7785266e-01   3.6640896e-03   7.5831903e-03  -6.6747675e-04
   9.4532267e-03  -1.1725176e-01   3.4585640e-01   2.7444069e-03   7.4135779e-03  -4.6882012e-04
  -1.7174923e-02  -1.8941690e-01   3.1143957e-01   3.0258740e-03   7.9339200e-03  -8.9196812e-04
  -6.9268852e-03  -1.1017949e-01   3.4243791e-01   3.2359330e-03   8.0300909e-03  -1.1994133e-03
  -1.0459178e-02  -1.5712451e-01   3.7207932e-01   3.4115116e-03   7.8696656e-03  -8.9377188e-04
  -2.8850229e-02  -3.4726397e-01   2.8191535e-01   3.3102907e-03   7.9307546e-03  -7.8844854e-04
  -4.0900762e-02  -3.4034048e-01   2.8867343e-01   3.1271188e-03   8.3679167e-03  -9.7377880e-04
  -3.4643682e-02  -2.7675306e-01   2.2627000e-01   2.2052282e-03   7.9476274e-03  -1.0208325e-03
  -2.9902963e-02  -2.7714620e-01   2.6579907e-01   2.7252135e-03   8.3896636e-03  -1.1225820e-03
  -1.1599390e-02  -1.1372856e-01   2.9154030e-01   3.1950043e-03   8.3077679e-03  -1.2095640e-03
   8.1850099e-03  -3.7547530e-02   2.7077129e-01   2.9253540e-03   7.3189930e-03  -1.0232444e-03
  -2.5246004e-02  -2.3191204e-01   3.1606192e-01   2.2026138e-03   7.3625099e-03  -1.1874112e-03
  -4.0838683e-02  -2.9524032e-01   2.9084535e-01   3.2349712e-03   8.4463580e-03  -1.2932248e-03
  -1.5966535e-02  -9.6116857e-02   3.4979491e-01   3.3157123e-03   8.3227997e-03  -1.2818702e-03
  -1.6500363e-02  -5.8479786e-02   2.5936091e-01   3.3803839e-03   8.2756020e-03  -1.3145085e-03
  -2.1959205e-02  -1.9123092e-01   3.4309495e-01   3.4761134e-03   8.2321437e-03  -1.0316557e-03
  -3.6650420e-02  -3.0293683e-01   2.6741378e-01   3.1354799e-03   8.4138605e-03  -1.0649360e-03
  -3.3975901e-02  -1.3233364e-01   2.1960675e-01   2.7369649e-03   9.2412983e-03  -1.4447408e-03
  -2.4822103e-03  -9.3106920e-02   3.0291589e-01   3.1534245e-03   7.8897961e-03  -8.2424192e-04
  -3.3483224e-02  -2.4800804e-01   3.0862375e-01   2.5969656e-03   8.7096740e-03  -1.0875817e-03
  -2.3048983e-02  -1.2483280e-01   1.3798429e-01   3.1130448e-03   8.5657829e-03  -1.2528709e-03
  -2.3316405e-02  -2.1871455e-01   3.6030737e-01   3.4169081e-03   9.0216267e-03  -1.0647429e-03
  -2.6992878e-02  -3.6240823e-01   2.6126256e-01   3.5508477e-03   8.2813869e-03  -8.6389537e-04
   3.3518232e-02  -7.6542219e-01   7.4089416e-01   3.5543932e-03   7.1059324e-03  -9.9981864e-04
   4.4286305e-02  -3.9333804e-01  -5.4795701e-01   4.2306280e-03   7.1211608e-03  -1.3012667e-03
   6.4768354e-02   3.4956644e-01  -5.1537972e-01   1.2949819e-03   6.9464863e-03  -1.6912431e-03
   3.8184541e-03   2.0799623e-01  -6.0124017e-01  -7.3736827e-04   6.9787461e-03  -1.4721907e-03
   3.5582265e-02   1.6046833e-01  -6.6140828e-01  -1.4343278e-03   6.0248316e-03  -1.0362186e-03
   3.2077946e-02  -2.3112744e-02  -3.7475976e-01  -2.2588565e-03   7.3537502e-03  -6.0886324e-04
   3.8744517e-02   2.5867020e-02  -6.1644616e-01  -2.8393502e-03   7.4824579e-03  -2.6823984e-04
   5.5163841e-02   1.2212420e-01  -6.8024715e-01  -3.5260172e-04   6.0270328e-03   5.7777554e-05
   6.6234085e-02  -3.1788031e-01   1.1583588e-01  -5.6948731e-04   7.1053317e-03   9.5940605e-04
   2.0379926e-02  -4.4187880e-01  -1.0400261e-02   3.8679085e-04   7.2997164e-03   1.3714065e-03
   4.4706162e-02  -1.2270573e-01   1.1314834e-01  -7.8014397e-04   7.2980676e-03   1.1772619e-03
   5.4436973e-02   4.0531847e-02  -1.1990322e-01  -6.0027821e-04   7.1492461e-03   9.1101915e-04
   3.6915340e-02   2.4302211e-01  -1.2474131e-01  -7.1067680e-04   8.0284025e-03   6.8377011e-04
   2.3881468e-02  -2.5357952e-01  -4.2240621e-03  -4.3451356e-04   7.2256666e-03   8.3374304e-04
   2.8352842e-02  -1.9453825e-01  -1.3330115e-01   6.6240368e-04   6.6613818e-03   9.5190750e-04
   4.8704527e-02  -4.0237241e-04   4.6962348e-02   1.0848730e-03   6.8086186e-03   9.8549415e-04
   4.8416418e-02  -7.5266581e-02   2.5993988e-02   2.1827653e-03   6.1509606e-03   7.2441815e-04
   3.2426550e-02  -1.2527899e-01  -4.0775750e-02   2.0952973e-03   6.3004724e-03   7.3797051e-04
   3.6052020e-02  -4.8938515e-02   1.6408842e-02   1.5107810e-03   6.4152837e-03   7.6841930e-04
   2.7198474e-02  -1.9832172e-01   4.3332819e-02   1.4376050e-03   5.9706070e-03   8.0664677e-04
   4.6679222e-02  -1.5276837e-01  -6.7957718e-02   1.8416723e-03   5.4768281e-03   9.7058676e-04
   5.9573421e-02  -1.5058693e-01   9.1910195e-02   1.9404407e-03   6.0711054e-03   7.7751931e-04
   3.7513943e-02  -2.1665445e-01   1.3641706e-01   2.0907614e-03   6.1152918e-03   8.6399687e-04
   6.4943834e-02  -1.6842416e-01   7.5467770e-02   2.3326364e-03   5.3337325e-03   8.5483805e-04
   7.1753220e-02  -1.0954053e-01   6.5554544e-02   2.2409450e-03   5.0447756e-03   9.3760261e-04
   6.0357058e-02  -2.0521548e-01   1.2989914e-01   2.5342521e-03   5.3734195e-03   8.5296905e-04
   4.3573906e-02  -8.4493984e-02  -1.2310896e-02   2.0003317e-03   4.9024312e-03   8.8990476e-04
   2.0467096e-02  -1.0885102e-01   2.9402695e-03   1.6529753e-03   5.2018506e-03   1.0344879e-03
   9.1688185e-03  -7.7048987e-02   5.4519971e-02   2.1924754e-03   5.4514538e-03   9.1594565e-04
   2.6370846e-02  -1.5513632e-01   1.2515194e-01   1.6914262e-03   4.6590448e-03   1.0193645e-03
   1.0690094e-02  -2.0335272e-01  -4.4429255e-01   2.8153735e-03   5.2545257e-03  -4.1896191e-04
   3.0609596e-02   1.3167911e-01  -2.4900029e-01   4.4197782e-03   4.5952634e-03  -1.1922901e-04
   3.7694560e-02  -1.5424573e-01   4.8506476e-02   2.6255762e-03   4.1885065e-03   7.1387381e-04
   3.1399624e-02  -1.8614974e-01   1.2126019e-01   2.9926204e-03   3.9513891e-03   1.0087661e-03
   1.8401328e-03  -1.8879257e-01   5.5934763e-02   2.1432575e-03   4.5063062e-03   9.6716253e-04
   2.0768247e-02  -1.0584340e-01   2.9453094e-02   2.6271156e-03   4.0114003e-03   7.6106846e-04
   5.0399949e-02  -1.8282168e-01   9.1089073e-02   2.9844612e-03   3.1725045e-03   8.1855557e-04
   3.0450960e-02  -1.7905943e-01  -9.4676812e-02   2.6906366e-03   3.1679203e-03   4.2729881e-04
   4.1466058e-02   3.9989686e-03  -6.3038443e-01   1.4765632e-03   2.6904859e-03  -5.6981137e-04
   4.5962539e-03  -4.1045397e-02  -1.8276575e-01   1.6516820e-03   3.5725470e-03   3.7150598e-04
   3.4771333e-02  -1.5630119e-01   3.1034976e-02   2.1412319e-03   3.0050052e-03   1.3221455e-03
   9.6175867e-02  -3.3429734e-01   2.5377504e-01   4.7539983e-03   2.9818282e-04  -7.9341897e-04
   2.4027026e-01  -3.1324024e-01   7.7111792e-01   1.1715518e-02  -2.9673596e-03  -4.2391023e-03
   1.9967504e-01  -2.3986651e-01   4.5512559e-01   5.7030800e-03  -8.2094205e-04  -1.2126612e-03
   1.7796628e-01  -3.1218675e-01   2.6833574e-01   5.1065434e-03   9.0665197e-05  -1.1511918e-03
   1.3956499e-01  -8.4883799e-02  -4.1828222e-01   4.0951458e-03   8.0544525e-04  -1.7827577e-03
   1.1387453e-01  -4.1535232e-02   3.9553046e-02   4.4514451e-03   2.0630326e-03  -9.1433505e-04
   9.7066368e-02   1.2987833e-01  -7.8311811e-02   5.8574631e-03   2.6947790e-03  -4.5334884e-04
   1.2674137e-01  -3.8769373e-01   2.7799014e-01   6.3462374e-03   3.7963091e-03  -1.6526664e-04
   1.2478614e-01  -1.1887113e-01   3.3688945e-01   4.2784410e-03   3.5169880e-03   5.4168361e-04
   1.2019616e-01  -3.4709258e-01   4.2751812e-01   4.2707852e-03   3.1937752e-03   3.2973656e-04
   9.7181889e-02  -1.7820034e-01   2.0080284e-01   5.3619497e-03   3.5358096e-03   1.5511920e-04
   9.8913456e-02   1.2396306e-01   3.8066818e-01   4.6803677e-03   4.6245440e-03   2.4782973e-04
   8.2592751e-02  -1.3226059e-01   2.9684814e-01   4.4173756e-03   4.5852430e-03   5.4613650e-04
   7.8070530e-02  -2.9393073e-01   4.4114413e-01   4.0212583e-03   4.4635830e-03   8.1814195e-04
   1.2482247e-01  -4.6653179e-02  -2.2056151e-01   4.3702805e-03   4.0666690e-03   7.6027221e-05
   1.0049730e-01   2.7413755e-01  -2.5532745e-01   3.2269601e-03   4.8413973e-03  -4.6874340e-04
   7.6588329e-02  -7.5522054e-02  -1.3372739e-01   4.6754009e-03   4.2012265e-03   1.5889672e-04
   1.0257476e-01  -2.4120113e-01   3.6330582e-01   4.9014294e-03   3.6533567e-03   1.3420633e-03
   9.3970735e-02  -1.7547293e-01   3.3190114e-01   4.5765660e-03   3.4240367e-03   1.7854940e-03
   8.5545422e-02  -1.1791468e-01   3.3590206e-01   3.7387744e-03   4.1922379e-03   1.8432376e-03
   1.1698040e-01  -2.6205212e-01   3.9071108e-01   4.2907195e-03   3.6561943e-03   1.5154693e-03
   1.0038212e-01  -1.5680787e-01   1.3872784e-01   5.6532504e-03   4.0931367e-03   4.7701274e-04
   8.0534462e-02   9.7810396e-02  -2.3407208e-01   5.8829117e-03   4.6876177e-03   3.7792661e-04
   9.1349099e-02  -2.3868613e-01   2.0827904e-02   5.5659083e-03   4.9180301e-03   6.9815383e-04
   5.6435455e-02  -8.3401402e-02  -3.8666493e-01   4.0114495e-03   4.5528203e-03   1.9988128e-04
   7.9149880e-02   1.2495492e-01   5.5111893e-02   2.9939803e-03   5.4227694e-03   1.0766367e-03
   5.4052755e-02   6.4043512e-03  -4.6718632e-02   3.9436099e-03   5.8101501e-03   9.6598512e-04
   8.2731844e-02  -3.2570087e-01   2.8733701e-01   4.4910501e-03   5.4360807e-03   1.2376199e-03
   5.8680532e-02  -9.0902429e-02   1.9671671e-02   4.3403765e-03   5.3380054e-03   9.3704041e-04
   6.2046348e-02  -3.6269310e-02   1.7110565e-02   4.2925267e-03   6.2326752e-03   9.4680416e-04
   6.5688502e-02  -5.2516871e-02   6.3092547e-02   4.3455773e-03   5.7746178e-03   1.3324162e-03
   4.1848929e-02  -5.9116161e-02   4.3847799e-02   4.3136960e-03   6.3440218e-03   1.0485347e-03
   4.1131398e-02  -2.9309099e-01   1.6223220e-01   4.5781726e-03   5.6687577e-03   1.0665325e-03
   2.1650116e-02  -2.0159012e-01   8.1067268e-02   4.6174343e-03   5.5435223e-03   8.5996431e-04
   7.4433731e-02  -2.4779293e-01   2.2433142e-01   4.4743399e-03   4.8987901e-03   1.0784602e-03
   8.3660183e-02  -1.8375465e-01   1.2778515e-01   5.6051962e-03   4.4802344e-03   8.8609488e-04
   9.8380507e-02  -8.1760162e-02   3.5154798e-01   4.5321679e-03   4.8953583e-03   1.3835314e-03
   1.0011581e-01  -2.5205659e-01   2.6682757e-01   6.4807497e-03   5.0798359e-03   1.1792654e-03
   1.2201873e-01  -1.6554305e-01   4.6875015e-01   5.3766587e-03   5.3751182e-03   1.3226913e-03
   1.0354537e-01  -1.9546621e-01   2.8525248e-01   5.5239830e-03   5.1463564e-03   1.2289171e-03
   1.0339120e-01  -1.4658169e-01   3.6706419e-01   4.9082729e-03   5.3840609e-03   1.1243520e-03
   9.5928764e-02  -2.2238259e-01   2.8447160e-01   4.7970327e-03   4.7159326e-03   1.6074424e-03
   1.0079760e-01  -1.1615946e-01   3.3403766e-01   4.8053864e-03   5.2643573e-03   1.3690817e-03
   1.5886043e-01  -5.9953059e-01   4.8357215e-01   6.1882217e-03   4.1562784e-03   9.7397323e-04
   9.5210105e-02   4.4860253e-04  -5.6564068e-01   4.4921381e-03   3.1846438e-03  -5.2290063e-04
   7.0902170e-02   5.9511855e-01  -5.1682104e-01   3.7925601e-03   4.5111018e-03  -4.4917908e-04
   3.4829575e-02   1.9667869e-03  -5.1979173e-01   3.6541060e-03   4.9198031e-03   4.2120043e-04
   4.8273178e-02  -9.1293659e-02  -4.2002593e-01   3.6974545e-03   5.0415382e-03   8.3532199e-04
   5.5067775e-02  -2.6762352e-02  -4.2086399e-01   3.5684158e-03   6.1502344e-03   6.5896675e-04
   7.0253593e-02   1.2318466e-01  -2.7147379e-01   3.0178691e-03   6.6205574e-03   8.9458910e-04
   8.3780102e-02  -2.9142357e-01   3.2367052e-02   3.4492421e-03   5.3580631e-03   1.4728669e-03
   6.7209797e-02  -2.4088057e-01  -1.4080223e-01   4.8635388e-03   5.4219250e-03   9.5819778e-04
   1.1135896e-01  -2.6430757e-01   3.5026006e-01   4.2151072e-03   5.6936590e-03   9.4291044e-04
   6.4760589e-02  -2.5860336e-01   1.1976978e-01   4.3725560e-03   5.8021460e-03   7.8331789e-04
   8.9230895e-02  -5.7180596e-02   1.7579856e-01   3.4870684e-03   5.5850739e-03   1.1818701e-03
   2.0116399e-02  -1.2612972e-01   1.7872572e-01  -7.4308941e-03  -1.8212836e-03  -2.5338308e-03
   5.7705706e-02  -1.2888266e-01   2.0167093e-01  -9.3428276e-03  -3.6592488e-03  -2.5758957e-03
   7.3054422e-02  -2.8351672e-01   1.9150459e-01  -4.4849910e-03  -2.5183367e-03  -8.2299760e-04
   7.0263528e-02  -3.4721275e-01   1.8474355e-01   2.3413545e-03   3.4177919e-04   7.8026026e-04
   8.6083222e-02  -2.3489091e-01   4.5922136e-03   2.1114934e-03   3.1708129e-04   7.9034052e-04
   7.9533022e-02   5.5842312e-02  -8.1414676e-02   2.2972881e-03   1.1022168e-03   3.3603476e-04
   8.9663412e-02  -2.3228754e-01   8.2415102e-02   1.6917670e-03   2.3766423e-03   6.9433258e-04
   2.3016141e-01  -2.7239671e-02   6.6559446e-01   9.5009047e-03  -3.2017623e-04  -2.8319687e-03
   1.7854250e-01  -1.1436728e-02   3.7352642e-01   5.4205168e-03  -1.2545344e-05  -1.2971185e-03
   1.9503922e-01   1.8357685e-01   1.9009895e-01   3.8747714e-03   3.4262261e-04  -3.9601052e-04
   1.5770108e-01   4.2321041e-02   5.1604064e-02   4.1131307e-03   1.5487848e-03  -1.7936937e-04
   1.4741926e-01  -3.2940742e-02   4.0176774e-02   2.9396044e-03   1.0193331e-03   2.3355122e-04
   1.0427066e-01  -9.2856247e-02  -6.9167440e-02   3.3706641e-03   2.6098229e-03  -6.5731345e-05
   1.2146135e-01  -1.1425112e-01   1.6295256e-01   2.1076610e-03   2.1788100e-03   5.5475144e-04
   1.0343707e-01  -3.0264156e-01   7.1588815e-02   3.7678578e-03   1.8438467e-03   3.9488423e-04
   1.1847843e-01  -5.7391131e-02   4.4877315e-03   3.3109465e-03   2.0627318e-03   2.2786174e-04
   1.0763332e-01  -5.0236645e-02  -9.7457006e-02   3.1778401e-03   2.4170828e-03   1.9477854e-04
   9.8227609e-02  -1.6146359e-01  -4.9228535e-02   3.2295085e-03   2.4743317e-03   4.2478409e-04
   8.5920400e-02  -1.4128814e-01  -1.5521718e-02   2.5734380e-03   3.1420014e-03   6.1628713e-04
   8.3625826e-02  -1.4548139e-01  -9.0140536e-02   1.9216929e-03   3.2441803e-03   5.4829594e-04
   8.2728323e-02  -9.8553858e-02  -9.0156345e-02   2.7712793e-03   3.0681768e-03   9.4872156e-04
   7.0005239e-02  -1.9320348e-01  -7.1990912e-02   2.9433550e-03   3.1480817e-03   9.4110265e-04
   8.3051937e-02  -2.4569382e-01  -1.5899192e-02   2.9321369e-03   2.7659961e-03   1.0487068e-03
   5.9078335e-02  -1.5822151e-01  -1.6335103e-01   3.4907421e-03   3.7145438e-03   9.6809184e-04
   7.3171560e-02   2.3136529e-02  -3.2848290e-01   4.1962970e-03   4.6055147e-03   1.1293552e-03
   8.9076321e-02  -4.0737370e-02  -1.6304655e-01   3.4283463e-03   4.9896756e-03   1.7327899e-03
   7.3720409e-02  -5.3917684e-02  -1.9071559e-01   3.1689754e-03   5.4672095e-03   1.8904550e-03
   8.7271116e-02  -1.5163931e-01  -1.0220685e-01   3.5756887e-03   5.5187409e-03   1.8517581e-03
   9.0132676e-02  -1.9544649e-01  -1.5964038e-01   2.9743840e-03   5.4060456e-03   2.1447320e-03
   1.0837637e-01  -1.5363819e-01  -1.5493205e-01   2.7392296e-03   5.0130775e-03   2.0608659e-03
   8.8680862e-02  -2.0919790e-01  -2.3478130e-01   3.0277392e-03   5.4400128e-03   1.9325375e-03
   9.1797746e-02  -9.4760460e-02  -2.4347021e-01   2.4870480e-03   5.5700307e-03   1.8063781e-03
   1.0718746e-01  -1.4162031e-01  -3.6313814e-01   2.2050899e-03   4.8704232e-03   1.8830864e-03
   9.1937836e-02  -2.0153452e-01  -2.9858750e-01   2.6884282e-03   5.1607891e-03   1.9044956e-03
   1.0341012e-01  -2.8615726e-01  -3.2935744e-01   2.7677853e-03   4.5286209e-03   2.2898602e-03
   9.7301838e-02  -2.8254408e-01  -3.4636011e-01   2.8007215e-03   4.3773994e-03   2.1500826e-03
   6.8263990e-02  -2.6701786e-01  -2.8413049e-01   2.2596661e-03   4.8854682e-03   1.9865882e-03
   7.5963029e-02  -2.7405399e-01  -2.9789067e-01   3.0179786e-03   4.2826937e-03   1.6320340e-03
   4.0369091e-02   5.3248107e-03  -7.2802323e-01   3.6826741e-03   4.8516963e-03   3.2048829e-04
   6.5785999e-02  -7.7146875e-02  -1.1158926e-01   4.2070072e-03   6.4046139e-03   1.2651654e-03
   7.0557679e-02  -2.2319838e-01  -2.7455060e-01   4.1203592e-03   5.5636985e-03   1.9016616e-03
   6.5088067e-02  -7.8509127e-02  -3.1036478e-01   3.0408104e-03   6.6714607e-03   1.6357332e-03
   9.2581760e-02  -1.2982239e-02  -3.0817940e-01   3.4028549e-03   5.5364854e-03   1.8321820e-03
   8.0960103e-02  -6.0723116e-02  -3.6064793e-01   2.7222287e-03   6.2842022e-03   1.8265445e-03
   1.0324455e-01  -8.3377289e-02  -2.1098611e-01   1.5065180e-03   5.5039338e-03   2.3469407e-03
   9.1793360e-02  -2.5465829e-01  -1.7105430e-01   2.5381816e-03   5.3909231e-03   1.9164778e-03
   7.1433486e-02  -1.4683896e-01  -2.8452651e-02   2.3510166e-03   5.1916548e-03   1.8632969e-03
   1.2332321e-01  -1.1500834e-01  -1.7518385e-02   3.6257516e-03   4.7076072e-03   1.2271034e-03
   1.0237530e-01  -7.5376775e-02  -5.0632680e-03   2.7671050e-03   5.4308232e-03   1.1373380e-03
   1.0150608e-01  -8.8258094e-02  -7.0077708e-02   3.0906414e-03   4.9304082e-03   1.4310771e-03
   1.0019168e-01  -1.3717275e-01  -4.0480526e-02   2.4532963e-03   4.6456390e-03   1.2835180e-03
   1.3425774e-01  -1.3523351e-01  -7.1716322e-02   3.3474342e-03   4.1236623e-03   1.2900433e-03
   1.2519714e-01  -6.6971553e-02   1.2650859e-02   3.3603292e-03   4.8309953e-03   1.4032875e-03
   1.0369686e-01  -8.3566620e-02   6.8373451e-02   1.8407143e-03   4.6507044e-03   1.2302716e-03
   9.7681888e-02  -1.4361565e-01  -9.5165529e-02   2.7907019e-03   4.1397064e-03   1.5672591e-03
   9.5405270e-02  -2.3036269e-02  -1.2129517e-01   1.8525105e-03   4.2668771e-03   1.8370802e-03
   9.2544088e-02  -1.6044323e-01  -2.4564190e-02   2.6010635e-03   4.6955481e-03   1.8191374e-03
   7.6865628e-02  -2.9885881e-01   2.0776424e-02   3.1650452e-03   5.0358122e-03   1.7013677e-03
   1.0578158e-01  -4.9691786e-01   1.1108445e-01   5.9585303e-03   4.2278660e-03   8.2336112e-04
   9.4553093e-02  -1.6885611e-01  -4.1745874e-01   3.6099540e-03   3.6879838e-03   7.8490236e-04
   1.1479677e-01   1.0741678e-01  -1.6675421e-01   2.5082454e-03   4.0069534e-03   1.4213847e-03
   8.6028521e-02  -2.4400706e-01  -1.4548375e-01   3.2003987e-03   4.4972816e-03   1.5689852e-03
   7.9754641e-02  -8.2150511e-02  -1.3059413e-01   2.1464205e-03   5.1460220e-03   1.6354334e-03
   9.8980519e-02  -2.3304831e-02  -1.8707824e-01   2.8445244e-03   4.5960212e-03   1.7837277e-03
   7.3229189e-02  -1.9126282e-01  -1.0465003e-02   2.5470288e-03   5.0090414e-03   1.9700494e-03
   1.0420428e-01  -3.3968610e-01  -2.5555417e-01   9.1395579e-03   4.3794232e-03   1.1842886e-03
   1.4448865e-01   1.1276759e-01  -4.1276404e-01   5.3477583e-03   4.8127366e-03   2.0099383e-03
   1.3560068e-01  -4.8990938e-02  -1.4023640e-01   5.0501065e-03   5.7531800e-03   2.8930911e-03
   9.6465870e-02  -1.5585452e-01  -1.1333544e-01   4.1816690e-03   5.1389777e-03   3.2074442e-03
   7.5437364e-02  -1.4477369e-01  -1.7314698e-01   3.8390064e-03   5.3841049e-03   2.8980151e-03
   9.4302516e-02  -1.0343666e-01  -9.6847367e-02   3.2477718e-03   5.8456104e-03   2.7439664e-03
   1.0693799e-01  -2.0794215e-01  -9.0618680e-02   4.4062996e-03   5.0696755e-03   2.7710088e-03
   1.0174849e-01  -1.7806954e-01  -3.5834248e-02   4.0811064e-03   4.8347044e-03   2.5985116e-03
   1.0112460e-01  -1.8673939e-01  -4.1756789e-02   4.7820299e-03   3.8596441e-03   2.7723838e-03
   9.7299612e-02  -1.3407921e-01  -1.9561856e-03   4.4986455e-03   4.3237684e-03   2.6259472e-03
   1.2623166e-01  -6.8089592e-02  -7.5054728e-02   4.7252917e-03   3.4466704e-03   2.3061485e-03
   9.3863724e-02   2.2331134e-01  -6.0418483e-01   7.5211187e-03   4.0231854e-03   9.4580930e-04
   1.0328719e-01   1.2270162e-01  -5.7950045e-01   5.3899775e-03   3.9828805e-03   1.8597488e-03
   6.6336608e-02  -2.6401725e-01  -2.7310147e-01   8.0525712e-03   3.7788238e-03   3.7114686e-03
   6.2064046e-02  -1.2930966e-01  -8.2458838e-01   7.9590951e-03   3.2105502e-03   2.4866408e-03
   1.1549732e-01   1.4495237e-01  -7.1744524e-01   8.5473111e-03   3.3255882e-03   2.5125671e-03
   1.1445380e-01   2.2148640e-02  -8.7735416e-01   7.2594308e-03   3.9984103e-03   2.5728682e-03
   1.0199702e-01   1.0508053e-01  -9.6895900e-01   5.7226300e-03   4.1199742e-03   3.3471032e-03
   1.1841502e-01   1.3634379e-03  -5.2832572e-01   5.5967339e-03   5.8643869e-03   4.0249215e-03
   8.4812311e-02  -1.5838699e-01  -3.8392204e-01   6.3145605e-03   5.2613536e-03   4.1703645e-03
   5.3410534e-02  -3.4878716e-01  -4.9691236e-01   5.1861498e-03   5.9966957e-03   3.1053041e-03
   5.9361504e-02   2.7335443e-02  -5.1277726e-01   4.7113998e-03   5.4294813e-03   3.1181058e-03
   8.7683122e-02  -5.9508359e-03  -4.1561831e-01   4.9821488e-03   5.3425756e-03   3.6460102e-03
   7.9928425e-02  -1.4829597e-01  -3.8303538e-01   4.6064940e-03   5.4131647e-03   3.8003906e-03
   8.7066476e-02  -3.2829958e-01  -2.9142194e-01   5.0303969e-03   5.0986466e-03   3.8393222e-03
   9.6016065e-02  -2.5377484e-01  -3.1356920e-01   5.9226060e-03   4.2889243e-03   3.8041444e-03
   1.0855241e-01  -9.2491106e-02  -3.8651824e-01   6.4071732e-03   4.9929447e-03   3.3780449e-03
   6.6987062e-02   1.0964999e-01  -2.7855459e-01   4.3265940e-03   6.2825864e-03   3.5754572e-03
   5.8738329e-02  -1.3604131e-01  -2.2418154e-01   4.8729754e-03   6.1709902e-03   3.9260112e-03
   5.6743684e-02  -2.3259927e-01  -1.8147182e-01   4.1717756e-03   5.8940919e-03   3.5549713e-03
   5.0721245e-02  -2.2898831e-01  -3.4591838e-01   4.0702985e-03   5.6139306e-03   3.1038094e-03
   4.3310789e-02  -3.1084763e-02  -2.7490003e-01   4.5228676e-03   6.4078587e-03   3.3645428e-03
   4.7041649e-02  -9.0699969e-02  -1.9841588e-01   4.5305461e-03   6.3134796e-03   3.7711301e-03
   4.9410387e-02  -2.7913713e-01  -5.5908317e-02   4.3982895e-03   6.0578508e-03   3.9250214e-03
   1.4978104e-01  -7.8998929e-01   5.5317852e-02   9.6520659e-03   3.2805911e-03   2.5573905e-03
   9.6746832e-02  -1.4574059e-01  -6.9940442e-01   4.7883609e-03   4.6820604e-03   1.8295517e-03
   7.8245128e-02  -1.1944553e-01  -4.1353823e-01   5.6872928e-03   5.3106012e-03   2.2471996e-03
   6.8486097e-02   2.2816031e-01  -4.9809089e-01   4.1216298e-03   4.5422124e-03   2.1273999e-03
   3.1419821e-02   3.3938249e-01  -5.6414299e-01   5.7624398e-03   5.6133402e-03   1.2144030e-03
   6.3106884e-03  -2.1465178e-02  -7.2888623e-01   5.0877365e-03   6.6941911e-03   2.0165351e-03
   1.8535114e-02   2.5672520e-04  -7.1729943e-01   5.5156757e-03   6.6197745e-03   2.0056730e-03
   8.7988427e-03  -7.9368931e-02  -6.1686895e-01   5.2148182e-03   6.6002395e-03   2.3875762e-03
   2.9577733e-02  -5.0319779e-01  -3.7383339e-01   5.9415089e-03   6.1156333e-03   4.1504916e-03
   1.1273691e-02  -2.2981415e-01  -6.8214375e-01   5.2934925e-03   6.6063633e-03   2.9518095e-03
   3.7781050e-02  -1.9157395e-01  -2.7243452e-01   5.3802230e-03   6.7547300e-03   3.8417013e-03
   7.3086650e-02  -3.2301970e-01  -2.5628470e-01   6.7487568e-03   6.1515098e-03   3.6112055e-03
   8.4404966e-03  -3.4711861e-02  -5.3646186e-01   4.1151601e-03   7.3808919e-03   2.8848808e-03
   1.4398164e-02   4.3240614e-02  -3.7701247e-01   4.4890472e-03   7.8293707e-03   3.0910823e-03
   7.8655361e-03  -7.9520522e-04  -4.0047277e-01   4.9391844e-03   7.6226032e-03   3.5803425e-03
   1.3995346e-02  -1.1997837e-01  -3.5459926e-01   4.8581566e-03   7.1620109e-03   3.8696271e-03
   3.7904235e-03  -4.4716517e-01  -2.7923644e-02   6.9318886e-03   6.7831061e-03   4.3267791e-03
   4.9780719e-03  -5.0712349e-01  -1.2052163e-01   9.6920368e-03   6.9434841e-03   3.5459174e-03
  -1.6703041e-03   5.1911301e-02   3.8061869e-02   7.6255048e-03   7.8568553e-03   3.7425006e-03
  -1.9170639e-02   4.3855035e-02  -2.1164446e-01   6.0721581e-03   8.0498898e-03   4.0561916e-03
  -9.8229111e-03  -4.4636583e-01   4.4474058e-02   7.3911274e-03   8.3806592e-03   3.9966453e-03
  -2.1065062e-02  -3.5456304e-01  -3.5836337e-01   7.3890729e-03   7.9275135e-03   3.5852554e-03
  -2.7526468e-02   5.1374126e-02  -1.2539098e-01   6.5794005e-03   8.6060058e-03   3.6900131e-03
  -2.1030118e-02   4.4175089e-02  -2.2443965e-01   7.1068553e-03   8.2486558e-03   3.9968352e-03
  -4.9428731e-02  -5.2233264e-02  -2.4547875e-01   6.3731900e-03   8.8952404e-03   3.8710258e-03
