   0.0000000e+00   0.0000000e+00   0.0000000e+00   0.0000000e+00   0.0000000e+00   0.0000000e+00
  -2.2467200e-02  -5.8436272e-02  -6.3710015e-02   1.3877208e-03   2.0687893e-04   4.6347593e-05
   1.2284325e-02  -3.0647322e-02   1.2578402e-01  -6.0826182e-04  -1.5283296e-04   5.3133556e-04
   7.8106948e-02  -3.7105212e-01   1.5834197e-01   2.3147893e-03  -9.1717374e-04   8.6892581e-04
   7.4785406e-02  -3.2378109e-01   3.2423278e-02   2.5753669e-03  -1.2666683e-03   9.9004209e-04
   2.8035359e-02   5.2051831e-03  -3.7845617e-02   9.7012286e-04  -8.3462944e-04   7.2060154e-04
   5.5950640e-02  -1.6187926e-01   4.0142879e-02   7.1005095e-05  -1.4083272e-03   6.3701000e-04
   4.0955003e-02  -2.4580148e-02   3.1170962e-02  -6.8385372e-04  -9.8524746e-04   3.8126698e-04
   5.2675776e-02  -1.1978070e-01  -4.3073957e-02  -1.4609395e-04  -1.0506457e-03   5.5741967e-04
   6.5038016e-02  -7.5011627e-02  -1.5589334e-02  -2.2231504e-04  -1.1695949e-03   5.8005422e-04
   6.8919044e-02  -3.3366427e-01  -1.1874237e-01   1.4731914e-03  -1.2398861e-03   1.6395182e-04
   4.9517259e-02  -1.4678755e-01  -1.3005880e-01  -4.1721483e-04  -1.4134305e-03   2.2689180e-05
   8.1283337e-02  -2.0493810e-01   2.3343434e-02   2.0907931e-04  -1.5416562e-03   4.0987348e-04
   6.2261551e-02  -2.8218764e-01  -1.2694952e-01   6.1236804e-04  -1.6322951e-03   7.5051835e-05
   3.3826667e-02  -1.0243359e-01   7.8009832e-02   3.6601112e-04  -1.2771560e-03   2.0143159e-04
   5.7474346e-02  -1.3754568e-01  -7.6036209e-02  -1.9124664e-04  -1.9220026e-03  -4.6789349e-05
   8.0250152e-02  -4.5521627e-02   9.6234685e-02  -1.5879742e-03  -2.0192167e-03   2.3602435e-04
   3.2464150e-02  -8.7497445e-02  -1.1062813e-01  -1.2026064e-03  -1.3713435e-03   8.9911714e-05
   5.9127598e-02  -1.6537679e-01   3.4610769e-02  -6.9027490e-04  -1.6730224e-03   1.2487411e-04
   3.1376104e-02  -1.0993832e-01  -7.5527594e-02  -8.9525383e-04  -1.2268630e-03   1.2223789e-05
   4.5015096e-02  -1.9180654e-01   4.8890284e-02  -5.2737679e-04  -1.5873342e-03   7.3885175e-06
  -7.3490830e-03  -8.6337533e-02  -3.2626339e-02  -1.0510719e-03  -1.1742854e-03  -1.2357145e-05
   4.5763285e-02  -2.5682246e-01   6.3100557e-02  -1.3653796e-03  -2.0298591e-03   2.4656938e-04
  -2.4787685e-02  -4.9693053e-02  -6.3894465e-02  -1.3843865e-03  -1.5591031e-03  -2.3956817e-04
   5.3979891e-02  -1.9011857e-01   1.2160969e-01  -2.0416661e-03  -2.1744656e-03   2.8507102e-05
   9.1240056e-02  -2.9827923e-01  -5.9299454e-02  -2.5836986e-04  -2.8377090e-03   1.0293534e-04
   2.4677660e-02   6.6522592e-02   7.0853285e-02  -1.2108143e-03  -2.3474350e-03  -2.0835962e-06
   4.5502722e-02  -2.5631514e-01   9.4724782e-03  -2.4856030e-04  -2.8791134e-03  -2.2604905e-04
  -1.0227561e-02  -3.4197274e-02   1.0174492e-01  -8.3096428e-04  -2.2175801e-03  -3.3079277e-04
   3.5000764e-02  -1.4384891e-01   1.7912359e-02  -3.5565297e-04  -2.8651942e-03   2.1021210e-06
  -1.3381273e-02  -1.6099752e-03   8.7204669e-02  -5.7025932e-04  -2.2527701e-03  -2.8929839e-04
   2.1957940e-02  -1.8655864e-01   2.0847759e-02  -9.6911148e-05  -2.8352669e-03  -1.8822052e-04
  -1.0302296e-02  -9.0742724e-02   1.0788464e-01  -5.5256742e-04  -2.4159456e-03  -3.5786521e-04
   2.3714052e-02  -2.5805058e-01   1.2861603e-02  -3.0935563e-04  -2.8473162e-03  -2.4967304e-04
  -1.6430202e-02  -7.1726765e-02   7.3021179e-02  -8.8392914e-04  -2.1806529e-03  -4.0835855e-04
   3.6693617e-02  -2.3151194e-01   2.7130527e-02  -8.3145621e-04  -2.9028938e-03   1.9901436e-05
  -1.5006248e-02  -1.4446552e-01   8.8030090e-02  -1.2886790e-03  -2.2383069e-03  -2.2107788e-04
   8.0785163e-02  -3.9022519e-01   9.1924394e-02   8.3640033e-04  -3.3228578e-03   1.7784957e-04
   3.6869741e-02  -5.7992343e-01  -2.7959241e-01   7.4485303e-03  -3.2841387e-03   4.9529771e-04
  -3.9638920e-02  -5.1999712e-02  -7.8927736e-02   7.0734220e-04  -2.3965573e-03  -2.5603619e-04
  -3.5528308e-03  -1.5229599e-01   9.0692791e-03   8.0649371e-04  -2.9054504e-03  -1.0549555e-04
  -1.2441056e-02  -9.1585891e-02  -1.9720572e-02   9.1914920e-04  -2.8762440e-03  -2.9000903e-04
   3.8266626e-02  -1.2781776e-01   6.6220831e-02   1.8814090e-04  -3.3852751e-03   2.3542983e-04
   1.2575053e-02  -6.3346822e-02  -6.4255942e-03   1.2779279e-04  -3.1251793e-03   6.6327175e-06
   4.5820194e-02  -1.6359843e-01   1.0896464e-01  -6.0474282e-04  -3.3905170e-03   4.4319347e-04
   3.9115905e-02  -2.0452196e-01  -3.5740402e-02   3.4403132e-04  -3.6689190e-03   2.4673998e-04
   6.7788188e-02  -1.8814119e-01   1.9626391e-01  -4.8195773e-04  -3.6594829e-03   6.4410702e-04
   9.9684273e-02  -2.9263834e-01  -1.6131766e-03   4.7274163e-04  -4.3711018e-03   3.3650512e-04
   8.1932231e-02  -5.2806908e-02   1.0548345e-01   1.1269001e-03  -3.9896443e-03   7.8064631e-04
   1.3076780e-01  -3.2757353e-01  -1.7160356e-02   1.2069967e-03  -4.5632811e-03   1.4882095e-03
   7.2828158e-02  -1.3355891e-01   1.1036330e-01  -3.6540149e-04  -3.8088609e-03   1.5267866e-03
   1.1187619e-01  -1.8242813e-01   7.7137599e-03   2.4969805e-04  -4.6865245e-03   1.5434139e-03
   1.0654495e-01  -6.4506364e-03   1.6549055e-01  -6.0194640e-04  -4.5439625e-03   1.6668360e-03
   8.7279410e-02  -1.8107347e-01  -6.6021705e-02   4.8345022e-04  -4.4936345e-03   1.4783532e-03
   1.2635455e-01  -4.9242842e-02   1.4499002e-01  -9.7194083e-04  -5.0332682e-03   1.7700803e-03
   6.2451053e-02  -1.6233570e-01  -6.4189419e-02   1.5156152e-03  -4.5523143e-03   1.6355768e-03
   9.9899517e-02  -1.2463452e-01   5.8263781e-02   3.1881865e-04  -4.8559507e-03   1.7620552e-03
   9.7504809e-02  -7.2503818e-02  -1.0200660e-01   7.1623788e-04  -4.6790651e-03   1.4917355e-03
   1.5069075e-01  -6.2719911e-02  -7.5607823e-02   3.6815146e-04  -5.3429283e-03   1.6653680e-03
   1.1054435e-01  -7.0400269e-02   4.1731824e-02   7.8942197e-04  -4.9145917e-03   1.6205317e-03
   1.4510945e-01  -2.4116430e-01  -8.4441831e-02   1.4187445e-03  -5.4413108e-03   1.8106925e-03
   1.1500303e-01  -6.8907049e-02   8.3699663e-02   1.2679960e-03  -4.9903199e-03   1.6166037e-03
   1.4537023e-01  -2.2048017e-01  -2.6146068e-02   1.6338082e-03  -5.7641449e-03   1.7285558e-03
   9.5147211e-02  -4.4757209e-03  -8.9831320e-02   1.3397483e-03  -4.9854032e-03   1.3791150e-03
   1.7901963e-01  -3.5478840e-01   6.1573470e-02   3.4539645e-03  -5.6206230e-03   1.2133072e-03
   1.5587325e-01  -7.7994403e-01  -3.3309686e-01   1.0557666e-02  -5.4800370e-03   9.3412092e-04
   3.8193459e-02   1.5126921e-01  -2.2257405e-01   1.8128505e-05  -3.6668713e-03   5.0203064e-04
   9.6569050e-02  -8.7846007e-02  -5.3413871e-02   1.5117348e-04  -4.3886559e-03   1.0825602e-03
   7.6027264e-02  -1.3108095e-01  -1.9726876e-01   1.4912848e-03  -4.2243456e-03   5.6676209e-04
   1.1482794e-01  -6.4547197e-02   6.8820823e-03   5.5670686e-05  -4.8287959e-03   9.5156136e-04
   1.0437341e-01  -7.0575944e-02  -1.6109038e-01   7.2102990e-05  -4.6812026e-03   8.2121478e-04
   1.3340973e-01  -5.4249079e-02   2.7905303e-03  -4.2876394e-04  -4.9443162e-03   1.0258104e-03
   1.0523518e-01  -1.0188380e-01  -1.6581294e-01   5.7691802e-04  -4.5472267e-03   6.4860120e-04
   1.2729151e-01  -1.1608927e-01   2.1587550e-02   1.3183383e-04  -4.5578056e-03   1.0103018e-03
   1.4245529e-01  -1.7232660e-01  -1.4675109e-01   4.8500059e-04  -4.8145007e-03   9.4033808e-04
   1.5306064e-01  -1.3676921e-02  -3.4907269e-02  -3.2898593e-04  -4.8723054e-03   1.0711034e-03
   1.4204005e-01  -1.4828724e-01  -1.8347089e-02  -8.3112581e-04  -5.3077621e-03   5.8036307e-04
   8.4454483e-02   5.1142637e-02  -3.8424127e-02  -1.3495248e-03  -4.6908792e-03   5.4631302e-04
   1.4979650e-01  -1.7448082e-01   4.7019132e-02  -1.0872664e-03  -5.3691131e-03   4.2580416e-04
   1.0870041e-01   1.3543119e-01  -7.6955459e-02  -1.6675316e-03  -4.6948741e-03   5.3027419e-04
   1.6008832e-01  -9.7624582e-02  -1.7649527e-02  -1.2482952e-03  -5.2544115e-03   5.9846337e-04
   1.3377318e-01  -3.1984793e-03  -1.6483417e-02  -1.2433889e-03  -5.0988096e-03   2.1261892e-04
   1.3623850e-01  -7.6695233e-02  -8.9407056e-02  -5.5338977e-04  -5.2694554e-03  -2.0191526e-04
   1.5676816e-01  -9.7050497e-03   7.6494497e-02  -2.1049320e-03  -5.5530359e-03   1.2561072e-04
   1.5751912e-01  -7.8967837e-02  -1.5417518e-01  -8.0081692e-04  -5.3638047e-03   1.3816065e-04
   1.6681988e-01   2.3834998e-02   1.4594588e-01  -1.7446984e-03  -5.3828700e-03   3.0810465e-04
   1.6491799e-01  -2.0788394e-02  -1.9892482e-01  -1.0316822e-03  -5.5847519e-03   1.0790940e-04
   1.4616364e-01   8.2231213e-02   6.1378461e-02  -2.6942284e-03  -5.2899892e-03   2.1201784e-04
   1.8295220e-01  -4.5603291e-02  -1.2695042e-01  -2.2132752e-03  -5.6979109e-03   2.2592597e-05
   1.5143148e-01   1.4365196e-01  -7.1762325e-02  -2.9189019e-03  -5.3521333e-03   2.3328035e-04
   2.0172871e-01  -1.0755229e-01   3.2409613e-02  -2.1278193e-03  -5.7960099e-03   2.4882199e-05
   1.5518472e-01   9.3545211e-02  -6.3484511e-02  -1.6404600e-03  -5.3122595e-03   3.0972133e-04
   2.1151417e-01  -9.6240078e-02   8.5885169e-02  -2.4623516e-03  -5.9973739e-03   1.6785792e-04
   1.6614543e-01   1.0503515e-02  -1.4456064e-01  -7.8308878e-04  -5.2365981e-03   6.7793629e-04
   2.0954812e-01  -4.9284085e-02   9.5067119e-02  -2.6581892e-03  -5.7901069e-03   4.9465335e-04
   1.9367998e-01   8.4312148e-02  -3.4121354e-01  -2.4295624e-03  -5.2228626e-03   6.7368285e-04
   2.2506478e-01   5.9908311e-02   1.9785670e-02  -2.6175670e-03  -5.8874446e-03   2.6360497e-04
   2.0380665e-01  -5.7103623e-04  -2.6100184e-01  -8.0356736e-04  -5.7240543e-03   3.4852383e-04
   2.0050939e-01   6.0864412e-02   1.0582932e-01  -1.7998281e-03  -5.5605294e-03   4.5015595e-04
   2.0206669e-01  -5.5368391e-02  -1.3591214e-01  -9.6316947e-04  -5.4568626e-03   2.9891648e-04
   1.9305542e-01   4.6841323e-02   4.5218664e-02  -1.2347127e-03  -5.2374803e-03   4.8896583e-04
   2.2810356e-01  -1.8050401e-01  -7.9980220e-02  -1.0718159e-03  -6.0862642e-03   2.7940416e-04
   1.9533112e-01   7.2304533e-02  -5.9757261e-02  -1.3908311e-03  -5.5505695e-03   4.9685396e-04
   2.4912995e-01  -1.3004734e-01   7.4420483e-02  -9.3477688e-04  -6.1418416e-03   4.0444899e-04
   1.9427972e-01  -7.7918519e-03   1.4663006e-02  -1.6694865e-04  -5.4123109e-03   4.0763972e-04
   2.2850067e-01  -1.6087226e-01   1.0012071e-01  -4.3909252e-04  -5.8156734e-03   1.8510231e-04
   1.8969353e-01  -1.1185143e-02  -1.0867156e-01  -4.9924091e-04  -5.7617848e-03  -1.9062021e-05
   2.4328857e-01   1.0784632e-02   9.2324073e-02  -1.2754799e-03  -6.2784988e-03   3.3719032e-04
   2.3686612e-01  -6.5884844e-02  -1.2748869e-01  -1.5955091e-04  -6.0378560e-03   6.0363460e-04
   2.6408657e-01  -1.0624686e-01   1.0163394e-01  -9.9610933e-05  -6.5041029e-03   3.8741724e-04
   1.7574262e-01  -6.5814966e-02  -4.1320511e-02   4.2275752e-04  -5.4622490e-03   1.2168167e-04
   2.4901179e-01  -1.2717276e-01   1.8487552e-01  -1.6812837e-03  -6.1984033e-03   2.7110916e-04
   2.4568489e-01  -4.5881263e-01  -3.0272770e-02   6.4503933e-03  -5.8311799e-03   2.2024754e-04
   1.9781327e-01  -3.9249991e-01  -2.4706056e-01   8.7146726e-03  -4.9860318e-03  -1.5921869e-05
   2.4223473e-01  -2.6771520e-01   1.1544608e-01   1.9627653e-03  -5.3901527e-03   8.8544825e-04
   2.0921024e-01  -1.9687781e-01  -6.7543013e-02   3.0880999e-03  -5.1358883e-03   9.0815841e-04
   2.3971353e-01  -2.5693844e-01   2.2332341e-01   3.6793010e-03  -5.6228727e-03   1.1636984e-03
   1.8567265e-01  -2.6993642e-01  -8.3050052e-02   4.3474030e-03  -4.9028278e-03   8.2479044e-04
   2.0525735e-01  -2.2176673e-01   1.6723526e-01   2.4578094e-03  -5.2201731e-03   3.0685289e-04
   1.8815948e-01  -2.3260672e-01  -1.2691131e-01   3.1739059e-03  -4.8445769e-03   3.8352402e-04
   2.1717455e-01  -1.4594244e-01   1.1719866e-01   1.9655139e-03  -5.1623928e-03   7.8474010e-04
   1.8667197e-01  -2.1041928e-01  -1.5105103e-01   3.1134840e-03  -4.9547260e-03   7.0058531e-04
   2.1575283e-01  -1.5553849e-01   1.4522966e-01   2.4350336e-03  -5.0121182e-03   1.1944467e-03
   1.5953910e-01  -3.0236922e-01  -8.1514577e-02   3.9113097e-03  -4.8530835e-03   8.2963288e-04
   1.6179583e-01  -1.0040675e-01   1.8697332e-01   2.4566116e-03  -4.7374462e-03   9.3173328e-04
   1.6584834e-01  -1.9430724e-01   1.1588330e-01   2.2650715e-03  -4.1468782e-03   9.2289944e-04
   1.3076938e-01  -3.2052038e-02   6.1184700e-02   1.2028483e-03  -3.8770685e-03   8.8190939e-04
   1.8392310e-01  -3.0956089e-01   2.7328107e-02   2.4296693e-03  -4.8137185e-03   8.7587710e-04
   1.4500679e-01  -8.5428405e-02   3.7465460e-02   2.1177015e-03  -4.2763834e-03   7.6577155e-04
   1.8238638e-01  -2.6322338e-01   7.1802652e-02   2.2246617e-03  -4.9181272e-03   6.0984300e-04
   1.4147618e-01  -1.1994473e-01   1.4899456e-01   2.9654706e-03  -4.3610713e-03   7.0229372e-04
   1.5635995e-01  -3.2629388e-01   1.2446351e-01   3.1823831e-03  -4.5412691e-03   7.5112878e-04
   1.5520742e-01  -1.2156382e-01   2.1322305e-01   2.3285308e-03  -4.3625056e-03   1.0772554e-03
   1.7143724e-01  -2.3125517e-01   4.5617165e-02   2.4625349e-03  -4.8240640e-03   9.6766874e-04
   1.6708759e-01  -1.7133781e-01   1.4994092e-01   2.3778374e-03  -4.6081924e-03   1.1412335e-03
   1.6960922e-01  -2.5859587e-01   3.0521179e-02   2.7141345e-03  -4.6272630e-03   1.0412159e-03
   1.3756015e-01  -6.7451060e-02   4.4757807e-02   2.5418134e-03  -3.9594388e-03   1.2790970e-03
   1.6325835e-01  -2.6568921e-01   1.5472119e-01   2.1823328e-03  -4.1700837e-03   9.3430353e-04
   1.6398353e-01  -1.7851449e-01   1.9821558e-02   2.9949064e-03  -4.2102820e-03   9.7640040e-04
   2.4112012e-01  -5.0129552e-01   3.4381612e-02   8.5787142e-03  -5.0623663e-03   9.1243208e-04
   2.0289536e-01  -5.9808482e-01  -1.5921851e-01   1.0099348e-02  -4.6480930e-03   3.9982309e-04
   1.9854430e-01  -3.7288317e-01   1.9006251e-02   7.1543530e-03  -4.6689313e-03   8.1832070e-04
   2.0265766e-01  -4.4410000e-01  -7.4486197e-02   6.9398813e-03  -4.7819055e-03   7.3088415e-04
   2.1232924e-01  -3.3174687e-01   1.8341868e-01   6.0363874e-03  -4.7663044e-03   1.1315348e-03
   2.1656247e-01  -4.6664806e-01  -1.1960070e-01   7.9096159e-03  -4.8467620e-03   7.5862364e-04
   2.5877089e-01  -3.6938426e-01   1.1448670e-01   5.8914117e-03  -5.5205401e-03   9.4006519e-04
   2.1926267e-01  -5.0938268e-01   3.5284325e-03   8.6579904e-03  -4.9537506e-03   9.3306943e-04
   2.5825346e-01  -5.0823134e-01   1.3193788e-01   8.5412693e-03  -5.6593135e-03   1.0007522e-03
   1.1331415e-01  -5.9999305e-01   1.8193726e-02   1.1057886e-02  -4.0509944e-03   7.0283317e-04
   1.6930516e-01  -4.8395460e-01   2.4977159e-01   9.5179712e-03  -4.3678787e-03   8.6939452e-04
   1.5276523e-01  -5.6370169e-01   4.9833500e-02   1.0806726e-02  -4.3683050e-03   6.0885732e-04
   8.3880105e-02  -5.0767265e-01   4.1097960e-02   1.2213189e-02  -3.3230968e-03   6.8667170e-04
   2.1355003e-01  -7.7262281e-01   1.9921791e-01   1.1043996e-02  -4.8090694e-03   5.0106297e-04
   2.2551819e-01  -8.7538505e-01   5.5849178e-02   1.3089586e-02  -4.6251255e-03  -2.7409820e-04
   1.6769620e-01  -4.4464259e-01   2.3401054e-02   1.2074318e-02  -4.2199154e-03   1.1722504e-04
   2.2392836e-01  -6.6882274e-01   1.2453964e-01   1.2873956e-02  -5.0475581e-03   3.5366824e-04
   1.5871573e-01  -6.1522890e-01   2.1143645e-01   1.3208713e-02  -4.0271371e-03   1.1899089e-04
   2.7031711e-01  -6.9956567e-01   2.0365829e-01   1.2502359e-02  -5.2840703e-03   9.0084291e-05
   2.4801178e-01  -7.4164718e-01   1.0720021e-01   1.4225381e-02  -4.9209429e-03   2.3625530e-04
   1.4943941e-01  -6.1609858e-01   1.7753457e-01   1.3550035e-02  -3.2389471e-03   6.6267116e-04
   1.9976313e-01  -6.5246393e-01   2.7218624e-01   1.3717953e-02  -4.0245743e-03   7.1971439e-04
   6.6867075e-02  -6.8975937e-01   2.7807674e-02   1.5035605e-02  -2.1050378e-03   5.1205450e-04
   5.2889110e-02  -1.0203705e+00   3.3228468e-02   1.9117956e-02  -1.7410778e-03   2.0891988e-04
  -6.0171599e-03  -4.6195322e-01   2.4709747e-02   8.0695171e-03  -7.7587429e-04  -3.5104572e-04
   3.6683420e-02  -7.2237368e-01   2.5424634e-01   8.2128661e-03  -1.1326866e-03  -3.8608930e-04
  -1.4628921e-02  -4.5700089e-01   1.8639728e-01   8.2463438e-03  -2.8255157e-04  -4.0547464e-04
   5.7768087e-02  -7.3622243e-01   3.8058567e-01   1.0460651e-02  -1.1483668e-03  -2.9668626e-04
   3.4275681e-02  -6.4705337e-01   3.2043183e-01   1.1377989e-02  -8.4262599e-04  -2.3354823e-05
   1.7198334e-01  -7.3622442e-01   4.3247533e-01   1.1221110e-02  -2.4280703e-03   1.2488394e-03
   1.1515831e-01  -7.2438511e-01   2.9546564e-01   1.2151863e-02  -1.8791830e-03   5.4314911e-04
   1.5429318e-01  -6.6947184e-01   5.1120870e-01   1.0449163e-02  -2.3270956e-03   1.0737941e-03
   1.1489068e-01  -5.8917792e-01   2.3767038e-01   1.1491344e-02  -1.9370884e-03   6.2901716e-04
   1.3623292e-01  -5.9015145e-01   4.6667835e-01   1.0999141e-02  -2.2444942e-03   1.1378489e-03
   1.2535228e-01  -7.0590023e-01   3.1278078e-01   1.2060860e-02  -2.1738762e-03   1.0037057e-03
   1.2558478e-01  -5.0784907e-01   4.7561255e-01   1.1218114e-02  -2.1773342e-03   9.6784664e-04
   1.2777697e-01  -7.4809571e-01   3.6447003e-01   1.2154729e-02  -2.5460635e-03   7.1944631e-04
   1.0305239e-01  -5.7364621e-01   5.6375925e-01   1.1802321e-02  -2.2961611e-03   9.9212476e-04
   1.4258094e-01  -5.6007157e-01   1.0502910e-01   1.0911822e-02  -2.3375143e-03   1.0111363e-03
   1.0514805e-01  -5.5309051e-02  -2.6718968e-01   7.3242094e-03  -1.8547948e-03   1.1783996e-03
   2.3787616e-01  -5.3763367e-01   3.1443574e-01   8.7959765e-03  -3.0758192e-03   1.8212924e-03
   1.5546605e-01  -5.3438250e-01  -2.0910359e-01   1.0259318e-02  -1.7617619e-03   2.5348780e-03
   2.6822272e-01  -2.1084797e-01  -2.1809564e-01   8.3620401e-03  -3.0786160e-03   2.6100683e-03
   1.8450860e-01  -5.4288398e-01   3.7398334e-02   9.8077304e-03  -1.5911303e-03   1.3281856e-03
   9.6818508e-02  -3.3831823e-01   1.9684155e-01   8.5435242e-03  -5.8088286e-04   1.0136176e-03
   2.2166497e-01  -7.6017958e-01   1.8058787e-01   9.4088371e-03  -3.0317812e-03   8.3372401e-04
   1.7333169e-01  -3.0985069e-01   1.8239414e-01   9.3699705e-03  -2.6857724e-03   7.9005354e-04
   1.9567920e-01  -6.2729710e-01   1.0368295e-01   1.2057746e-02  -2.8918916e-03   7.1332111e-04
   1.6489825e-01  -4.5808119e-01   2.3560653e-01   1.1460661e-02  -2.5539402e-03   9.2248629e-04
   1.6295729e-01  -6.1881807e-01   1.6094884e-01   1.1573932e-02  -2.6639650e-03   7.0192423e-04
   1.2251409e-01  -4.8216515e-01   3.6907726e-01   1.0571749e-02  -2.1730149e-03   1.1612245e-03
   1.3259048e-01  -7.4044857e-01   1.8586993e-01   1.2384678e-02  -2.3447792e-03   9.9940357e-04
   9.6776954e-02  -5.8303051e-01   2.7311369e-01   1.3025492e-02  -1.5523058e-03   7.3487903e-04
   1.6922276e-01  -7.1266980e-01   3.6159581e-01   1.2357839e-02  -2.4650315e-03   1.1066385e-03
   1.3383275e-01  -7.3074085e-01   1.7187348e-01   1.4796343e-02  -1.7002727e-03   9.3389188e-04
   1.6849746e-01  -7.0840756e-01   4.2285580e-01   1.1683514e-02  -2.2154022e-03   1.2171782e-03
   1.4064900e-01  -6.3569327e-01   3.0396021e-01   1.1681932e-02  -1.7839072e-03   1.0206732e-03
   1.7749693e-01  -7.2748048e-01   4.0766731e-01   1.1559292e-02  -2.4630090e-03   1.1362129e-03
   1.0992100e-01  -6.5230477e-01   1.0469576e-01   1.3285049e-02  -1.7745868e-03   7.5850039e-04
   1.7192616e-01  -5.6392798e-01   4.3992155e-01   1.2274413e-02  -2.4682956e-03   1.2207476e-03
   1.1412090e-01  -8.1452886e-01   1.7173740e-01   1.5277452e-02  -1.8155374e-03   8.5500650e-04
   9.6576180e-02  -6.5409090e-01   2.8966947e-01   1.3749143e-02  -1.5264550e-03   1.2321695e-03
   1.1091751e-01  -7.7457927e-01   2.5392305e-01   1.3891720e-02  -1.7677112e-03   8.1155376e-04
   1.0303395e-01  -4.9594905e-01  -2.8913283e-01   1.4293120e-02  -1.1041378e-03  -1.4312954e-04
   2.0098681e-01  -6.8662116e-01   1.7530662e-01   1.3014910e-02  -2.5503742e-03   8.6561467e-04
   1.7407580e-01  -7.1603250e-01   1.9036774e-01   1.3507824e-02  -2.5894631e-03   8.4415188e-04
   8.8611636e-02  -5.5142480e-01   1.7898126e-01   1.3557222e-02  -1.6118789e-03   1.2034138e-03
   2.3139336e-01  -6.8325947e-01   2.6493751e-01   1.2574899e-02  -3.1073298e-03   1.2079687e-03
   1.4485297e-01  -4.4146442e-01  -7.9827930e-01   1.4035937e-02  -2.2975595e-03   2.6813148e-04
   1.2173081e-01  -4.7801560e-01  -2.0476725e-01   1.2873792e-02  -1.7696934e-03   3.4618228e-04
   1.4719603e-01  -6.4553784e-01   3.9195619e-02   1.1492690e-02  -2.1565932e-03  -4.5362074e-04
   1.2934767e-01  -5.0495600e-01   6.7669442e-02   1.0810127e-02  -1.6047039e-03  -2.8362712e-05
   2.0443580e-01  -9.2676967e-01   2.2263949e-01   1.6093778e-02  -1.5679717e-03   1.3542653e-04
   1.2324975e-01  -7.5929085e-01  -1.3274268e-01   1.6695363e-02  -1.2178869e-03  -6.8775662e-04
   1.3117204e-01  -7.3825436e-01   1.1350371e-02   1.3686711e-02  -1.3800726e-03   1.6362333e-04
   1.3588063e-01  -6.4338942e-01  -2.7264134e-02   1.4019003e-02  -2.1417768e-03  -1.1937912e-04
   1.1462018e-01  -5.8445111e-01   2.4563826e-01   1.2492639e-02  -1.7333884e-03  -2.2850937e-05
   1.2761019e-01  -6.9771739e-01   7.6560759e-02   1.3823190e-02  -1.9564123e-03  -9.8183808e-05
   1.0460600e-01  -5.9563676e-01   1.7410043e-01   1.3356174e-02  -1.5536766e-03  -2.2950560e-05
   1.0682256e-01  -6.8531729e-01   2.6832641e-01   1.2874731e-02  -1.3523405e-03   6.9498413e-05
  -1.9622061e-02  -6.7752517e-01   1.7400832e-02   1.4570964e-02  -1.8830853e-04  -1.7158811e-04
   3.3936278e-02  -5.6518552e-01  -1.8716512e-01   1.4499332e-02  -4.0410038e-04   2.4255366e-04
   1.6242092e-01  -8.1854292e-01   3.6522558e-01   1.2688263e-02  -2.0269181e-03   4.0449956e-04
   1.7831972e-01  -7.9241992e-01   3.3648866e-01   1.3806907e-02  -2.2904852e-03   2.2510230e-04
   9.6860845e-02  -6.2593387e-01   4.4253923e-01   1.3278347e-02  -1.2086834e-03   4.3701388e-04
   1.8244149e-01  -7.9938000e-01   4.2357013e-01   1.3258578e-02  -2.2311266e-03   2.0691107e-04
   8.6337357e-02  -6.9415331e-01   3.0488636e-01   1.5640617e-02  -7.2628053e-04   2.6837695e-04
   1.9032980e-01  -6.9505838e-01   4.5976275e-01   1.2939103e-02  -2.2886919e-03   5.8464001e-04
   1.2324983e-01  -5.2773427e-01   9.3082104e-02   1.3259718e-02  -1.2547744e-03   3.9036599e-04
   1.6318059e-01  -5.6112546e-01   3.7384033e-01   1.1476942e-02  -2.0030368e-03   3.3127962e-04
   1.0041412e-01  -5.9630128e-01   3.0806901e-01   1.4180216e-02  -1.0001423e-03   5.0217287e-04
   1.2083629e-01  -9.7636003e-01   3.1276551e-01   1.9830368e-02  -1.2211835e-03  -6.9769668e-05
   8.5736723e-02  -8.1811732e-01   1.0097489e-01   1.4620421e-02  -9.1225607e-04  -5.7922749e-04
   1.0487842e-01  -2.8043248e-01   3.3126810e-01   6.2735821e-03  -9.3948440e-04   3.5688308e-04
   1.0724002e-01  -5.1324547e-01   2.4899790e-01   8.6763828e-03  -9.7213533e-04   2.3543928e-04
   1.0344528e-01  -3.7723603e-01   4.5635285e-01   7.3132057e-03  -9.4344093e-04   5.1715709e-04
   1.0015883e-01  -6.3722764e-01   2.3816951e-01   1.1536724e-02  -1.0006464e-03   5.4889225e-04
   1.3423306e-01  -5.4685175e-01   3.6450291e-01   1.1145952e-02  -1.0295705e-03   7.9771776e-04
   1.3545536e-01  -7.5464136e-01   4.0998956e-01   1.0437973e-02  -1.1754216e-03   5.9102394e-04
   1.4197670e-02  -5.4068402e-01   2.3405126e-02   1.2320142e-02  -3.8602575e-05   5.0911170e-04
   3.3933778e-02  -3.4747183e-01   1.2806825e-01   9.0320728e-03   1.4784444e-04   7.0469440e-04
   1.1367353e-01  -6.2736968e-01  -1.1038555e-02   1.2076807e-02  -8.6201997e-04  -2.1446955e-04
   1.0141630e-01  -2.0249586e-01  -5.7554093e-01   9.6043566e-03  -6.6983938e-04  -1.5691917e-04
   1.4739223e-01  -3.2814273e-01   1.0828879e-01   7.8059922e-03  -1.1548890e-03   1.1545955e-04
   2.1187293e-01  -6.2527312e-01   4.4679530e-01   9.1289627e-03  -2.1680328e-03  -1.4487845e-04
   1.8701727e-01  -4.5884288e-01   2.3804981e-01   1.0430625e-02  -2.0822633e-03   1.0001709e-04
   2.3350489e-01  -6.0112128e-01   2.8845680e-01   1.0804195e-02  -3.2424584e-03   2.7121073e-04
   1.7764979e-01  -4.9896658e-01   3.8333808e-01   1.2359082e-02  -2.6008468e-03   8.9206620e-05
   1.7434749e-01  -6.4549779e-01   2.7595942e-01   1.1849596e-02  -3.1978204e-03  -6.5622747e-04
   1.5369488e-01  -4.5565100e-01   4.1036405e-01   1.1953326e-02  -2.7166376e-03  -2.3728177e-04
   1.6330590e-01  -7.1465023e-01   2.3624336e-01   1.3729785e-02  -2.8912159e-03  -3.5723515e-04
   1.3240609e-01  -6.1938078e-01   5.0617790e-01   1.3479550e-02  -2.2592949e-03   5.2986401e-06
   8.9136041e-02  -6.4839640e-01   3.2461365e-02   1.2975259e-02  -1.4812570e-03  -3.5895790e-04
   1.5161131e-01  -3.5693498e-01  -1.6328896e-02   1.1438076e-02  -1.4429078e-03   5.2803522e-04
   2.6621409e-01  -6.6634339e-01   3.2504151e-01   1.2116052e-02  -3.2665174e-03   8.4486922e-04
   2.2219094e-01  -6.5282619e-01   2.6169135e-01   1.5020790e-02  -2.5766772e-03   1.0427111e-03
   2.2135820e-01  -1.0814653e+00   2.5400267e-01   2.1837081e-02  -2.4671117e-03   2.2189213e-04
   1.0297114e-01  -4.4054134e-01   1.3505821e-03   1.4683281e-02  -5.2496074e-04   2.4115976e-04
   1.0854570e-01  -4.8981112e-01   3.3533611e-01   1.0767499e-02  -3.7116770e-04   1.5579538e-05
   1.1991878e-01  -8.5137196e-01   1.4595783e-01   1.5018297e-02  -2.4677938e-04   1.8616438e-05
   5.0259410e-02  -4.1713703e-01  -1.1192121e-01   1.2292661e-02   7.1313003e-04   5.5749113e-05
   7.6366513e-02  -5.7196367e-01   5.0732079e-01   8.5037557e-03   9.8589084e-05  -3.7827496e-04
   1.4694335e-01  -7.6596438e-01   2.9654834e-01   1.2352181e-02  -8.7320376e-04  -2.7384546e-04
   1.0692994e-01  -4.5812858e-01  -1.9435803e-03   1.3209778e-02  -4.5493510e-04  -1.5285201e-04
   1.8592336e-01  -7.6279487e-01   2.9437966e-01   1.3469564e-02  -1.4946601e-03   1.0650493e-04
   8.9450361e-02  -8.3172987e-01  -6.2543724e-02   1.7192778e-02  -5.1677193e-04  -3.8036483e-05
   2.1289849e-01  -4.5351757e-01   9.5146208e-03   1.4140015e-02  -2.0962555e-03   1.6281562e-04
   2.0286609e-01  -7.4645009e-01   1.6941427e-01   1.4225429e-02  -2.1534173e-03  -1.2571176e-03
   8.4995344e-02  -1.4146042e-01  -7.9941918e-01   1.0845483e-02  -4.2772843e-04  -1.2968161e-03
   7.4314481e-02  -8.0851776e-02  -3.4268136e-01   6.8692924e-03  -1.1768774e-04  -5.9778741e-04
   1.6090821e-01  -5.0262270e-01  -1.2038174e-01   9.2074219e-03  -9.6625453e-04  -4.4075743e-04
   1.2721183e-01  -7.2352979e-02  -7.9774291e-01   9.2381613e-03  -7.2015052e-04  -4.2479115e-04
   1.9353074e-01  -4.4406374e-01   5.5562439e-02   9.4669811e-03  -1.3566588e-03  -6.8925690e-05
   1.6203002e-01  -5.8091008e-01   6.7194417e-02   1.0870713e-02  -1.0705704e-03  -2.1201611e-04
   1.6093047e-01  -3.4114849e-01   3.8576062e-01   9.4890185e-03  -1.4631805e-03   2.3181942e-04
   1.6835185e-01  -7.2413214e-01   1.2270256e-01   1.3117319e-02  -1.4606882e-03  -1.1259263e-04
   1.8022830e-01  -4.9804781e-01   4.4794388e-01   1.1699711e-02  -1.7887249e-03   3.3510319e-04
   1.6121518e-01  -7.2128835e-01   1.3156004e-01   1.3497927e-02  -1.6504475e-03  -1.1137161e-04
   1.4737915e-01  -5.4427120e-01   4.9577765e-01   1.1852969e-02  -1.3112558e-03   6.5517210e-04
   6.6899488e-02  -6.1763717e-01  -2.8458594e-01   1.3675068e-02  -6.9839619e-04  -4.6104979e-04
   1.6500982e-01  -5.9250185e-01   2.3683681e-01   1.2667090e-02  -1.4003117e-03   2.1421839e-05
   1.5445161e-01  -7.6762611e-01   2.4189522e-01   1.3694304e-02  -1.6571550e-03   2.9476101e-05
   1.5728400e-01  -5.1765898e-01   4.6560833e-01   1.3525836e-02  -1.3881960e-03   6.3187042e-04
   1.1652798e-01  -7.0640858e-01  -8.9017018e-02   1.4287030e-02  -6.6984224e-04  -2.5972146e-04
   4.2245804e-02  -2.1071577e-01  -3.7281918e-01   1.0047503e-02   8.1015964e-05  -3.8061268e-04
   9.7742211e-02  -2.8920184e-01   2.6568068e-02   7.2196233e-03  -5.3976554e-04  -1.6124759e-04
   5.8308688e-02  -5.5505137e-01   2.2849589e-02   9.9783955e-03  -4.7369399e-04  -3.0410633e-04
  -3.3076432e-02   2.8302286e-02  -6.5991034e-01   7.0601061e-03   9.3829796e-04  -3.4751687e-04
   1.1287937e-02  -2.8615673e-01  -1.2581765e-01   8.4208313e-03   5.5718309e-04  -1.0086999e-04
   1.1885084e-01  -6.2748205e-01   4.5505390e-02   1.1783492e-02  -1.1261920e-03  -4.7132703e-04
   1.1986289e-01  -3.6645153e-01  -5.0593809e-02   1.1008874e-02  -1.2720302e-03  -5.5849431e-04
   7.7128206e-02  -5.4867913e-01  -2.1091106e-01   1.3892324e-02  -2.4118045e-04  -8.1201669e-04
   2.3267429e-02  -1.6028111e-01   7.7755193e-02   3.6419658e-03   2.8920331e-04  -9.4368098e-04
   6.2031438e-02  -3.5455862e-01   7.2146843e-02   5.8014148e-03  -1.2384987e-04  -1.2079764e-03
   6.7765075e-02  -1.8417412e-01   3.5953794e-01   3.3972745e-03  -5.6162305e-04  -1.4872644e-03
   1.5859782e-01  -4.5481573e-01   1.6046903e-01   6.9232680e-03  -2.0509391e-03  -1.3154127e-03
   1.2866656e-01  -3.6060168e-01   4.4412112e-01   6.4924721e-03  -1.3991274e-03  -1.0213682e-03
   1.5650030e-01  -6.1674498e-01   8.3476955e-02   9.9225712e-03  -1.7553955e-03  -6.1152238e-04
   1.6928218e-01  -2.2796538e-01  -5.5895396e-01   9.2486613e-03  -1.5601983e-03   6.1769110e-05
   2.5814506e-01  -4.0465696e-01   1.9536950e-01   6.7494677e-03  -2.7516712e-03   4.1273758e-04
   2.5345405e-01  -4.6536436e-01   1.8973991e-01   7.2177831e-03  -2.6154527e-03   5.0405971e-05
   2.4574288e-01  -3.4002230e-01   2.0826800e-01   9.0689869e-03  -2.7629514e-03  -1.4249589e-04
   2.7267046e-01  -5.8697247e-01   3.2392506e-01   8.7703937e-03  -3.2708015e-03  -1.4865739e-04
   9.9637936e-02  -5.2162654e-01   3.2640290e-02   1.2293367e-02  -1.1978774e-03  -6.6568019e-04
   2.4786297e-01  -4.8007623e-01   4.2759410e-01   9.8827604e-03  -2.9520925e-03  -2.9357645e-04
   2.1498099e-01  -5.8861507e-01   9.4880776e-02   1.2688348e-02  -2.4048339e-03  -4.0742944e-04
   2.6908187e-01  -4.7203355e-01   5.0983841e-01   9.3234564e-03  -2.6356211e-03   3.5640827e-04
   1.8877416e-01  -6.2745982e-01   2.9206791e-01   1.1817206e-02  -1.5918907e-03   1.7096608e-04
   2.5076034e-01  -4.0879543e-01   5.8427541e-02   9.7616244e-03  -2.7564194e-03   1.4622710e-04
   2.6510285e-01  -3.5939207e-01   4.0953410e-01   8.9224660e-03  -2.5459224e-03   6.2559825e-04
   1.6035657e-01  -7.1950972e-01   4.6848195e-02   1.4348216e-02  -1.7569940e-03  -9.7860035e-05
   7.9678958e-02  -4.4388805e-01  -1.7665239e-01   1.2991601e-02  -3.9490121e-04  -7.0594193e-05
   2.4818692e-01  -5.9532596e-01   5.8977452e-01   8.7450794e-03  -2.8396612e-03   7.0777700e-05
   8.1472606e-02  -6.3491243e-01  -1.8023437e-01   1.4800830e-02  -7.4455110e-04  -6.8376860e-04
   4.0355412e-02  -4.3052003e-01  -2.3602654e-01   1.3200856e-02   1.9000199e-04  -1.0568276e-03
   9.2729330e-02  -2.5214521e-01   1.9735095e-01   6.8426938e-03  -8.3280498e-04  -3.8493358e-04
   2.0921372e-01  -5.0435303e-01   2.3013442e-01   8.8985688e-03  -2.3794363e-03  -8.4055973e-04
   1.8792171e-01  -4.0287716e-01   1.3343726e-01   1.1315835e-02  -1.9860906e-03  -3.8381344e-04
   2.8931166e-01  -5.6512267e-01   1.9022633e-01   1.3712913e-02  -4.1122715e-03  -3.0399485e-04
   2.2413443e-01  -5.1810331e-01   2.0905372e-01   1.3256831e-02  -3.5029575e-03  -3.0571189e-04
   4.1924885e-01  -1.1456451e+00   5.3872069e-01   1.4739073e-02  -7.4026708e-03  -4.3910799e-04
   3.4887584e-01  -8.3296364e-01   1.4062643e-01   1.5279219e-02  -6.2801955e-03  -5.6939525e-04
   2.0953967e-01  -1.2394431e-01   1.7901482e-02   1.0221923e-02  -4.0499426e-03   1.0196766e-04
   2.3525786e-01  -6.0429004e-01  -5.3337514e-02   1.3686609e-02  -4.3821971e-03  -1.3849075e-04
   1.7909290e-01  -5.7674533e-01   4.6515055e-02   1.3947601e-02  -3.2894512e-03  -4.9077181e-04
   1.3722126e-01  -3.0488442e-01   2.4115066e-01   7.0032813e-03  -2.9187275e-03  -2.9994773e-04
   1.2196243e-01  -5.5747658e-01   1.9414261e-01   8.8789180e-03  -2.4899487e-03  -3.6614621e-04
   1.2500610e-01  -3.7563640e-01   3.4263744e-01   9.5236915e-03  -2.4045073e-03   1.4986425e-04
   1.4490488e-01  -6.6515526e-01   3.0095658e-01   1.1043632e-02  -2.9044528e-03   3.9394983e-04
   8.6480079e-02  -4.2968362e-01   2.6815261e-01   1.0370333e-02  -2.1108427e-03   1.3852747e-04
   9.6140039e-02  -3.6450650e-01   4.0140813e-01   9.0662970e-03  -1.9012520e-03   2.2506346e-04
   1.4925947e-01  -1.9457924e-01   1.3558817e-01   5.3551505e-03  -2.3293187e-03   2.5430859e-05
   1.5161135e-01   4.0195814e-01  -5.6261502e-01   3.5485536e-04  -1.9717149e-03   3.7338325e-04
   2.0005515e-01  -1.9389828e-02   2.8471941e-01  -6.6619788e-04  -2.3646872e-03   2.6153232e-04
   1.4344091e-01  -1.5329846e-01   2.0654884e-01   2.5865042e-03  -2.3780987e-03  -3.4054161e-04
   2.3328735e-01  -2.4536691e-01   3.9498960e-01   3.2192536e-03  -4.4956361e-03  -4.1014238e-04
   2.1696732e-01  -2.7088676e-01   7.2132407e-02   6.5274454e-03  -4.3456946e-03  -7.3405959e-04
   2.3805748e-01  -2.0971335e-01   3.0184317e-01   5.7956139e-03  -4.6078508e-03  -1.0001678e-03
   2.1442503e-01  -3.3212702e-01   1.7668341e-01   6.3170579e-03  -4.2780970e-03  -4.3378743e-04
   2.3784801e-01  -2.8119018e-01   2.9439224e-01   5.3273770e-03  -4.7059646e-03  -2.8116646e-04
   2.0822760e-01  -3.6368026e-01   2.6228897e-01   8.4899835e-03  -4.2061996e-03  -1.7237268e-05
   2.4901285e-01  -4.9331374e-01   2.9795274e-01   9.1311714e-03  -4.5463315e-03  -3.0631750e-04
