   0.0000000e+00   0.0000000e+00   0.0000000e+00   0.0000000e+00   0.0000000e+00   0.0000000e+00
  -4.4162351e-02   1.2852577e-01  -2.4897509e-01  -6.5968897e-04  -4.3784632e-04  -1.7892424e-04
  -4.0080033e-02  -7.1200095e-02  -6.1200878e-02   1.1424269e-03   5.1411605e-04   2.1499234e-04
  -5.4591163e-02   3.4401108e-02  -7.7638995e-02   2.7017055e-04   9.2821582e-04   8.3608296e-05
  -3.8736670e-02   7.6386018e-02  -2.1752446e-01   9.3428353e-05  -4.5845040e-04  -1.1988200e-04
  -4.3065565e-02   2.0088942e-01  -8.3124480e-02  -6.8221688e-04   3.3776496e-04  -2.9930526e-04
  -1.6245884e-02   5.3214277e-02  -1.1104317e-01  -8.7334371e-04  -3.5657949e-04  -6.2310535e-04
  -2.6456293e-02   6.3025898e-02  -1.8321668e-01  -3.8501519e-04  -6.5630609e-04  -5.0212943e-04
  -8.9448770e-03   3.8052597e-02  -1.4029487e-01  -4.0346322e-05  -3.9729089e-04  -5.0875376e-04
  -1.6057587e-02   9.6828795e-02  -4.9253384e-02  -7.4379543e-04   4.7489235e-04  -5.1062601e-04
  -1.0589078e-02  -9.1667305e-02  -2.6604810e-01  -9.2789824e-07  -3.0788077e-04   1.2605138e-05
   3.3484285e-02   3.5595543e-01  -3.7702696e-01  -8.4773779e-04  -1.7077140e-03  -2.9066022e-04
   1.4472979e-02   4.9310384e-04  -2.2004385e-01   2.6123212e-04  -5.0592924e-04  -5.5274638e-04
  -1.7012528e-02   8.9326825e-03  -3.3694710e-01   2.9983504e-04  -6.1021767e-04  -5.1542567e-04
   6.7988194e-03  -1.6160365e-02  -1.4896270e-01   7.5426149e-04   2.4496259e-04  -1.4404946e-04
  -2.1296294e-02   6.2084777e-02  -2.6919808e-01   2.4293186e-05  -2.1252410e-04  -3.4489722e-04
   1.4223643e-02   5.5661522e-02  -9.4745661e-02   4.6380863e-04  -1.9559622e-04  -1.9121143e-04
  -1.6654347e-02   6.1510383e-02  -2.2679124e-01  -5.4463584e-04  -5.4178896e-04  -4.4156389e-04
   4.1678071e-03  -5.1738427e-02  -1.8218580e-01   1.2605021e-04  -1.1198109e-03  -5.9588121e-04
  -3.1070636e-02   5.6555111e-02  -1.2497024e-01  -3.0024164e-04  -1.3390399e-05  -1.1469451e-03
  -6.6061261e-02  -2.5713881e-02  -2.1989516e-01  -3.0313614e-04  -1.1440631e-04  -9.4578542e-04
  -5.2124142e-02   1.7621473e-01  -1.3677827e-01  -1.1186487e-03  -4.2389660e-04  -1.2932161e-03
  -6.3379531e-02   1.4947567e-01  -2.5239979e-01  -1.7910790e-03  -1.1144359e-03  -1.9124552e-03
  -7.1846358e-02   1.1852978e-01  -2.9849545e-01  -8.4749598e-04  -1.0480018e-03  -2.0188386e-03
  -4.6520662e-02   1.7414571e-01  -2.1488909e-01  -1.0509289e-03  -9.3960307e-04  -1.7938287e-03
  -3.7099221e-02   9.9938146e-02  -1.1888780e-01  -5.4182863e-04  -3.0704119e-04  -1.7736310e-03
  -4.5184557e-02   1.3527032e-02  -2.1608276e-01  -7.1845499e-04  -4.2533477e-04  -1.7549702e-03
  -5.1706614e-02   1.2106657e-01  -2.6813091e-01  -8.3415439e-04  -6.1201712e-04  -1.4114437e-03
  -6.5440731e-03   1.8641317e-01  -1.4383316e-01  -8.1585485e-04  -9.2948453e-04  -1.4429947e-03
  -3.1236307e-02   1.1810954e-01  -1.4491964e-01  -1.3397616e-03  -9.5612760e-04  -2.0219489e-03
  -4.7679197e-02   1.3487358e-01  -1.6290499e-01  -1.8998946e-03  -9.9343609e-04  -2.2270096e-03
  -3.3974102e-02   1.5380605e-01  -2.2389551e-01  -8.8822262e-04  -1.5785109e-03  -2.0744549e-03
  -4.5765854e-02   1.1380889e-01  -1.2798613e-01  -2.8556788e-04  -9.2072557e-04  -2.1733185e-03
  -7.6940876e-02   2.8047816e-01  -1.0667056e-01  -2.0123841e-03  -7.1214070e-04  -2.6188080e-03
  -7.9582499e-02   1.3038453e-01  -2.1781463e-01  -2.3376565e-03  -9.2788827e-04  -2.6069741e-03
  -4.6334180e-02   1.2447558e-01  -1.3163214e-01  -1.1078843e-03  -1.5090281e-03  -2.8467908e-03
  -3.9916308e-02   5.0958140e-02  -1.0268286e-01  -4.4450699e-04  -6.7664553e-04  -2.6825493e-03
  -5.7162718e-02   1.1568208e-01  -2.8731018e-01  -1.6792753e-03  -1.1516552e-03  -2.1500400e-03
  -7.5893148e-02   2.1674565e-01  -2.1389206e-01  -2.1123101e-03  -8.4456602e-04  -2.4896849e-03
  -6.7898320e-02   1.7064040e-01  -1.5247266e-01  -1.7759746e-03  -1.0582522e-03  -2.5968764e-03
  -6.3615718e-02   2.2828251e-01  -2.4042650e-01  -2.5905558e-03  -1.3396605e-03  -2.5928865e-03
  -8.8143644e-02   1.6234584e-01  -2.7136912e-01  -2.2231891e-03  -1.2039106e-03  -2.5771035e-03
  -7.5806838e-02   1.4978154e-01  -2.0628507e-01  -2.0592479e-03  -1.1285510e-03  -2.0321394e-03
  -6.7235436e-02   9.8010702e-02  -1.2407143e-01  -1.1424592e-03  -6.0084130e-04  -1.9398640e-03
  -6.3743859e-02  -7.9306920e-02  -1.4919962e-01   2.2061437e-04   2.4940412e-06  -2.2543893e-03
  -8.0185665e-02  -2.3236382e-01  -1.1828035e-01   1.4492459e-03  -5.7647116e-04  -1.8241291e-03
  -6.0793724e-02   5.7848098e-01  -2.8476428e-01  -2.8208509e-03  -1.9489825e-03  -1.2452035e-03
  -4.2545734e-02   2.0293792e-01  -2.4988561e-01  -3.1818442e-03  -1.9162934e-03  -1.3203131e-03
  -9.0217003e-02   2.3132018e-01  -3.0936903e-01  -2.9922314e-03  -1.8040871e-03  -2.5066672e-03
  -7.8036674e-02   2.2409070e-01  -2.1753920e-01  -1.0374985e-03  -1.9159125e-03  -2.3206221e-03
  -7.6202583e-02   1.2900522e-01  -1.0458450e-01  -1.2196200e-03  -1.8616467e-03  -2.3110199e-03
  -4.2069733e-02   6.6561058e-02  -1.1017525e-01  -3.3137791e-04  -2.3362823e-03  -2.3947370e-03
  -4.1653666e-02   3.0827018e-02   4.1134590e-02   1.8526556e-05  -1.2497951e-03  -2.2100852e-03
  -6.7603906e-02  -8.3822411e-02  -6.2997148e-02   6.7505611e-05  -1.0424973e-03  -2.6061075e-03
  -1.9646498e-02  -2.6492633e-01  -1.5434332e-02   3.6185894e-03  -1.7510548e-03  -2.4622429e-03
  -6.7382557e-02   2.5657914e-01  -1.8681118e-02  -1.1068188e-03  -1.1507480e-03  -2.5060214e-03
  -7.9385193e-02   1.2617371e-01  -2.0478953e-01  -9.3026607e-04  -1.7062750e-03  -2.4690152e-03
  -9.6733634e-02   3.1523091e-01  -1.0761910e-01  -1.5310266e-03  -1.2583221e-03  -2.5838592e-03
  -9.2947405e-02   1.7860797e-01  -1.6911229e-01  -1.3889473e-03  -1.2163734e-03  -3.2412453e-03
  -9.8095851e-02   9.9967257e-02  -2.1624746e-01  -9.2081390e-04  -1.5334520e-03  -3.2362932e-03
  -9.9660503e-02   2.0053935e-01  -7.5432747e-02  -1.3774231e-03  -1.3008838e-03  -3.4063553e-03
  -6.5986999e-02   1.3551248e-01   2.8431744e-02  -1.1700870e-03  -9.5889801e-04  -3.4090415e-03
  -6.6585187e-02   1.2556443e-01  -1.6294350e-01  -8.5456884e-04  -2.1148259e-03  -3.2548157e-03
  -5.3358285e-02   1.0929496e-01   6.0310338e-02   6.5421469e-04  -1.4966888e-03  -3.2584336e-03
  -7.0167187e-02   1.2892234e-01  -1.9646695e-01  -1.6628393e-03  -2.2339446e-03  -3.6051052e-03
  -8.3504181e-02   1.5224699e-01  -1.9550743e-01  -1.7524935e-03  -2.0875068e-03  -3.4656612e-03
  -7.4048920e-02   1.6606673e-01  -1.0039106e-01  -6.2962314e-04  -1.1453907e-03  -3.0553794e-03
  -4.7231975e-02   5.0281682e-02  -2.9028010e-01   6.9583651e-04  -1.9890889e-03  -1.7863503e-03
   4.9689343e-03   1.4238380e-01  -4.8348737e-01   9.0992778e-04  -3.3200306e-03  -2.5263839e-03
  -7.0580586e-04   9.0448244e-02  -6.1899702e-01   1.1082725e-03  -3.1674799e-03  -2.1409381e-03
  -4.6032427e-02  -2.5841181e-01  -3.7353944e-01   4.2648241e-03  -4.6423221e-04  -2.3136885e-03
  -7.7452318e-02  -2.4110318e-02  -4.6850981e-01   1.9592133e-03  -6.5675134e-04  -2.1562579e-03
  -9.0313490e-02  -1.1290199e-01  -3.0345330e-01   3.7843845e-03   1.4101289e-04  -2.4842337e-03
  -1.0859825e-01   1.6189563e-01  -3.4717321e-01   5.2212575e-04  -2.3879691e-04  -2.4540620e-03
  -9.7654458e-02   1.0645756e-01  -3.8853553e-01  -8.6886095e-04  -3.4110930e-04  -1.6441243e-03
  -3.6105320e-02   2.2876879e-01  -2.7468248e-01  -1.5617432e-03  -9.1204207e-04  -1.2409755e-03
  -8.6343302e-02   3.0999496e-01  -3.0451443e-01  -1.1973207e-03  -1.0042220e-03  -2.3970567e-03
  -8.4633947e-02   1.9265015e-01  -2.7019672e-01  -1.1619732e-03  -1.2911958e-03  -2.6257229e-03
  -5.6290391e-02   1.8009602e-01  -1.7261498e-01  -1.9102755e-03  -1.1185112e-03  -2.3326738e-03
  -1.0873945e-01   1.6339514e-01  -1.9141400e-01  -2.3166008e-03  -3.1380673e-04  -2.4378384e-03
  -7.2460626e-02   1.8567387e-01  -2.7169510e-01  -2.0590589e-03  -1.2761784e-03  -2.2253181e-03
  -6.7966420e-02   6.6690719e-02  -1.5333717e-01  -8.7088928e-04  -7.8131424e-04  -1.8578119e-03
  -8.0575171e-02   6.2002701e-02  -1.5214124e-01  -5.8017540e-06   6.9117511e-06  -2.4231090e-03
  -5.1886696e-02   4.1245101e-02  -3.8954959e-01  -9.4416826e-04  -1.4691649e-03  -1.4040062e-03
  -1.2707160e-02   4.9524206e-01  -5.5029477e-01  -1.8208206e-03  -3.2555831e-03  -1.7485619e-03
  -3.8805641e-02   8.8046922e-02  -3.5521779e-01  -6.3191594e-04  -1.8049413e-03  -1.9772934e-03
  -7.9721516e-02   9.0934727e-02  -4.1573327e-01  -1.4979121e-03  -1.2345562e-03  -2.1017845e-03
  -6.9773555e-02   2.4204292e-01  -4.2642524e-01  -1.5870731e-03  -1.1870141e-03  -1.2158858e-03
  -4.7712136e-02   2.6843287e-01  -2.4550159e-01  -1.6911746e-03  -1.1364445e-03  -1.1725226e-03
  -8.2804449e-02   1.2851132e-01  -2.4976605e-01  -1.7057028e-03  -5.4823746e-04  -1.5325278e-03
  -7.1226127e-02   2.0874741e-01  -3.4189785e-01  -1.5886502e-03  -1.4021401e-03  -1.6093820e-03
  -4.4909234e-02   2.0212702e-01  -1.7027333e-01  -1.1430067e-03  -1.0462177e-03  -1.3842712e-03
  -7.1929883e-02   1.2213794e-01  -2.1527440e-01  -1.6453929e-03  -4.6556657e-05  -1.5105528e-03
  -8.0822118e-02   2.0027435e-01  -3.4939917e-01  -1.8174190e-03  -6.9343477e-04  -1.1169873e-03
  -4.8537267e-02   3.2415269e-01  -2.8231335e-01  -2.3860267e-03  -9.9849796e-04  -6.3433270e-04
  -7.6948329e-02   2.3574926e-01  -2.6776461e-01  -2.4451258e-03  -4.4160748e-04  -8.5095132e-04
  -8.5678848e-02   1.8264284e-01  -2.7196910e-01  -2.0251546e-03  -1.3579289e-04  -1.0556077e-03
  -1.1393125e-01   2.8466851e-01  -3.9877849e-01  -2.5376168e-03  -2.8267045e-04  -1.4376391e-03
  -9.2574943e-02   3.2725005e-01  -3.8394347e-01  -1.9129388e-03  -7.1486118e-04  -1.1502054e-03
  -7.1137095e-02   3.2276005e-01  -2.4558998e-01  -2.4549363e-03  -5.6742482e-04  -1.0210567e-03
  -1.0780850e-01   1.3968838e-01  -3.0076258e-01  -1.9770119e-03  -3.3195336e-05  -1.8750893e-03
  -1.0889775e-01  -2.0229418e-02  -4.6128619e-01   9.0532310e-05  -9.0247207e-05  -1.3075665e-03
  -2.9674183e-02   3.6701466e-01  -6.1537953e-01  -8.7569292e-04  -2.2957418e-03  -1.1800529e-03
  -1.4252169e-02   1.7542721e-01  -7.9682802e-01  -8.3947641e-05  -1.9752742e-03  -1.0271098e-03
  -3.0332197e-02   2.3148653e-02  -5.3039655e-01   1.2896847e-03  -8.7785336e-04  -1.7281709e-03
  -8.1372018e-02   8.9382563e-02  -5.8726214e-01  -8.7741903e-05  -3.5966457e-04  -1.7043400e-03
  -6.4106039e-02   1.0661957e-01  -5.3994972e-01   1.9142916e-04  -1.3050445e-03  -1.8279932e-03
  -3.8149580e-02   1.8249471e-01  -3.7840800e-01  -3.4978906e-04  -5.0918517e-04  -1.3936208e-03
  -5.5149034e-02   1.9142076e-01  -5.1474988e-01  -6.9019058e-05  -9.8446966e-04  -1.2031143e-03
  -7.0795644e-02   1.9704441e-01  -4.7464714e-01  -7.1834378e-04  -6.0491864e-04  -1.4385432e-03
  -7.3238233e-02   2.2790101e-01  -4.2399456e-01  -1.2933019e-03  -4.3404861e-04  -1.4183444e-03
  -6.1684187e-02   1.5328668e-01  -5.0958022e-01  -1.3986826e-03  -7.2701398e-04  -1.2425582e-03
  -6.1023156e-02   1.0947395e-01  -4.6989085e-01  -8.1216143e-04  -6.8172286e-04  -1.3064601e-03
  -5.8205151e-02   1.4133801e-01  -3.3353738e-01  -3.7192592e-04   2.1050719e-04  -1.1323302e-03
  -8.6469744e-02   4.0021287e-02  -4.7275338e-01  -1.1253366e-04  -3.1436136e-04  -1.2843554e-03
  -7.3173859e-02   2.8151030e-01  -3.2110572e-01  -1.1709187e-03  -2.6477937e-04  -1.3454749e-03
  -1.0341538e-01   1.5693278e-01  -3.8512398e-01  -1.8783328e-03  -1.5654262e-04  -1.6534833e-03
  -1.0788323e-01   2.7889872e-01  -4.0182678e-01  -9.5171065e-04  -6.2246189e-04  -2.0422934e-03
  -1.1447609e-01   3.1978309e-01  -3.3671874e-01  -1.8514948e-03  -1.6366088e-04  -1.9677303e-03
  -1.3227526e-01   2.6149651e-01  -4.8671778e-01  -2.1202502e-03  -3.2794669e-04  -2.3412521e-03
  -1.1528728e-01   1.5466277e-01  -4.4599327e-01  -9.8115972e-04  -6.6465081e-04  -2.2132568e-03
  -1.0851953e-01   2.6543055e-02  -2.9736426e-01   2.4376817e-04   9.5814299e-04  -1.9071254e-03
  -8.0235048e-02  -6.3963572e-01   7.7502610e-02   5.5534775e-03   1.7086178e-03  -4.2276265e-04
  -1.1387870e-01   4.5960077e-01  -4.1200448e-01  -6.1607486e-04  -7.3766188e-04  -5.1203316e-04
  -8.7890550e-02   4.0150350e-01  -5.0279145e-01  -2.1756373e-03  -1.7402428e-03  -1.4178808e-03
  -1.4868499e-01   2.4613297e-01  -4.8514225e-01  -1.4653765e-03  -4.9546011e-04  -2.0798861e-03
  -1.4021832e-01   2.0199370e-01  -3.9079863e-01  -1.6553433e-03   1.8178596e-04  -2.3712840e-03
  -1.4251403e-01   1.4680408e-01  -3.8567916e-01  -1.0012137e-03  -3.0062123e-04  -2.4140845e-03
  -1.1608262e-01   2.5444770e-01  -3.0313972e-01  -1.6822671e-03  -6.7812312e-04  -2.1798209e-03
  -1.0147724e-01   1.0096513e-01  -2.5527926e-01  -4.0875971e-04  -4.0036064e-04  -2.3874595e-03
  -1.2636830e-01   1.8715243e-01  -3.1537551e-01  -1.1048352e-03  -5.2096121e-04  -2.3132944e-03
  -1.3946729e-01   1.1983024e-01  -1.9015023e-01  -9.8238197e-04   6.0410714e-04  -2.3833334e-03
  -1.2276593e-01   1.0303762e-01  -3.4362153e-01  -8.2940322e-04  -4.2401574e-04  -2.2465319e-03
  -1.3856440e-01   2.7493024e-01  -1.7069412e-01  -1.8742946e-03   5.3540364e-04  -2.8854887e-03
  -1.3698050e-01   1.6825901e-01  -3.5125146e-01  -1.5593988e-03  -2.2754659e-04  -2.8839800e-03
  -1.5778216e-01   3.1233205e-01  -2.5915515e-01  -1.6522360e-03   7.1643216e-04  -2.7787591e-03
  -1.7400378e-01   2.4005866e-01  -2.5205578e-01  -1.9913349e-03   1.1127023e-03  -3.2378587e-03
  -1.4848476e-01   2.3342802e-01  -3.4044892e-01  -1.8374738e-03   2.1942326e-04  -3.5203473e-03
  -1.5629349e-01   2.8277588e-01  -3.4027580e-01  -1.6045985e-03   3.4213053e-05  -3.3602098e-03
  -1.6050425e-01   3.3235839e-01  -2.5833339e-01  -1.8923700e-03   8.5978055e-04  -2.6612617e-03
  -1.4593002e-01   2.0655264e-01  -2.5168832e-01  -9.1398338e-04   8.9069181e-04  -3.0293977e-03
  -1.6027300e-01   1.5383884e-01  -3.7781401e-01   1.2634874e-04  -9.3725458e-05  -3.5229306e-03
  -1.4561622e-01   2.1748925e-01  -1.5084479e-01  -2.5586600e-04   5.7198686e-04  -3.1991184e-03
  -1.2854278e-01   2.9236196e-01  -3.1144978e-01  -1.1479406e-03  -2.5384448e-04  -3.0970289e-03
  -1.4555829e-01   2.5272258e-01  -3.0329324e-01  -1.3971715e-03  -1.4776009e-04  -3.0495491e-03
  -1.3742639e-01   2.9112161e-01  -2.0014247e-01  -1.7890186e-03   1.8908277e-05  -2.7470770e-03
  -1.8152253e-01   3.1283590e-01  -2.4283642e-01  -2.5077987e-03   6.1045934e-04  -3.0455217e-03
  -1.4153964e-01   2.0841519e-01  -2.0594386e-01  -1.9946814e-03   2.4444880e-04  -2.9547702e-03
  -1.6091226e-01   1.0945884e-01  -2.2406729e-01  -1.7640296e-04   4.9634638e-04  -2.8745726e-03
  -1.5380121e-01   3.1941763e-01  -1.6184214e-01  -1.7393614e-03   9.3475682e-04  -2.9736562e-03
  -1.5064962e-01   1.6625140e-01  -3.5365462e-01  -7.3916758e-04   1.2697792e-05  -3.0638623e-03
  -1.5967444e-01   2.2296525e-01  -1.7569052e-01  -5.1343735e-04   1.0451725e-03  -2.7876189e-03
  -1.5909144e-01   2.7094035e-01  -3.0792021e-01  -1.2842202e-03   6.3282938e-04  -3.1090362e-03
  -1.7317613e-01   2.8787195e-01  -3.1556457e-01  -1.7881436e-03   4.9234091e-04  -2.9726883e-03
  -1.4316877e-01   2.7581554e-01  -2.2018545e-01  -4.2802092e-04   7.2808006e-04  -2.6032571e-03
  -1.5320468e-01   2.3531735e-01  -3.3545964e-01  -1.5268237e-03   4.8826245e-04  -3.0051652e-03
  -1.4506268e-01   1.4593465e-01  -2.6323833e-01  -1.2714475e-03   3.8825025e-04  -2.5673064e-03
  -1.4949722e-01   2.7381623e-01  -1.6644128e-01  -1.8551282e-03   1.1652985e-03  -2.7595829e-03
  -1.6063746e-01   2.2615483e-01  -2.9674847e-01  -2.0188498e-03   5.5042676e-04  -2.5343578e-03
  -1.4119200e-01   3.3974368e-01  -1.7390064e-01  -1.5850962e-03   1.7796344e-04  -2.7277026e-03
  -1.3884000e-01   1.4554377e-01  -1.5884488e-01  -8.1729198e-04   3.6112367e-04  -3.0263068e-03
  -1.3888291e-01   2.2678276e-01  -2.8485406e-01  -1.9280951e-03  -1.4867073e-04  -3.1678354e-03
  -1.4270399e-01  -7.9688964e-02   2.7980700e-02   1.2695087e-03   1.2952696e-03  -3.0852969e-03
  -1.3081585e-01   2.6899031e-01  -3.4435007e-01  -2.1245460e-03  -3.7846142e-04  -1.5595142e-03
  -1.5861270e-01   5.1497654e-01  -4.5557616e-01  -4.9272000e-04  -5.1957765e-04  -2.1013071e-03
  -1.3139591e-01   2.3771097e-01  -6.5144566e-01  -8.0280115e-05  -4.4030576e-04  -2.0093521e-03
  -1.2228233e-01   3.5643328e-01  -7.7874314e-01  -1.7935059e-03  -3.6267161e-04  -1.0622787e-03
  -1.7422592e-01   8.2145553e-02  -5.4606379e-01   5.7506769e-04   1.5875447e-03  -1.4467828e-03
  -1.6245666e-01   8.0650582e-02  -5.4520945e-01   3.8543980e-04   1.2117002e-03  -6.8574543e-04
  -1.4739230e-01   5.7550952e-02  -4.0659147e-01   6.0944117e-04   8.8955380e-04  -1.4029465e-03
  -1.5385314e-01   1.7756957e-01  -2.3350461e-01  -9.1035150e-05   2.0667103e-03  -1.4893879e-03
  -1.7089386e-01   2.0527531e-01  -4.6733368e-01  -1.3997653e-03   8.8593854e-04  -1.6150269e-03
  -1.6979716e-01   2.3771893e-01  -3.4110629e-01  -3.3056107e-04   1.1539626e-03  -1.5852398e-03
  -1.8598591e-01   2.6261617e-01  -3.6506705e-01  -1.6377206e-03   1.4074761e-03  -1.9468369e-03
  -1.9108346e-01   2.6095025e-01  -5.0286727e-01  -1.7573348e-03   9.6853743e-04  -2.1428207e-03
  -1.7428047e-01   2.5483382e-01  -4.1373046e-01  -8.8992345e-04   1.2170461e-03  -1.5118498e-03
  -1.9028316e-01   2.0732892e-01  -2.7105327e-01  -1.6757657e-03   2.0613352e-03  -1.6529669e-03
  -1.7872442e-01   2.2503835e-01  -3.9377525e-01  -1.8608886e-03   7.4754442e-04  -1.6470210e-03
  -1.6708427e-01   2.1943154e-01  -2.8546281e-01  -3.8592743e-04   5.7226365e-04  -1.8876989e-03
  -1.6416531e-01   3.4887079e-01  -2.4173707e-01  -2.0206721e-03   1.0243753e-03  -1.5455418e-03
  -1.7528009e-01   2.7507537e-01  -3.9006805e-01  -2.0503043e-03   5.1294842e-04  -1.3995858e-03
  -1.6065638e-01   5.8493701e-02  -1.2534718e-01   1.5413021e-03   1.9148092e-03  -1.5189349e-03
  -2.1393348e-01  -2.6543208e-01  -1.9544028e-01   4.6600167e-03   2.2522324e-03  -2.2356828e-05
  -2.0519005e-01   6.6517042e-01  -4.3231510e-01  -1.5033448e-03   4.6929665e-04  -1.5108631e-04
  -1.7708390e-01   2.7043940e-01  -6.9016140e-01  -4.6491556e-05  -3.4563691e-04  -5.2241790e-04
  -1.2356264e-01   1.8186677e-01  -7.2455118e-01   8.9208828e-04  -3.4163228e-04   5.8606401e-04
  -1.7894970e-01   1.8203739e-01  -4.7886710e-01  -1.4386875e-03   8.0046357e-04   3.3320800e-04
  -2.2117823e-01   2.0636861e-01  -4.1527089e-01  -9.1038278e-04   1.3060184e-03  -4.8536788e-04
  -2.1750067e-01   1.8738199e-01  -4.1401384e-01  -1.2526643e-03   1.1727924e-03  -5.2882830e-04
  -2.0421072e-01   1.1761081e-01  -2.6120369e-01  -1.0688892e-03   1.3900279e-03  -9.9538730e-04
  -1.9724574e-01   7.6888606e-02  -3.0945797e-01  -3.5493826e-04   1.4824301e-03  -1.1097207e-03
  -2.1577216e-01  -2.0717297e-02  -2.7070786e-01   7.5086985e-04   1.9594536e-03  -9.3991757e-04
  -2.3431471e-01   2.5305197e-01  -2.0571703e-01  -6.1302488e-04   3.0025267e-03  -1.2385973e-03
  -2.0465429e-01   1.1629667e-01  -3.9833079e-01  -1.2433747e-04   1.5704536e-03  -7.1283474e-04
  -2.2921420e-01   3.2379911e-01  -2.8196025e-01  -4.2787741e-04   2.6829498e-03  -1.2931442e-03
  -2.1653240e-01   3.0042507e-01  -4.5530256e-01  -9.6462086e-04   2.0494236e-03  -8.6098967e-04
  -1.9988849e-01   2.3539203e-01  -4.7145589e-01  -5.7663189e-04   1.4745329e-03  -1.3015673e-03
  -1.0886868e-01   3.0559893e-01  -4.6024266e-01   1.0376923e-03   3.1628702e-05  -1.7436047e-03
  -1.3602454e-01   1.2467764e-01  -3.7805668e-01   1.6854591e-03   2.1943102e-04  -1.9214950e-03
  -1.6709259e-01   1.7773846e-01  -2.6034234e-01   2.8836211e-04   7.0871845e-04  -1.9736452e-03
  -1.8623118e-01   1.0705307e-01  -2.3257331e-01   4.7281874e-04   1.0323173e-03  -2.9214530e-03
  -1.8333315e-01   1.1808976e-01  -3.2766496e-01   4.1120071e-05   5.2735805e-04  -2.7418807e-03
  -2.0006970e-01   2.3869359e-01  -2.5106045e-01   3.1550262e-04   3.8068616e-04  -3.1893960e-03
  -1.9039900e-01   2.5756043e-01  -1.8113324e-01   1.4988536e-04   2.1926714e-04  -3.3992948e-03
  -2.1407717e-01   1.2413421e-01  -1.6612996e-01   5.1992516e-05   5.7090507e-04  -3.4365507e-03
  -2.1841967e-01   2.7332565e-01  -2.7504043e-01  -1.7158656e-03   2.5108784e-04  -3.9757666e-03
  -2.2504504e-01   2.5380308e-01  -3.3215684e-01  -1.0755527e-03   2.6666671e-04  -3.3884427e-03
  -1.9221395e-01   2.5349759e-01  -1.7008645e-01   2.4652280e-04   2.8940133e-04  -3.3594631e-03
  -1.7735446e-01   1.6021971e-01  -1.2633788e-01  -7.1292684e-04   5.8896278e-04  -3.3909341e-03
  -1.7713569e-01   1.3316544e-01  -3.5750630e-01  -6.0068751e-04  -5.6710001e-04  -3.0783667e-03
  -1.3463137e-01   4.5065899e-01  -3.3460601e-01  -2.1644298e-03  -1.5247405e-03  -3.5832325e-03
  -1.5536173e-01   4.4698623e-02  -2.0658080e-01   5.1766040e-04  -1.1031587e-03  -3.6571721e-03
  -1.6025950e-01   1.7917035e-01  -6.2251982e-02  -3.8752987e-04  -5.4829411e-04  -3.4947734e-03
  -1.8090517e-01   1.1147711e-01  -1.9055657e-01  -6.1255599e-04  -8.4472364e-04  -3.5561613e-03
  -1.7101955e-01   2.0850210e-01  -1.4572042e-01   3.0016067e-04  -8.3084905e-04  -3.3398479e-03
  -1.6003033e-01   1.8418389e-01   4.8967763e-03   4.1104071e-04  -4.2616007e-04  -2.8113718e-03
  -1.6442233e-01   2.0920862e-01  -4.8571005e-02  -7.2691702e-04   1.0264966e-04  -3.2804596e-03
  -1.6646611e-01  -3.9114813e-01   2.1213676e-01   6.0425803e-03   9.4861268e-04  -3.8291871e-03
  -1.8743215e-01   3.4990837e-01  -3.6877071e-01  -4.9337869e-04  -8.7893163e-05  -2.3356106e-03
  -1.6769883e-01   3.8995312e-01  -3.5801598e-01   1.0655780e-03  -1.0103512e-03  -3.3874912e-03
  -1.9087394e-01   6.5338894e-02  -2.6218847e-01   1.6434564e-03  -2.9938076e-04  -3.3715474e-03
  -2.1439972e-01   1.9086537e-01  -1.7936354e-01   1.2176927e-04   4.6754549e-05  -4.0138276e-03
  -2.4218680e-01   1.6043448e-01  -2.0990399e-01  -6.2073047e-04   2.2986156e-04  -4.0814774e-03
  -2.1871924e-01   1.5011022e-01  -4.4442053e-02   4.9876306e-04   6.4020452e-04  -3.7363711e-03
  -2.0515124e-01   1.4939515e-01  -3.1708183e-02  -2.1826992e-04   6.1898041e-04  -4.3535773e-03
  -2.1874864e-01   6.5532857e-02  -1.9671266e-01   1.2210828e-04   5.9126127e-05  -4.0246001e-03
  -1.8258602e-01  -3.8927523e-02   1.7260178e-01   3.4426225e-03   1.6862723e-03  -3.5217928e-03
  -1.9094896e-01   1.0773628e-01  -3.1014553e-01  -4.4485280e-04  -4.3366565e-04  -2.3707191e-03
  -1.3960402e-01   5.4987582e-01  -4.7991760e-01   7.5148543e-05  -1.2943576e-03  -2.2439244e-03
  -1.4237571e-01   2.1997473e-01  -6.4964587e-01  -4.9157693e-04  -1.3527072e-03  -2.7772308e-03
  -2.1774782e-01   1.8839161e-01  -4.1867916e-01   3.6277150e-05   1.6103846e-04  -3.4843053e-03
  -2.1563750e-01   1.2573401e-01  -3.5728625e-01  -3.5636608e-04   6.1140992e-04  -3.3965652e-03
  -2.2659057e-01   1.0192104e-01  -4.2757350e-01   1.4152477e-04   4.2372493e-04  -3.0596766e-03
  -2.0478653e-01   1.9429984e-01  -1.3943058e-01  -3.6135837e-04   9.1458039e-04  -3.1589125e-03
  -2.3077150e-01   1.8585457e-01  -3.1915037e-01  -9.2706099e-04   5.7197141e-04  -3.0447886e-03
  -2.0904274e-01   1.5635272e-01  -2.4171949e-01   6.5339952e-04   1.1027461e-04  -3.2903770e-03
  -2.1784878e-01   2.5685743e-01  -1.8568523e-01  -5.5601827e-04   6.2753937e-04  -3.2903796e-03
  -2.3131652e-01   2.0648300e-01  -3.3929467e-01  -4.1932337e-04   5.3298038e-04  -3.4288535e-03
  -2.2409308e-01   1.7483546e-01  -3.0210262e-01  -8.6424015e-05   4.5600630e-04  -3.2818959e-03
  -2.3295347e-01   4.0095679e-01  -2.4862399e-01  -1.4489896e-03   8.4474351e-04  -3.6313423e-03
  -2.3848477e-01   1.4102585e-01  -3.8616254e-01  -5.5395161e-04   3.3510157e-04  -3.5830190e-03
  -2.4293697e-01   2.4571333e-01  -1.7453764e-01  -9.6928034e-04   1.8894583e-03  -3.4907596e-03
  -2.3987160e-01   8.0112822e-02  -3.5117841e-01  -4.8941182e-05   8.7926339e-04  -3.5662739e-03
  -2.4872216e-01   3.5246490e-01  -3.2142344e-01  -1.2849850e-03   1.1922019e-03  -3.1504551e-03
  -1.9996415e-01   2.6523389e-01  -6.0790571e-01  -1.5788738e-04   3.6553908e-04  -2.6536521e-03
  -2.3896875e-01   2.0220624e-01  -3.9050322e-01  -1.5930497e-03   1.3923946e-03  -2.3982148e-03
  -2.5825626e-01   2.7180177e-01  -4.8407956e-01  -1.9159744e-03   9.4991544e-04  -2.7879895e-03
  -2.4224310e-01   1.5668525e-01  -2.7137761e-01  -3.9572154e-04   1.7165900e-03  -2.7351339e-03
  -1.7489874e-01   2.5092523e-01  -6.7091403e-01  -1.1640648e-03   1.1520964e-04  -1.9682749e-03
  -1.9410496e-01   2.9562795e-01  -5.1534002e-01  -3.4071105e-04   1.0978008e-03  -2.2783821e-03
  -2.2229602e-01   1.6111281e-01  -4.3527943e-01   3.5303064e-04   1.6801776e-03  -2.3774830e-03
  -2.2281092e-01   2.5533120e-01  -3.0375132e-01   5.8053670e-05   1.9867068e-03  -2.2708183e-03
  -2.3902187e-01   2.4826676e-01  -3.2782356e-01  -4.4650384e-04   2.1747796e-03  -2.3954978e-03
  -2.4625969e-01   2.4600472e-01  -4.1462082e-01   1.1189580e-04   1.5727524e-03  -2.5035414e-03
  -2.5141022e-01   2.6731227e-01  -2.4696811e-01  -9.8657871e-04   2.3158101e-03  -2.3546183e-03
  -2.5344276e-01   1.7531916e-01  -2.3550779e-01  -6.4709824e-04   2.8312264e-03  -2.7906070e-03
  -2.7208867e-01  -1.4310022e-01  -1.5899663e-01   1.4983263e-03   3.1895682e-03  -2.0163603e-03
  -2.6086306e-01   5.1853080e-01  -3.5993159e-01  -8.6795400e-04   1.1325303e-03  -3.2889212e-03
  -2.4612515e-01   2.6803760e-01  -2.2752500e-01  -6.6468785e-04   1.4861797e-03  -2.7225753e-03
  -2.5052068e-01   3.0290643e-01  -2.8085528e-01  -1.3814578e-03   1.4981804e-03  -2.8827353e-03
  -2.4871784e-01   2.7289005e-01  -3.9733073e-01  -7.8963678e-04   1.1837235e-03  -2.5486268e-03
  -2.1019203e-01   3.0029536e-01  -2.6986349e-01  -5.9879769e-04   6.1172512e-04  -2.4800168e-03
  -2.4549734e-01   1.9427659e-01  -2.2261342e-01  -1.1685766e-03   1.3340861e-03  -2.9883035e-03
  -2.4544090e-01   1.7081138e-01  -3.0981823e-01  -5.5508954e-04   9.0461777e-04  -2.7283632e-03
  -2.4324449e-01   2.0652012e-01  -1.3266247e-01  -1.0660441e-04   1.4094527e-03  -3.0499054e-03
  -2.3619303e-01   8.9957502e-02  -6.7921768e-02   2.7328543e-04   1.8468528e-03  -2.8982114e-03
  -1.9896591e-01   1.3566409e-01  -2.9363165e-01   1.1804515e-04   2.4604668e-04  -2.9707131e-03
  -2.2410451e-01   2.2193102e-01  -1.2074314e-01   5.4779754e-04   1.2325481e-03  -2.9705181e-03
  -2.4822822e-01   3.0280276e-01  -1.8039668e-01  -1.1308061e-03   1.8289146e-03  -2.8320227e-03
  -2.4478074e-01   2.8124414e-01  -3.1822381e-01  -8.1345616e-04   1.2798914e-03  -2.9249322e-03
  -2.4461900e-01   3.2402276e-01  -1.6987795e-01  -4.2263984e-04   1.6874113e-03  -2.5849112e-03
  -2.4456221e-01   2.2644624e-01  -1.8458867e-01  -3.5859860e-04   1.4162120e-03  -2.9611719e-03
  -2.6516297e-01   3.2410102e-01  -2.5880930e-01  -1.3819900e-03   1.5579883e-03  -2.9713503e-03
  -2.4678517e-01   2.5531994e-01  -2.5331643e-01  -5.1926023e-04   1.0889312e-03  -2.7728643e-03
  -2.3004723e-01   2.2374597e-01  -1.3153391e-01   2.2592323e-04   1.3695558e-03  -2.9706736e-03
  -2.6443551e-01   4.5090154e-02  -1.5789831e-01   9.9236062e-04   2.5015018e-03  -3.3134206e-03
  -1.8374311e-01  -4.3174096e-01   2.8780519e-01   4.8797394e-03   2.5031593e-03  -1.7580349e-03
  -1.7370043e-01   4.5858989e-01  -4.5573330e-01   8.5693225e-04   3.4916808e-04  -1.0485233e-03
  -2.3494881e-01   4.1550627e-01  -5.3916150e-01   2.1984452e-04   3.1632020e-04  -2.6798515e-03
  -1.9980752e-01   3.2338694e-01  -6.0841247e-01   2.1791815e-04   2.0865352e-04  -3.0457485e-03
  -2.5184168e-01   1.4970695e-01  -4.4026899e-01  -1.5134319e-03   1.2914173e-03  -2.7921762e-03
  -2.5875168e-01   2.6721327e-01  -4.2592599e-01  -6.2910508e-04   7.8701118e-04  -3.9361135e-03
  -2.4063016e-01   1.9563909e-01  -2.6647441e-01  -8.0317431e-04   8.2864025e-04  -3.6352129e-03
  -2.2377163e-01   2.2658946e-01  -3.0774907e-01  -1.7706676e-03   6.0161463e-05  -3.5435587e-03
  -2.1392109e-01   1.6231396e-01  -1.0079036e-01  -1.4187570e-04   6.6491508e-04  -3.6800908e-03
  -2.3187841e-01   1.5323763e-01  -3.0770484e-01  -4.1893677e-04   3.0528411e-04  -3.5209482e-03
  -2.4666699e-01   1.9202419e-01  -1.7783621e-01   3.4647144e-04   8.7441943e-04  -4.0901373e-03
  -2.5261188e-01   1.4741527e-01  -2.1497602e-01  -9.0759294e-04   1.1605186e-03  -3.8907826e-03
  -2.2862124e-01   1.9164925e-01  -2.9841507e-01  -1.2172226e-03   3.4853893e-04  -3.6499150e-03
  -2.3549863e-01   1.6618823e-01  -4.5941975e-01  -3.4759050e-05   7.2357551e-04  -3.2327243e-03
  -2.3139570e-01   4.1474487e-01  -5.5812534e-01  -1.2893333e-03   4.5406208e-04  -3.5002618e-03
  -2.3921731e-01   1.8654276e-01  -3.5772538e-01  -4.4516284e-04   1.2129771e-03  -3.7655632e-03
  -2.5161048e-01   2.7813061e-01  -2.9159519e-01  -1.1459024e-03   1.1352980e-03  -4.1721010e-03
  -2.6790630e-01   2.4368520e-01  -3.8867237e-01  -8.9084194e-04   3.7945420e-04  -3.8255821e-03
  -2.4488033e-01   2.4908958e-01  -2.4575471e-01  -1.6161768e-04   7.4240970e-04  -3.8547797e-03
  -2.5177014e-01   2.1090701e-01  -2.9547068e-01  -5.2408954e-04   1.2605952e-03  -3.8573908e-03
  -2.5976473e-01   1.3684904e-01  -4.3179553e-01  -1.2435776e-03   5.7490639e-04  -3.4244145e-03
  -2.4067141e-01   3.6384892e-01  -2.0815950e-01  -1.5657285e-03   1.2910305e-03  -3.6254935e-03
  -2.3790744e-01   2.2948450e-01  -4.1665298e-01  -1.6056690e-03  -1.9872655e-05  -4.0899471e-03
  -2.5149482e-01   2.8967279e-01  -2.9326288e-01  -2.0326456e-03   6.6984189e-04  -3.6882517e-03
  -2.4802301e-01   3.2389148e-01  -2.7904729e-01  -2.2654370e-03   3.1252231e-04  -4.3060846e-03
  -2.7541230e-01   2.3377790e-01  -2.8766182e-01  -2.1225787e-03   5.2087103e-04  -4.4838636e-03
  -2.6456288e-01   3.2068624e-01  -3.4128424e-01  -2.3409163e-03   1.9145891e-04  -4.1995787e-03
  -2.6373076e-01   3.1531907e-01  -3.8803618e-01  -1.9685933e-03   4.4980412e-04  -4.0120242e-03
  -2.3748090e-01   3.4668915e-01  -4.9867971e-01  -1.6369348e-03  -5.8599049e-04  -4.8736540e-03
  -2.7831165e-01  -1.3473182e-01  -3.6125522e-01   1.8334290e-03   1.3363910e-03  -4.5670953e-03
  -2.3348717e-01   3.3599945e-01  -6.5873516e-01  -1.7583101e-03  -6.4741074e-04  -4.2334659e-03
  -2.8278740e-01   2.4397177e-01  -4.0079219e-01  -1.8716342e-03   1.0527363e-03  -4.4702037e-03
  -2.8443057e-01   2.9162909e-01  -4.7461089e-01  -3.9645687e-03   8.1731766e-04  -4.2693099e-03
  -2.7718355e-01   3.8581526e-01  -4.6370747e-01  -2.9549078e-03   3.9476023e-04  -4.2817195e-03
  -3.0499938e-01   3.8917283e-01  -3.7323859e-01  -2.7482872e-03   1.0168570e-03  -4.5485732e-03
  -2.6668479e-01   3.0000361e-01  -3.4494254e-01  -2.0090738e-03   5.7167211e-04  -4.6301928e-03
  -2.8398560e-01   1.9739380e-01  -4.1317138e-01  -1.8800582e-03   9.8780886e-04  -4.3909748e-03
  -2.6265254e-01   1.8845381e-01  -1.4629968e-01   7.3073545e-04   2.1558936e-03  -4.4376244e-03
  -2.7257329e-01   2.3649636e-01  -6.9577933e-01  -2.1981431e-03   4.6726140e-04  -5.0034230e-03
  -2.7283345e-01   2.2891023e-01  -4.8811827e-01  -6.6848717e-04   1.2083555e-03  -5.1205090e-03
  -2.8402423e-01   2.1357655e-01  -5.2101129e-01  -1.8587775e-03   1.1759303e-03  -4.3446690e-03
  -2.7828593e-01   3.6429620e-01  -4.1466031e-01  -2.0028787e-03   2.0056605e-03  -3.8574862e-03
  -2.4911027e-01   3.1536545e-01  -7.7603548e-01  -8.0401421e-04   7.1531477e-04  -4.7513139e-03
  -2.9078818e-01   2.5107032e-01  -5.4255674e-01  -3.4019309e-04   1.7960752e-03  -4.9196564e-03
  -2.9935636e-01   1.5019648e-01  -5.6845855e-01  -1.0157010e-03   1.7042015e-03  -5.0706150e-03
  -2.8987696e-01   2.5006548e-01  -6.8789445e-01  -2.2342416e-03   9.7110482e-04  -4.4584304e-03
  -2.3572414e-01   3.8901278e-01  -7.5751831e-01  -1.0311997e-04   2.5798981e-04  -4.8630564e-03
  -2.9507555e-01   1.3929837e-01  -5.2737598e-01  -9.9567786e-04   2.0991819e-03  -4.6404967e-03
  -2.9319396e-01   2.4537054e-01  -6.5542814e-01  -2.3627772e-03   1.4549121e-03  -4.4300261e-03
  -3.0163515e-01   1.4895885e-01  -5.5480795e-01  -9.3735114e-04   1.9603785e-03  -4.4303065e-03
  -3.3604011e-01   3.2275450e-01  -5.1879346e-01  -2.7627838e-03   2.4601279e-03  -4.6817414e-03
  -3.1467723e-01   2.5831650e-01  -5.9808304e-01  -3.2732471e-03   1.4119153e-03  -4.4979638e-03
  -3.3139566e-01   4.5109837e-01  -4.6023765e-01  -2.8146396e-03   1.7136961e-03  -5.0392629e-03
  -3.2478340e-01   3.1658636e-01  -4.5740600e-01  -3.4773865e-03   1.9346505e-03  -5.4052011e-03
  -3.2692222e-01   1.8234492e-01  -4.8262574e-01  -1.0782276e-03   2.4948962e-03  -5.1815968e-03
  -3.1287539e-01  -1.6958475e-01  -3.9065886e-01   1.2300319e-03   3.0097138e-03  -4.2250169e-03
  -2.4202343e-01   4.5729225e-01  -8.7587606e-01  -2.4724124e-03  -6.9799347e-05  -3.6531509e-03
  -2.6528171e-01   4.6821603e-01  -6.3553690e-01  -2.6205242e-03   3.7082178e-04  -4.2828139e-03
  -3.0445881e-01   2.4602182e-01  -5.4455136e-01  -2.1204718e-03   1.5205945e-03  -4.2320200e-03
  -3.1299157e-01   3.6493482e-01  -5.0850866e-01  -3.1128283e-03   1.4126255e-03  -4.5685333e-03
  -3.1755256e-01   2.8879177e-01  -5.1747399e-01  -2.8880557e-03   1.3544067e-03  -4.8678290e-03
  -3.0787305e-01   2.4656434e-01  -4.7711540e-01  -2.2234073e-03   1.6571468e-03  -4.8100041e-03
  -3.1258943e-01   3.0584224e-01  -3.9749621e-01  -3.3161178e-03   2.0604809e-03  -4.5819240e-03
  -3.0644513e-01   2.8819043e-01  -5.1169962e-01  -3.1236282e-03   1.3994307e-03  -4.9556340e-03
  -3.0165713e-01   6.1668127e-02  -3.7474746e-01  -4.9828958e-04   2.9767252e-03  -4.7198670e-03
