   0.0000000e+00   0.0000000e+00   0.0000000e+00   0.0000000e+00   0.0000000e+00   0.0000000e+00
  -1.0660561e-02  -2.1558770e-02  -2.6969393e-02   4.5641968e-04   6.7274763e-05  -1.6998064e-04
  -3.4294934e-02  -1.3684561e-02  -2.6648359e-01   1.3241191e-03  -7.9335867e-05   1.2399981e-05
  -2.2651635e-02   4.1659538e-02  -8.8577239e-02   9.2407132e-05   1.8902195e-04  -1.3799452e-04
  -3.7313840e-02   4.4811815e-02  -3.3932873e-01   1.2384750e-03  -9.1086719e-05   3.7097633e-05
  -2.8009892e-02   4.5665498e-02  -2.9188881e-02   3.8096628e-04   3.1301878e-04  -2.9813083e-04
  -5.1536930e-02  -1.2088512e-01  -4.1414736e-01   3.2244337e-04   2.8077340e-04  -4.3314033e-05
  -2.9840909e-02   8.5542102e-02  -1.7343684e-02  -4.1891129e-04   3.3649513e-04  -3.6473221e-04
  -4.9284983e-02  -1.1061321e-01  -3.1927941e-01   8.0160629e-04   1.7275508e-04  -3.3355311e-04
  -5.2455613e-02   1.4045011e-01  -1.1705480e-02  -2.2478332e-04   7.6231819e-04  -6.0319871e-04
  -5.0758659e-02  -1.0095023e-01  -2.3010235e-01   7.0272218e-04   3.9942109e-04  -7.5663570e-04
  -5.4027272e-02   9.1837931e-02  -2.0393559e-01   6.9612271e-04   6.0597656e-04  -5.9898334e-04
  -4.0088164e-02   7.2380639e-02  -1.0129914e-01   9.0584881e-04   6.7690224e-04  -7.2638124e-04
  -6.3300920e-02   1.2228846e-01  -3.1364486e-01  -9.2697267e-04   7.0232037e-04  -8.1804859e-04
  -1.6263959e-02  -1.9687593e-01  -1.9233748e-01   2.4757618e-03   2.8309179e-04  -9.8896221e-04
  -3.8701376e-02   7.0596847e-02  -2.4624000e-01   1.1751997e-04   2.6763299e-04  -8.9738502e-04
  -1.7260635e-02  -1.9016929e-01  -1.2116724e-01   1.9650871e-03   3.0052902e-04  -1.2030084e-03
  -5.9593579e-02   7.8555937e-02  -2.7412514e-01   2.6260470e-04   5.1781889e-04  -1.5746611e-03
  -3.2777715e-02  -1.7544395e-01  -2.0584857e-01   2.0961668e-03   2.6160466e-04  -1.5301069e-03
  -4.1249199e-02   1.2479391e-01  -2.1102132e-01  -7.5251193e-04   9.3118821e-05  -1.7898256e-03
  -2.8418794e-02  -1.1964941e-01  -1.7132020e-01   8.4945344e-04  -3.4606429e-05  -1.7066804e-03
  -5.6164619e-02   4.3854610e-02  -2.3519840e-01  -1.5962121e-04   2.9591482e-04  -1.7012165e-03
  -5.3963778e-02  -6.1142581e-02  -1.9417934e-01   5.3503670e-04   4.5819847e-04  -1.9377649e-03
  -6.7492781e-02   4.0590668e-02  -1.7727656e-01  -3.8349345e-04   6.1770927e-04  -2.1039559e-03
  -6.3466814e-02  -1.0039772e-01  -1.6972640e-01   1.6622298e-03   8.5621786e-04  -2.2088332e-03
  -8.5336532e-02   1.8506005e-02  -1.0935143e-01   6.1801697e-04   9.1359143e-04  -2.4690462e-03
  -7.1442121e-02  -1.9334224e-01  -9.4812152e-02   2.5213074e-03   9.7007502e-04  -2.5758704e-03
  -6.7077656e-02  -1.3983542e-01  -4.9872412e-02   2.0196864e-03   9.3044806e-04  -2.7313288e-03
  -8.0493916e-02  -6.3329218e-02  -9.0705504e-02   1.0390721e-03   9.4795184e-04  -2.9601419e-03
  -8.6900968e-02  -8.1651016e-02  -1.2596512e-01   2.2068953e-03   9.0378470e-04  -3.1132078e-03
  -5.3716138e-02  -2.1572603e-01   6.4137253e-02   2.7801747e-03   8.2216860e-04  -3.4893798e-03
  -9.2135425e-02   2.1089659e-02  -3.2478043e-01   1.3334022e-03   4.9532984e-04  -3.2625323e-03
  -9.7221934e-02   1.1482615e-01  -8.3704081e-02   8.9007499e-04   8.2019650e-04  -3.3846132e-03
  -8.8075313e-02  -1.2792240e-01  -9.7293159e-02   1.1500370e-03   8.5047197e-04  -3.6584630e-03
  -1.0847086e-01   7.1856826e-02  -2.1846462e-01  -3.7685714e-04   9.8127358e-04  -3.8794109e-03
  -1.1821139e-01  -7.2254386e-03  -2.0789228e-01   6.1765524e-04   1.1427673e-03  -3.8687753e-03
  -1.1718371e-01   4.2419461e-02  -1.0146546e-01   5.1215644e-04   1.1105744e-03  -3.9799682e-03
  -1.0187794e-01  -1.3431816e-01  -8.4063031e-02   1.3133225e-03   9.8300952e-04  -4.0092721e-03
  -1.1799726e-01  -1.3229478e-02  -3.3009945e-01   1.6536699e-03   8.1343427e-04  -3.7239051e-03
  -9.1842166e-02  -7.3455999e-02  -3.5674056e-02   2.7830311e-03   8.6670858e-04  -4.3362196e-03
  -9.7789683e-02  -1.3442355e-01  -1.5228593e-01   1.6564273e-03   7.2023042e-04  -4.6192706e-03
  -1.0529519e-01  -1.0954735e-01  -1.0941017e-01   1.5297526e-03   1.0137577e-03  -4.6057736e-03
  -1.0870157e-01  -1.0025385e-01  -1.5400549e-01   2.4427525e-03   6.5853138e-04  -4.7895514e-03
  -1.1735838e-01  -1.2776757e-01  -1.6241368e-01   1.6123413e-03   7.3027972e-04  -5.1478874e-03
  -1.2317094e-01  -9.7571482e-02  -1.6432936e-01   2.0409631e-03   8.3071341e-04  -5.2247195e-03
  -1.1923499e-01  -6.0071134e-02  -1.4332259e-01   3.2607973e-03   7.3152189e-04  -5.1518538e-03
  -1.1168611e-01  -2.1668118e-01  -1.0808882e-02   3.7536712e-03   1.0713054e-03  -5.7140407e-03
  -9.6976280e-02  -2.1342509e-01  -5.4221972e-02   4.0820404e-03   8.1024517e-04  -5.8223467e-03
  -1.3354739e-01  -1.1345016e-01  -2.2709076e-01   2.9499902e-03   9.6920921e-04  -5.8006271e-03
  -1.4506766e-01  -1.0767022e-02  -1.5812370e-01   3.0077231e-03   1.0714797e-03  -5.7540910e-03
  -1.4178350e-01  -1.8796735e-02  -1.2907939e-01   2.3893947e-03   1.0019180e-03  -6.0554298e-03
  -1.3724111e-01  -1.5947882e-01  -1.3428056e-01   2.8806187e-03   8.1959924e-04  -6.0484334e-03
  -1.4920791e-01  -7.0031860e-02  -1.3311027e-01   2.7909293e-03   1.0571702e-03  -5.9957983e-03
  -1.7881323e-01  -7.7340727e-02  -1.7746004e-01   3.3188041e-03   1.0016187e-03  -6.5264816e-03
  -1.6560545e-01  -2.2531591e-01  -1.1425842e-01   4.3619883e-03   1.4136518e-03  -6.8964035e-03
  -1.5245519e-01  -2.1193639e-01  -7.2109861e-02   3.4379503e-03   1.1625047e-03  -7.2387669e-03
  -1.5519896e-01  -2.3857782e-01  -1.8277319e-01   2.8286929e-03   1.0328729e-03  -7.4030329e-03
  -1.5296687e-01  -1.7939232e-01  -1.4089415e-01   3.4859504e-03   8.7849447e-04  -7.3641490e-03
  -1.6055102e-01  -9.6772200e-02  -1.2887209e-01   3.2854960e-03   7.2546832e-04  -7.5254255e-03
  -1.8223933e-01  -2.7911374e-02  -2.1864020e-01   2.6741001e-03   9.4625774e-04  -7.1981217e-03
  -1.9706841e-01  -1.3039920e-01  -2.4537872e-01   5.2231316e-03   1.2598332e-03  -7.3542604e-03
  -1.9496233e-01  -2.9779724e-02  -1.0717823e-01   4.4454848e-03   1.2826013e-03  -7.5043370e-03
  -1.9680581e-01  -1.1896897e-01  -2.0512503e-01   4.6273240e-03   1.1148742e-03  -7.5416387e-03
  -1.8060525e-01  -1.4070031e-01  -7.7109583e-02   4.5742776e-03   1.2139289e-03  -7.6859092e-03
  -1.7929006e-01  -2.0215389e-01  -8.1005903e-02   4.8774614e-03   1.2455769e-03  -7.8590598e-03
  -1.9810425e-01  -1.3120759e-01  -2.0865133e-01   3.1709515e-03   1.4374296e-03  -7.8003726e-03
  -1.8161040e-01  -2.0178769e-01  -2.0190202e-01   5.1170082e-03   1.1333783e-03  -7.5044725e-03
  -1.7662796e-01  -1.2061387e-01  -9.4168039e-02   5.5999184e-03   1.1877106e-03  -7.6999844e-03
  -1.9220771e-01  -7.8404494e-02  -1.0169980e-01   4.0123979e-03   1.5099812e-03  -7.8551547e-03
  -1.9801001e-01  -1.7572088e-01  -2.2453699e-01   4.0615922e-03   1.3322817e-03  -7.7264885e-03
  -1.9191574e-01  -1.2019053e-01  -2.4829653e-01   4.2402101e-03   1.1087858e-03  -7.5620245e-03
  -1.9244069e-01  -9.9623338e-02  -2.1150450e-01   4.8707991e-03   1.2164792e-03  -7.4771668e-03
  -1.9428799e-01  -1.1949246e-01  -2.4683642e-01   5.5812004e-03   1.5171501e-03  -7.4151690e-03
  -1.7796342e-01  -1.3446922e-01  -1.4559911e-01   4.4295304e-03   1.3370996e-03  -7.7036419e-03
  -1.8834573e-01  -2.2259246e-01  -1.8532471e-01   4.5147310e-03   1.4163288e-03  -7.6674595e-03
  -1.8598450e-01  -1.3845090e-01  -2.5353650e-01   4.4397107e-03   1.1799246e-03  -7.5125880e-03
  -1.8577956e-01  -9.3012915e-02  -2.1245472e-01   4.3566107e-03   1.1390272e-03  -7.4816051e-03
  -1.9740452e-01  -9.6004603e-02  -1.7065200e-01   4.3470285e-03   1.3347280e-03  -7.6632877e-03
  -2.0490019e-01  -3.6984494e-02  -1.4259926e-01   4.2318599e-03   1.3197569e-03  -7.9673290e-03
  -2.0231671e-01  -1.2741291e-01  -2.4672991e-01   4.4949036e-03   1.2934641e-03  -7.7561987e-03
  -2.0144379e-01  -6.2660081e-03  -1.9938168e-01   4.9866714e-03   1.3407210e-03  -7.7994347e-03
  -1.9402482e-01  -1.6120876e-01  -2.7263347e-01   5.3193472e-03   1.0829745e-03  -7.6142972e-03
  -1.8662434e-01  -8.7846646e-02  -1.8708526e-01   4.5073389e-03   1.2210593e-03  -7.9609422e-03
  -1.8325599e-01  -2.8075535e-01  -2.6794764e-01   4.9248189e-03   1.0927385e-03  -7.7508905e-03
  -1.8045777e-01  -3.0882040e-01  -1.7854195e-01   5.5184384e-03   1.1267651e-03  -8.1057280e-03
  -1.8947510e-01  -2.7820260e-01  -2.5683425e-01   5.4527649e-03   1.1998212e-03  -7.8925895e-03
  -1.9120489e-01  -2.9087329e-01  -2.3198527e-01   5.3512990e-03   1.2231918e-03  -7.8879152e-03
  -1.9454539e-01  -2.3054272e-01  -2.7895261e-01   4.9318289e-03   1.7753183e-03  -7.9222295e-03
  -1.7592640e-01  -2.6027873e-01  -2.2089050e-01   4.9469797e-03   1.5445727e-03  -8.0529302e-03
  -1.7716308e-01  -2.3585800e-01  -2.3598239e-01   6.0364105e-03   1.4144779e-03  -7.9457688e-03
  -1.9654676e-01  -6.0699258e-02  -2.8257543e-01   4.9399301e-03   1.2903213e-03  -7.7608907e-03
  -2.0049048e-01  -1.7926680e-01  -2.5684762e-01   5.5754021e-03   1.5466502e-03  -7.8082795e-03
  -2.0090454e-01  -1.8899489e-01  -2.5340339e-01   5.7246682e-03   1.5659736e-03  -7.9003135e-03
  -1.9455078e-01  -1.5256315e-01  -2.5759299e-01   5.5451529e-03   1.4847699e-03  -7.7751833e-03
  -1.8801537e-01  -1.9519917e-01  -3.0182741e-01   6.0074555e-03   1.3946289e-03  -7.6008236e-03
  -1.9935157e-01  -7.0795796e-02  -3.5871619e-01   5.8385221e-03   1.2854235e-03  -7.6274135e-03
  -1.6788663e-01  -1.6916263e-01  -3.2940604e-01   6.8651883e-03   1.2463890e-03  -7.5731750e-03
  -1.6502188e-01  -1.9663022e-01  -1.8814840e-01   5.9990462e-03   1.2813355e-03  -8.1515285e-03
  -1.9017601e-01  -1.5288702e-01  -4.4638977e-01   5.2958329e-03   9.5836523e-04  -7.8078018e-03
  -2.0576638e-01  -6.9386085e-02  -3.1937913e-01   5.0930393e-03   1.2226222e-03  -7.6867554e-03
  -1.9572507e-01  -2.5291632e-01  -3.2679682e-01   5.0248554e-03   1.2858151e-03  -7.8242022e-03
  -1.7498972e-01  -2.8714577e-01  -2.5307363e-01   5.3196861e-03   1.4412860e-03  -7.9421655e-03
  -1.6399353e-01  -3.1530156e-01  -2.7826870e-01   6.4028692e-03   1.1639935e-03  -7.9963960e-03
  -1.6833064e-01  -2.5645875e-01  -2.7633025e-01   5.0969760e-03   1.1083229e-03  -8.3991626e-03
  -1.8007696e-01  -1.7561220e-01  -4.3504289e-01   5.7991338e-03   7.7071874e-04  -8.0569086e-03
  -1.9179591e-01  -1.0230806e-01  -3.4340120e-01   6.2256216e-03   9.4696044e-04  -7.9658788e-03
  -1.8442776e-01  -1.5998848e-01  -2.8552875e-01   5.7431136e-03   8.6628065e-04  -8.1085623e-03
  -1.7318478e-01  -1.9509674e-01  -3.0885777e-01   5.6696735e-03   9.7935069e-04  -7.7851621e-03
  -1.7826526e-01  -1.4420862e-01  -3.0580819e-01   5.6023553e-03   1.0331163e-03  -8.0005093e-03
  -1.7514020e-01  -1.2265986e-01  -3.1177742e-01   5.3714958e-03   9.6082337e-04  -8.1426650e-03
  -1.8096033e-01  -1.6939195e-01  -3.3131857e-01   6.3611948e-03   9.4659278e-04  -8.0113810e-03
  -1.7113019e-01  -1.1496422e-01  -2.9357539e-01   7.7149221e-03   8.3548399e-04  -8.1909879e-03
  -1.8824642e-01  -1.3682849e-01  -2.9939650e-01   7.2781640e-03   9.3773961e-04  -8.1418187e-03
  -1.9441300e-01  -1.6710090e-01  -3.2137282e-01   7.5209719e-03   1.0495321e-03  -8.1197250e-03
  -1.8624105e-01  -1.7133859e-01  -2.7601089e-01   6.9434999e-03   1.1329429e-03  -8.1379406e-03
  -2.0254770e-01  -2.5488452e-01  -3.5014147e-01   8.0551246e-03   1.1408655e-03  -8.3754170e-03
  -1.8531915e-01  -1.7636377e-01  -2.7581074e-01   7.7442770e-03   1.1226912e-03  -8.2976100e-03
  -1.7308026e-01  -2.5143163e-01  -2.8040580e-01   7.4732874e-03   9.2436009e-04  -8.5270169e-03
  -1.7124757e-01  -2.1662644e-01  -3.0707673e-01   6.6086604e-03   9.4848140e-04  -8.4713936e-03
  -1.7989698e-01  -2.8191112e-01  -4.0957429e-01   6.8525308e-03   6.9302642e-04  -8.3750114e-03
  -1.7624015e-01  -2.3966179e-01  -3.9674065e-01   8.2097351e-03   7.2462057e-04  -8.0978781e-03
  -1.7830165e-01  -1.7334219e-01  -2.5843259e-01   7.9593478e-03   1.0590052e-03  -8.2949337e-03
  -1.9111510e-01  -1.3909529e-01  -4.7733892e-01   5.9135955e-03   8.6503106e-04  -8.0520332e-03
  -1.9238468e-01  -2.9618231e-01  -4.0174621e-01   7.9146269e-03   1.0096921e-03  -8.1731929e-03
  -1.8284272e-01  -2.3064841e-01  -2.5182188e-01   6.5564419e-03   1.1041445e-03  -8.5119814e-03
  -2.0862498e-01  -2.1916063e-01  -6.0674632e-01   7.1845668e-03   8.3554424e-04  -8.2058213e-03
  -1.9037858e-01  -3.4886478e-01  -3.1295956e-01   8.4985167e-03   1.1157338e-03  -8.8170338e-03
  -2.0346620e-01  -1.3988396e-01  -4.8317600e-01   6.0906053e-03   8.2962146e-04  -8.5931398e-03
  -2.0335443e-01  -2.6566435e-01  -4.9008183e-01   7.5264618e-03   1.0584008e-03  -8.3194477e-03
  -1.9286555e-01  -1.5401537e-01  -3.5241578e-01   6.2611207e-03   1.1065463e-03  -8.5428797e-03
  -1.9610229e-01  -2.0640575e-01  -5.3237243e-01   6.0999236e-03   9.0913084e-04  -8.1658628e-03
  -1.8668143e-01  -2.6094363e-01  -3.5733254e-01   7.5425585e-03   9.6584744e-04  -8.0942721e-03
  -1.7483403e-01  -2.1810441e-01  -3.2454886e-01   6.7845214e-03   8.3724415e-04  -8.4131797e-03
  -1.7559812e-01  -2.5157819e-01  -3.7062707e-01   6.6386874e-03   9.1475410e-04  -8.3859142e-03
  -1.7315764e-01  -2.9242543e-01  -3.6096279e-01   6.2390765e-03   1.0313392e-03  -8.4643628e-03
  -1.5395935e-01  -3.0885546e-01  -3.7062945e-01   6.7344558e-03   8.7009984e-04  -8.2060983e-03
  -1.7927676e-01  -1.9613154e-01  -4.0685881e-01   6.8887434e-03   8.6640021e-04  -8.1209848e-03
  -1.9171360e-01  -1.5828670e-01  -4.5012065e-01   6.4466541e-03   7.9870153e-04  -8.0825217e-03
  -1.9638478e-01  -8.0661078e-02  -3.4989186e-01   6.7839278e-03   8.9015857e-04  -8.1143708e-03
  -2.0782434e-01  -1.4302037e-01  -5.0583221e-01   8.0244734e-03   1.0821039e-03  -7.9496175e-03
  -1.9580386e-01  -1.6308594e-01  -3.4143091e-01   7.5087649e-03   1.2974711e-03  -8.0891433e-03
  -1.8422191e-01  -2.1581676e-01  -3.5264550e-01   7.4509534e-03   1.1075026e-03  -8.1085832e-03
  -1.8094003e-01  -2.5394953e-01  -3.8417009e-01   8.2395097e-03   1.1589300e-03  -8.0328923e-03
  -1.8864211e-01  -2.3175159e-01  -4.0947114e-01   7.4017113e-03   1.1814023e-03  -8.1664459e-03
  -1.6263480e-01  -2.7088093e-01  -3.5620359e-01   6.8722687e-03   1.3727927e-03  -8.2075629e-03
  -1.7888366e-01  -2.1982075e-01  -5.8649711e-01   7.8569918e-03   8.1949540e-04  -7.8757561e-03
  -1.8720699e-01  -2.7007428e-01  -3.7922269e-01   7.7369308e-03   1.4160217e-03  -8.0662169e-03
  -1.8128256e-01  -3.2632214e-01  -4.0751553e-01   8.5111613e-03   1.4071837e-03  -7.7780341e-03
  -1.8782423e-01  -2.0206615e-01  -3.6930704e-01   7.4164297e-03   1.3070300e-03  -7.7385335e-03
  -1.8661451e-01  -2.4254976e-01  -4.2632343e-01   7.7984468e-03   1.3322464e-03  -7.5374842e-03
  -1.7037195e-01  -2.0610542e-01  -3.8921554e-01   7.8164834e-03   1.4281515e-03  -7.1398005e-03
  -1.7983874e-01  -2.3330614e-01  -3.9111313e-01   8.1273032e-03   1.6584606e-03  -7.5949868e-03
  -1.6880948e-01  -1.8868416e-01  -3.8899814e-01   8.5579249e-03   1.4774237e-03  -7.3448949e-03
  -1.4580821e-01  -2.9368741e-01  -3.5716119e-01   8.4175873e-03   1.6133744e-03  -7.2551709e-03
  -1.4737501e-01  -2.6496717e-01  -3.5725656e-01   8.7806940e-03   1.5490541e-03  -7.2655092e-03
  -1.5210126e-01  -3.1902261e-01  -3.3748595e-01   8.0200987e-03   1.7404428e-03  -7.5969915e-03
  -1.8823880e-01  -3.0543016e-01  -4.6145735e-01   8.5968887e-03   1.5600316e-03  -8.2100117e-03
  -1.8716996e-01  -2.6949122e-01  -4.6198477e-01   8.9990657e-03   1.5482482e-03  -7.9155315e-03
  -1.8700099e-01  -1.4788029e-01  -3.9698187e-01   8.1481323e-03   1.4936822e-03  -7.9296577e-03
  -1.9697208e-01  -1.8634873e-01  -4.3104938e-01   8.7901353e-03   1.4278335e-03  -8.0121277e-03
  -1.8680111e-01  -1.8795725e-01  -3.6700107e-01   8.0573787e-03   1.5376919e-03  -7.9264155e-03
  -1.7727215e-01  -2.6176201e-01  -3.7504176e-01   8.3068047e-03   1.3905669e-03  -7.7479054e-03
  -1.9134126e-01  -3.4722926e-01  -4.0349282e-01   7.5069099e-03   1.4852575e-03  -7.5230037e-03
  -1.9158377e-01  -3.9394252e-01  -3.5003102e-01   8.4505181e-03   1.5674707e-03  -7.9207306e-03
  -1.7079313e-01  -3.4654325e-01  -3.5478006e-01   8.2215815e-03   1.3817142e-03  -7.6553553e-03
  -1.6806590e-01  -3.4851033e-01  -3.8604508e-01   8.2521745e-03   1.2998567e-03  -7.6423402e-03
  -1.8979372e-01  -3.2422441e-01  -3.9435577e-01   8.7707671e-03   1.5690196e-03  -7.8932659e-03
  -2.0615443e-01  -2.3709070e-01  -4.2394198e-01   8.1703700e-03   1.5949921e-03  -7.9374086e-03
  -1.9991116e-01  -3.2278001e-01  -3.6070906e-01   8.7380055e-03   1.8830796e-03  -8.1262054e-03
  -1.9694412e-01  -3.2797341e-01  -3.6535332e-01   8.6328949e-03   1.9012597e-03  -8.1156715e-03
  -1.8328501e-01  -3.6749000e-01  -3.9708460e-01   8.6541206e-03   1.8971868e-03  -8.1154922e-03
  -1.9102433e-01  -2.6665638e-01  -4.8635270e-01   8.3088961e-03   1.5564606e-03  -8.0959940e-03
  -1.9254614e-01  -1.4279312e-01  -4.7405736e-01   8.8298243e-03   1.4245956e-03  -7.6980681e-03
  -2.2008465e-01  -9.1485683e-02  -5.3533360e-01   8.3682143e-03   1.5776141e-03  -7.7732050e-03
  -2.2270484e-01  -1.9117203e-01  -4.2287671e-01   7.7725973e-03   1.8792645e-03  -8.0365817e-03
  -1.9851997e-01  -2.2608601e-01  -3.8928866e-01   7.0510466e-03   1.8255091e-03  -8.1252777e-03
  -1.8932559e-01  -2.6701385e-01  -5.6996108e-01   7.6125494e-03   1.2858680e-03  -7.7965230e-03
  -1.8845894e-01  -2.7070293e-01  -4.6760506e-01   9.2802223e-03   1.4087610e-03  -7.9194617e-03
  -1.7301497e-01  -2.1619136e-01  -3.6984476e-01   8.0109499e-03   1.6640785e-03  -7.8137613e-03
  -1.6826984e-01  -2.0537031e-01  -5.2072580e-01   6.9195516e-03   1.4942071e-03  -7.7543612e-03
  -1.7136616e-01  -2.8437765e-01  -5.7405603e-01   8.5971559e-03   1.3149173e-03  -7.5253198e-03
  -1.8926930e-01  -1.2851294e-01  -5.0621988e-01   8.7211344e-03   1.5808350e-03  -7.6007214e-03
  -1.8447621e-01  -2.0039651e-01  -3.8125193e-01   8.4816509e-03   1.7970055e-03  -8.0895039e-03
  -1.9818584e-01  -2.1019776e-01  -6.1612535e-01   7.1157828e-03   1.5319008e-03  -8.0136764e-03
  -2.0590094e-01  -3.3250869e-01  -5.6698220e-01   9.5886972e-03   1.4737472e-03  -8.3195146e-03
  -2.0802877e-01  -2.1017675e-01  -5.2029770e-01   8.0502969e-03   1.7588890e-03  -8.6510390e-03
  -1.8858870e-01  -3.0296450e-01  -5.1083059e-01   7.5966486e-03   1.5379302e-03  -8.2190027e-03
  -1.9133551e-01  -2.5047660e-01  -5.5444890e-01   8.7874036e-03   1.4185344e-03  -7.8926546e-03
  -1.8857369e-01  -2.2056673e-01  -4.4811212e-01   9.7881020e-03   1.5772007e-03  -8.0550647e-03
  -1.8081449e-01  -3.2347840e-01  -3.8278402e-01   9.1363597e-03   1.8488067e-03  -8.2120963e-03
  -1.7159088e-01  -3.2379944e-01  -3.9185742e-01   8.3346798e-03   1.5783779e-03  -8.0293352e-03
  -1.9017662e-01  -3.0490025e-01  -4.4398515e-01   8.5001902e-03   1.9411813e-03  -8.3151077e-03
  -1.8955838e-01  -2.6482180e-01  -4.6292057e-01   8.6167703e-03   1.6885815e-03  -8.3003626e-03
  -1.8488951e-01  -2.6257660e-01  -3.6768998e-01   9.1688686e-03   1.9069777e-03  -8.4036585e-03
  -2.1330612e-01  -1.3784260e-01  -6.4226175e-01   9.1141774e-03   1.6135448e-03  -8.1487116e-03
  -1.8649396e-01  -2.5571264e-01  -3.3033932e-01   9.0614142e-03   1.7485715e-03  -8.4695158e-03
  -1.8389876e-01  -4.0942521e-01  -4.4896447e-01   9.2079541e-03   1.5262367e-03  -8.4009903e-03
  -2.0703968e-01  -3.0526655e-01  -4.4752137e-01   8.7664651e-03   1.9143375e-03  -8.3905580e-03
  -1.9306119e-01  -3.3065454e-01  -4.1350426e-01   9.7292280e-03   1.8061424e-03  -8.3805095e-03
  -2.2845221e-01  -1.6830735e-01  -6.3951794e-01   8.8517114e-03   1.7251530e-03  -8.1387288e-03
  -1.8756463e-01  -1.9334406e-01  -4.0188919e-01   8.7118812e-03   1.7103685e-03  -8.2650592e-03
  -1.6417398e-01  -3.4579568e-01  -4.2695100e-01   9.1686495e-03   1.7891839e-03  -7.8118164e-03
  -1.6293897e-01  -2.6739734e-01  -4.1839550e-01   1.0008461e-02   1.7316636e-03  -7.5522226e-03
  -1.8713735e-01  -1.8866516e-01  -4.6848793e-01   1.0669163e-02   1.8968958e-03  -7.8249302e-03
  -2.0123160e-01  -1.8798765e-01  -4.3263076e-01   1.0242279e-02   1.9904502e-03  -8.1508883e-03
  -1.9833029e-01  -2.3821833e-01  -4.3465014e-01   9.5745217e-03   2.0670986e-03  -8.1445397e-03
  -1.9040889e-01  -3.2212351e-01  -4.5932273e-01   9.2798987e-03   2.1807878e-03  -7.8518491e-03
  -1.6877945e-01  -3.7712571e-01  -3.5269849e-01   8.8924724e-03   2.2710941e-03  -8.0306785e-03
  -1.6401933e-01  -3.7596313e-01  -4.7038230e-01   1.0093989e-02   1.8040975e-03  -8.0146452e-03
  -1.7758198e-01  -2.8130033e-01  -4.6898852e-01   1.0495888e-02   1.9138271e-03  -7.5871888e-03
  -1.5955242e-01  -2.2546828e-01  -3.9363871e-01   1.0269920e-02   1.6470230e-03  -7.4859390e-03
  -1.5985479e-01  -1.5813800e-01  -4.0933012e-01   7.6903288e-03   1.6728133e-03  -7.7183420e-03
  -1.8330957e-01  -3.6087205e-01  -4.5452623e-01   1.0101077e-02   1.8573718e-03  -7.4729338e-03
  -1.7527620e-01  -1.3463312e-01  -3.8114750e-01   1.0113635e-02   1.7064514e-03  -7.5135051e-03
  -1.6549928e-01  -2.1648084e-01  -4.3404943e-01   9.1567753e-03   1.6233764e-03  -7.3587883e-03
  -1.7010110e-01  -1.9225750e-01  -4.1311271e-01   8.9648499e-03   1.8483372e-03  -7.5809736e-03
  -1.8287816e-01  -2.1195262e-01  -4.9281761e-01   8.7530730e-03   1.7792864e-03  -7.5623424e-03
  -1.7664296e-01  -3.0652503e-01  -4.3420234e-01   8.9619593e-03   1.8192130e-03  -7.9441461e-03
  -1.6477993e-01  -3.5100062e-01  -3.8528270e-01   1.0479851e-02   1.7731730e-03  -8.0765005e-03
  -1.6770776e-01  -2.9439763e-01  -5.2664082e-01   9.7509759e-03   1.5155774e-03  -7.7335744e-03
  -1.6647677e-01  -2.8310967e-01  -3.8839432e-01   1.0887749e-02   1.3848563e-03  -8.0114707e-03
  -1.8538804e-01  -2.0659884e-01  -4.0224933e-01   1.0273784e-02   1.7701890e-03  -8.0000181e-03
  -1.9596619e-01  -2.8916028e-01  -5.0001013e-01   1.0727582e-02   1.8617564e-03  -8.1385373e-03
  -1.8882536e-01  -2.7143305e-01  -3.6305649e-01   1.0689747e-02   2.1168587e-03  -8.5449067e-03
  -1.8157640e-01  -2.9693300e-01  -4.1697859e-01   9.1768741e-03   2.1777914e-03  -8.3921659e-03
  -1.8376174e-01  -3.3348802e-01  -4.2730723e-01   9.5226282e-03   2.3705260e-03  -8.4691148e-03
  -1.7418165e-01  -2.8569295e-01  -4.1191196e-01   1.0340104e-02   2.0487119e-03  -8.1914690e-03
  -1.9596960e-01  -1.8159502e-01  -5.2854849e-01   9.5831056e-03   1.7879182e-03  -7.7659911e-03
  -2.0210573e-01  -2.4099831e-01  -4.7470242e-01   1.0657701e-02   1.8843308e-03  -8.1030582e-03
  -1.8457051e-01  -1.5875974e-01  -3.4994128e-01   9.2215656e-03   2.0440386e-03  -8.3759917e-03
  -1.8109329e-01  -3.6661995e-01  -5.2248446e-01   1.0014907e-02   1.6650445e-03  -8.0631474e-03
  -1.8364545e-01  -2.9706668e-01  -4.1743746e-01   1.1130023e-02   1.8695473e-03  -8.0918299e-03
  -1.5938868e-01  -3.0315286e-01  -3.1656869e-01   1.0242582e-02   1.7882943e-03  -8.2158091e-03
  -1.8236627e-01  -1.7582153e-01  -6.1603062e-01   8.1950980e-03   1.6093483e-03  -7.7486870e-03
  -1.7789592e-01  -2.8902188e-01  -4.3769365e-01   1.0383353e-02   1.9760438e-03  -8.0546750e-03
  -1.6671450e-01  -2.4199746e-01  -3.9743227e-01   8.8381719e-03   2.0204021e-03  -8.1204269e-03
  -1.7223583e-01  -3.4511792e-01  -4.4432458e-01   9.7389359e-03   1.8311484e-03  -8.1607859e-03
  -1.9998931e-01  -2.5577638e-01  -4.9755615e-01   1.0285568e-02   1.8043910e-03  -7.9319407e-03
  -2.2049394e-01  -1.5440000e-01  -5.0634945e-01   9.9158913e-03   2.0549179e-03  -7.8855498e-03
  -1.9890299e-01  -2.6602964e-01  -3.9928000e-01   1.0229560e-02   2.3474856e-03  -7.8815941e-03
  -1.8709222e-01  -2.6933486e-01  -4.7829623e-01   8.8886371e-03   2.2758310e-03  -8.0183440e-03
  -1.9592390e-01  -2.7851128e-01  -7.0012950e-01   1.0252863e-02   1.7036685e-03  -7.7724919e-03
  -1.7153486e-01  -2.4575834e-01  -3.8127505e-01   8.8909645e-03   2.0762213e-03  -8.1086543e-03
  -1.8105042e-01  -3.4152236e-01  -6.1072082e-01   9.6991051e-03   1.7984886e-03  -7.6339837e-03
  -1.9222269e-01  -2.8776545e-01  -4.8695333e-01   1.0969251e-02   2.0193825e-03  -7.8665094e-03
  -1.7810107e-01  -2.6977606e-01  -4.1155838e-01   1.0485410e-02   2.0244841e-03  -8.1178046e-03
  -1.6930634e-01  -3.1571634e-01  -4.9908583e-01   1.0142939e-02   2.0881626e-03  -7.9841143e-03
  -1.5884392e-01  -2.9665287e-01  -4.2096514e-01   9.6034939e-03   2.1229722e-03  -7.9091744e-03
  -1.6319727e-01  -3.1831953e-01  -4.2368880e-01   1.0798540e-02   2.0009735e-03  -8.1122180e-03
  -1.6491620e-01  -3.3273984e-01  -4.7620189e-01   1.1005345e-02   2.1565283e-03  -7.9938385e-03
  -1.6485063e-01  -2.0713888e-01  -4.3786481e-01   9.5747374e-03   2.3881959e-03  -7.6499848e-03
  -1.6680665e-01  -3.2193607e-01  -4.7783078e-01   1.0861205e-02   2.1482025e-03  -7.5415716e-03
  -1.5449691e-01  -2.6036966e-01  -5.3258930e-01   1.1817152e-02   1.9569498e-03  -7.2525447e-03
  -1.4450814e-01  -3.3288176e-01  -3.2657767e-01   1.1898225e-02   2.3146886e-03  -7.8156382e-03
  -1.7988259e-01  -1.9451729e-01  -6.1316878e-01   9.4648439e-03   2.3671681e-03  -7.4807620e-03
  -1.5963656e-01  -3.6618914e-01  -4.7393590e-01   1.1277016e-02   2.0214065e-03  -7.3961157e-03
  -1.7168604e-01  -2.7273744e-01  -4.5286663e-01   1.1049525e-02   2.2893520e-03  -7.5583848e-03
  -1.8916390e-01  -1.5625008e-01  -4.7132970e-01   9.0823271e-03   2.5500254e-03  -7.9877410e-03
  -1.9342938e-01  -3.2791010e-01  -5.3290362e-01   1.1692083e-02   2.2000500e-03  -7.8146349e-03
  -2.0296950e-01  -1.6264526e-01  -5.0769501e-01   1.1226196e-02   2.3727552e-03  -7.6969338e-03
  -1.8863395e-01  -2.1354488e-01  -4.3213250e-01   1.0353937e-02   2.4155337e-03  -7.7831541e-03
  -1.7895924e-01  -3.6750300e-01  -4.4785514e-01   1.1345031e-02   2.3751246e-03  -7.8473236e-03
  -1.6000892e-01  -3.9774451e-01  -3.7752402e-01   1.0384742e-02   2.4199014e-03  -8.0231073e-03
  -1.6684969e-01  -3.6663354e-01  -4.6421086e-01   1.0781480e-02   2.4573512e-03  -7.9210412e-03
  -1.7921670e-01  -2.8501061e-01  -4.3028734e-01   9.9996038e-03   2.6695828e-03  -7.7081365e-03
  -1.7908229e-01  -2.1184218e-01  -4.9751103e-01   9.8491549e-03   2.4273957e-03  -7.5677408e-03
  -1.5921896e-01  -2.3785014e-01  -4.2587322e-01   1.0618986e-02   2.2496803e-03  -7.2832358e-03
  -1.6937322e-01  -1.5267494e-01  -4.3933943e-01   1.0451662e-02   2.3742429e-03  -7.2833316e-03
  -1.8524147e-01  -1.6473756e-01  -5.3827351e-01   1.0849662e-02   2.4695536e-03  -7.4357565e-03
  -1.5444217e-01  -2.5948430e-01  -3.8348518e-01   1.0113015e-02   2.3862969e-03  -7.7054444e-03
  -1.2199777e-01  -3.4036319e-01  -4.0871608e-01   9.3808597e-03   2.1199604e-03  -7.3663242e-03
  -1.3415484e-01  -3.1761649e-01  -5.6961399e-01   1.0149729e-02   1.6838718e-03  -7.0332083e-03
  -1.6013205e-01  -2.0779312e-01  -5.1407011e-01   1.1057428e-02   1.9288935e-03  -7.0499817e-03
  -1.5255470e-01  -1.6973461e-01  -3.9028210e-01   9.4399835e-03   2.1207943e-03  -6.9476051e-03
  -1.4868251e-01  -2.6648954e-01  -4.3301177e-01   1.0168917e-02   2.2228724e-03  -6.9445424e-03
  -1.5894839e-01  -3.1549574e-01  -4.6271828e-01   1.1383255e-02   2.2239083e-03  -7.0201096e-03
  -1.5613300e-01  -3.1099684e-01  -4.2689257e-01   1.1047852e-02   2.4685139e-03  -7.2778321e-03
  -1.3710116e-01  -3.0735005e-01  -3.9386296e-01   9.9876077e-03   2.4831021e-03  -7.5972390e-03
  -1.4859778e-01  -3.6015288e-01  -4.8488974e-01   1.0119849e-02   2.3584135e-03  -7.5641121e-03
  -1.4681175e-01  -3.1888310e-01  -5.0670519e-01   1.0942178e-02   2.1916781e-03  -7.3737563e-03
  -1.7365877e-01  -2.0229263e-01  -5.9982565e-01   1.2322413e-02   2.2588911e-03  -7.3470749e-03
  -1.6317395e-01  -1.8947538e-01  -4.1815329e-01   1.0559934e-02   2.5416994e-03  -7.6198951e-03
  -1.4863529e-01  -3.3661713e-01  -4.5074111e-01   1.0864507e-02   2.3367365e-03  -7.6978827e-03
  -1.5603989e-01  -3.5046846e-01  -4.3550518e-01   1.0786614e-02   2.5780426e-03  -7.5668710e-03
  -1.5993204e-01  -2.6944530e-01  -4.8233189e-01   1.0153068e-02   2.5762100e-03  -7.1927946e-03
  -1.4679618e-01  -2.5948248e-01  -4.2957407e-01   9.7186917e-03   2.6034280e-03  -6.9664862e-03
  -1.7643539e-01  -2.5038841e-01  -6.2292531e-01   1.1401669e-02   2.3779045e-03  -7.0497617e-03
  -1.5064461e-01  -1.9621700e-01  -3.0149910e-01   9.8737201e-03   2.7110547e-03  -7.2426557e-03
  -1.5855866e-01  -5.7034904e-01  -6.5641609e-01   1.3214202e-02   2.3866732e-03  -7.1505948e-03
  -1.8954401e-01  -4.0469426e-02  -6.7445668e-01   9.3808810e-03   2.4468490e-03  -6.8665746e-03
  -1.7277669e-01  -4.6339339e-01  -4.2591259e-01   1.2129915e-02   2.8600487e-03  -7.4094259e-03
  -1.7692541e-01  -1.3763137e-01  -6.2672294e-01   9.8644649e-03   2.3812341e-03  -7.0061352e-03
  -1.5405715e-01  -2.6948750e-01  -5.5749458e-01   1.0903889e-02   2.3518857e-03  -6.9728186e-03
  -1.5669229e-01  -2.3856860e-01  -4.2258754e-01   9.7520836e-03   2.7383405e-03  -7.1035307e-03
  -1.1921797e-01  -3.6996623e-01  -5.8046797e-01   1.0893105e-02   2.1328579e-03  -6.6625576e-03
  -1.3601093e-01  -2.5222246e-01  -5.8158578e-01   1.1919231e-02   2.1701951e-03  -6.3490388e-03
  -1.3345065e-01  -2.6079380e-01  -4.5884438e-01   1.1521104e-02   2.3406469e-03  -6.6708901e-03
  -1.0930362e-01  -2.8765324e-01  -3.7148930e-01   1.0487381e-02   2.2265890e-03  -6.6005461e-03
  -1.1875766e-01  -3.0871292e-01  -5.7630555e-01   1.0008209e-02   2.2817000e-03  -6.5011952e-03
  -1.3882036e-01  -4.5784127e-01  -5.1617214e-01   1.2650963e-02   2.3030898e-03  -6.6812438e-03
  -1.7585087e-01  -9.7430261e-02  -5.0534568e-01   9.5732092e-03   2.7189494e-03  -6.8737647e-03
  -1.6970078e-01  -2.8167259e-01  -6.1938617e-01   1.0869779e-02   2.4496902e-03  -6.7617144e-03
  -1.5227426e-01  -1.3492429e-01  -4.3372974e-01   9.4539571e-03   2.6463226e-03  -7.0802971e-03
  -1.3184171e-01  -3.0738015e-01  -5.1930167e-01   9.7690816e-03   2.4059821e-03  -6.5734831e-03
  -1.4877293e-01  -1.8198162e-01  -5.9036880e-01   1.0242142e-02   2.3263391e-03  -6.5241749e-03
  -1.6362301e-01  -2.3409501e-01  -5.6040433e-01   1.2470655e-02   2.5980724e-03  -6.9589635e-03
  -1.6413135e-01  -2.4018653e-01  -6.1549924e-01   1.1422130e-02   2.6522902e-03  -6.9259328e-03
  -1.4343675e-01  -2.5300485e-01  -4.9193055e-01   1.0161808e-02   2.7642552e-03  -7.1006587e-03
  -1.4049703e-01  -4.6144105e-01  -5.0637162e-01   1.2086898e-02   2.9302368e-03  -7.4409080e-03
  -1.5709056e-01  -3.3112681e-01  -5.9447783e-01   1.0668420e-02   2.7879708e-03  -6.9944810e-03
  -1.5999322e-01  -2.3937950e-01  -6.1438686e-01   1.0571232e-02   2.7431972e-03  -6.7355408e-03
  -1.5985005e-01  -2.4827162e-01  -5.8575215e-01   1.1901174e-02   2.6778865e-03  -6.6744265e-03
  -1.3876249e-01  -3.6453376e-01  -5.5121576e-01   1.2619390e-02   2.5628886e-03  -6.8563835e-03
  -1.3893739e-01  -3.5489606e-01  -4.7275760e-01   1.1986619e-02   2.7890627e-03  -7.1712029e-03
  -1.8602481e-01  -1.8937496e-01  -7.4215929e-01   9.8371361e-03   2.9804708e-03  -7.0964045e-03
  -1.6435754e-01  -2.6240678e-01  -5.5955178e-01   1.0709469e-02   2.8717752e-03  -7.1705575e-03
  -1.6206602e-01  -2.6750082e-01  -5.6006194e-01   1.2037911e-02   2.7242031e-03  -6.8742717e-03
  -1.5391972e-01  -2.4460663e-01  -5.1110133e-01   1.2352876e-02   2.7012628e-03  -6.6838059e-03
  -1.2695298e-01  -3.2379776e-01  -5.4458148e-01   1.2161732e-02   2.7524260e-03  -6.3519124e-03
  -1.1523217e-01  -3.4017602e-01  -5.4814794e-01   1.2029160e-02   2.7858606e-03  -6.2842404e-03
  -1.0822456e-01  -3.7847322e-01  -5.1277717e-01   1.1294002e-02   2.8020287e-03  -6.4213286e-03
  -1.0184851e-01  -3.9715949e-01  -5.4743890e-01   1.1735463e-02   2.4487870e-03  -6.5133574e-03
  -1.0291219e-01  -2.4900454e-01  -5.6370773e-01   1.0850252e-02   2.1492112e-03  -6.0338039e-03
  -9.9611553e-02  -3.6955960e-01  -6.0477663e-01   1.3652134e-02   2.0752782e-03  -6.0006801e-03
  -1.0536942e-01  -2.4201499e-01  -4.9700960e-01   1.2110262e-02   2.3316710e-03  -6.2187445e-03
  -8.4334379e-02  -3.3403711e-01  -4.3065563e-01   1.0662489e-02   2.2872413e-03  -6.4050699e-03
  -1.3559482e-01  -2.8217915e-01  -8.5872303e-01   1.1089818e-02   2.1612968e-03  -5.7571479e-03
  -1.3242073e-01  -1.5682109e-01  -4.3760988e-01   1.0969366e-02   2.6613779e-03  -6.1808963e-03
  -1.5820296e-01  -2.8998445e-01  -8.3409093e-01   1.0857625e-02   2.5237594e-03  -5.6572551e-03
  -1.2708496e-01  -2.4329530e-01  -4.8836161e-01   1.1477723e-02   2.4893589e-03  -6.0445678e-03
  -1.2330607e-01  -3.6239783e-01  -5.6844410e-01   1.1310761e-02   2.5406206e-03  -5.8045556e-03
  -1.5867506e-01  -2.5378175e-01  -8.6827169e-01   1.1576532e-02   2.6122489e-03  -5.2400197e-03
  -1.1379625e-01  -4.4670800e-01  -4.9354968e-01   1.2663250e-02   2.5546617e-03  -6.2064520e-03
  -1.2121641e-01  -2.6376990e-01  -6.9412507e-01   1.0521430e-02   2.3658730e-03  -5.6095511e-03
  -1.0446560e-01  -4.6310139e-01  -5.7068339e-01   1.3014868e-02   2.3828953e-03  -5.8226930e-03
  -1.1371081e-01  -1.2465251e-01  -6.4491590e-01   1.0153862e-02   2.3057643e-03  -5.9318512e-03
  -1.2607048e-01  -3.1331803e-01  -7.2137329e-01   1.2015314e-02   2.2545341e-03  -5.7826924e-03
  -1.5647612e-01  -2.0459972e-01  -7.3641323e-01   1.2339492e-02   2.5373839e-03  -5.8230212e-03
  -1.6314570e-01  -1.7586392e-01  -6.8057117e-01   1.1030526e-02   2.7845682e-03  -5.8805928e-03
  -1.4188292e-01  -3.2685854e-01  -6.7617269e-01   1.1274558e-02   2.6615936e-03  -5.8065027e-03
  -1.2200015e-01  -3.7753470e-01  -6.5063784e-01   1.1760221e-02   2.5170973e-03  -5.9611474e-03
