   0.0000000e+00   0.0000000e+00   0.0000000e+00   0.0000000e+00   0.0000000e+00   0.0000000e+00
  -8.6728592e-04  -1.6940039e-05  -4.9027581e-02  -2.7017588e-04  -2.1406840e-04   2.0391343e-04
  -1.4505317e-02   2.7827537e-04  -6.0728915e-02  -9.4095998e-04  -1.3801706e-04  -9.6263655e-05
  -5.7752443e-03  -9.1350901e-03  -7.2597676e-02  -7.2321742e-04  -5.4085609e-04   2.0387451e-04
  -1.8628858e-02   1.0467304e-03  -6.3068825e-02  -1.5683034e-03  -2.8786297e-04  -3.0056313e-04
  -5.5981276e-03  -9.6859159e-02  -1.1972490e-01  -1.6227764e-03  -6.4869180e-04  -2.6189401e-05
  -1.3742244e-02  -1.4580667e-02  -1.1680492e-01  -1.8002684e-03  -4.6317325e-04  -2.0044627e-04
  -2.4542126e-02  -2.6489991e-02  -1.1668605e-01  -1.2397526e-03  -3.2316888e-04  -4.3018170e-04
  -8.0724128e-03  -5.8285068e-02  -7.8294981e-02   3.2694211e-04  -1.3131699e-04  -7.8831947e-05
  -2.8987269e-02  -5.0376519e-02  -1.0345524e-01  -6.6869213e-04  -1.2972862e-04  -4.8299410e-04
  -2.6429246e-02  -5.6239827e-02  -1.0204166e-01  -7.2343315e-04  -7.1520976e-04  -5.1170295e-04
  -2.7442355e-02  -2.5336008e-02  -1.0655275e-01  -4.6022340e-04  -5.8804124e-04  -4.7987946e-04
  -3.3536744e-02  -2.9026163e-02  -1.3948892e-01  -5.8870009e-04  -5.0993709e-04  -5.5264540e-04
  -3.2901056e-02  -2.4180561e-02  -8.4712328e-02  -7.6213456e-04   5.4301674e-05  -6.8719929e-04
  -3.7272862e-02  -4.0566088e-02  -1.2079784e-01  -1.0163184e-03   1.1200821e-04  -1.0238045e-03
  -2.8823274e-02   7.0098932e-04  -1.2678681e-01  -1.1737266e-03  -1.5613055e-04  -1.0819523e-03
  -3.7207550e-02  -5.9020931e-03  -1.8828926e-01  -1.1409614e-03   3.5183252e-04  -1.0760303e-03
  -3.2727180e-02  -2.5617544e-02  -1.7929197e-01  -7.4964364e-04   6.1943662e-04  -9.5020505e-04
  -3.3385474e-02  -8.6201469e-02  -2.0717739e-01  -1.3760806e-03   6.6269132e-04  -1.0140491e-03
  -1.9915961e-02   3.3961809e-02  -1.6640432e-01  -3.1418060e-04   4.2196876e-04  -8.8447207e-04
  -3.2609195e-02  -3.0167024e-02  -2.0629345e-01  -7.6499043e-04   8.7768867e-04  -1.0301435e-03
  -1.5777089e-02  -6.2176343e-02  -1.8331784e-01  -4.6449722e-04   6.1237059e-04  -8.2451684e-04
  -2.6425397e-02  -2.8297331e-02  -1.8789001e-01  -1.3513725e-04   7.5214493e-04  -9.3726930e-04
  -1.8011710e-02  -7.8822504e-02  -2.0586387e-01   5.1680275e-04   3.6205774e-04  -7.7428481e-04
  -3.8638770e-02  -6.0176731e-02  -1.9859923e-01   3.8327637e-05   7.8917651e-04  -7.2194689e-04
  -4.4203694e-02  -7.1908285e-02  -1.9361595e-01   7.3784844e-04   9.8366917e-04  -1.0279466e-03
   1.5131847e-02  -4.1116001e-02  -1.8375927e-01   3.9832014e-04   3.7176296e-03   1.1469161e-04
   6.7394830e-02  -1.2864232e-01  -5.6074778e-01   6.3077413e-03   4.7425108e-03   2.4626168e-03
   4.4365474e-02  -1.1288998e-01  -4.3169268e-01   5.8887775e-03   1.4806346e-03   8.2568295e-04
  -5.7006129e-02  -1.3866521e-01  -3.0446883e-01   1.6443395e-03  -1.7312379e-04  -1.8261247e-03
  -5.2805994e-02  -3.4843227e-02  -3.0208774e-01   2.0626850e-03  -3.9317918e-04  -1.8832435e-03
  -5.8907275e-02  -4.6987344e-02  -3.2993241e-01   1.6481603e-03  -2.2228249e-04  -2.0085853e-03
  -5.6968156e-02  -1.0203054e-01  -3.4325936e-01   2.0372594e-03  -2.9395510e-04  -2.1822522e-03
  -4.9287875e-02  -6.5091135e-02  -3.1533587e-01   1.8884664e-03  -2.5538435e-04  -1.7954709e-03
  -6.0805753e-02  -1.0416871e-01  -3.7851353e-01   1.6906494e-03   4.0717865e-05  -2.2071705e-03
  -5.7343286e-02  -5.7556507e-02  -3.3407778e-01   1.7031848e-03   2.0113960e-05  -2.1981495e-03
  -7.1209345e-02  -1.3269872e-01  -3.5893816e-01   1.7406098e-03   2.4660177e-04  -2.3589804e-03
  -6.0192101e-02  -1.0958741e-01  -3.6970880e-01   1.6155984e-03   1.1038359e-04  -2.4149342e-03
  -6.8664304e-02  -7.6683621e-02  -3.8474900e-01   1.1945279e-03   2.5449821e-04  -2.4796258e-03
  -6.0698050e-02  -9.4491930e-02  -3.8933223e-01   1.1908569e-03   1.3328630e-04  -2.3175176e-03
  -6.6225910e-02  -9.6614470e-02  -3.7734162e-01   1.2843261e-03   3.0758123e-04  -2.3257408e-03
  -6.9519751e-02  -5.2972694e-02  -3.6865332e-01   1.3374214e-03   3.9510617e-04  -2.4191585e-03
  -8.9836395e-02  -1.0602622e-01  -3.3038158e-01   1.4333407e-03   5.4787908e-04  -2.4251371e-03
  -1.0308388e-01  -7.7433400e-02  -3.4217491e-01   1.4908206e-03   5.3626342e-04  -2.8813282e-03
  -8.7005014e-02  -7.4257592e-02  -3.5104624e-01   1.6828884e-03   3.9830484e-04  -2.7711413e-03
  -1.1017015e-01  -8.0010437e-02  -3.0560009e-01  -7.2792526e-05   5.5569588e-04  -3.2272500e-03
  -9.7417697e-02  -4.6708724e-02  -3.2534194e-01   9.2842142e-04   7.7711679e-04  -2.9796607e-03
  -1.0643173e-01  -1.0286978e-01  -3.1835861e-01   7.6852552e-04   6.9063831e-04  -3.1284438e-03
  -9.7808833e-02  -9.1197863e-02  -3.4664873e-01   7.9319630e-04   3.4947105e-04  -2.9632010e-03
  -1.1267813e-01  -5.7776498e-02  -3.3604221e-01   6.7384843e-04   5.6821950e-04  -3.0652062e-03
  -1.0073448e-01  -7.8785498e-02  -3.3672557e-01   5.5521039e-04   5.8772415e-04  -2.9116916e-03
  -1.1028358e-01  -1.4192057e-01  -3.3796841e-01   1.0733756e-03   5.9570012e-04  -3.0224188e-03
  -1.0762071e-01  -9.4060602e-02  -3.1940925e-01   1.0240839e-03   9.8323836e-04  -2.9455523e-03
  -1.1330853e-01  -6.9842374e-02  -3.2137954e-01   9.4658169e-04   7.8286295e-04  -2.9532351e-03
  -9.6941092e-02  -6.1037068e-02  -3.1628125e-01   4.9860452e-04   6.0360259e-04  -2.6148175e-03
  -1.0319195e-01  -6.1198417e-02  -3.0333225e-01   1.6842288e-04   6.0627091e-04  -2.7937464e-03
  -9.3945442e-02  -8.7990272e-02  -3.0486499e-01   4.4784150e-05   5.5484082e-04  -2.6472893e-03
  -9.5980143e-02  -5.3724327e-02  -3.2135224e-01   4.4697473e-04   8.4739318e-04  -2.4847191e-03
  -8.5605017e-02  -1.0985623e-01  -3.7249079e-01   3.8980967e-04   7.2576329e-04  -2.4168538e-03
  -8.8265659e-02  -2.0966766e-02  -3.0774143e-01   3.2564870e-04   7.8975726e-04  -2.6276207e-03
  -9.4525819e-02  -1.2279013e-01  -3.7215738e-01   7.5103132e-04   6.7170687e-04  -2.8022501e-03
  -9.2073542e-02  -9.4831674e-02  -3.2900491e-01   9.6212809e-04   6.3772068e-04  -2.5821546e-03
  -1.0178649e-01  -1.0440137e-01  -3.6681679e-01   1.3797435e-03   8.8384563e-04  -2.8262697e-03
  -9.4739091e-02  -7.7636478e-02  -3.5787149e-01   1.1260326e-03   5.1273491e-04  -2.7164493e-03
  -1.0042196e-01  -7.0812964e-02  -3.4513691e-01   1.1179475e-03   7.0753450e-04  -2.8387684e-03
  -1.0257185e-01  -8.1614802e-02  -4.1743908e-01   1.2931938e-03   8.7458597e-04  -2.9614110e-03
  -7.6575009e-02  -2.7867964e-02  -3.5038802e-01   1.1588328e-03   3.1505758e-04  -2.6086710e-03
  -8.7204477e-02  -4.1728621e-02  -3.4264510e-01   9.8241642e-04   3.4800208e-04  -2.8044736e-03
  -8.4885162e-02  -6.9244632e-02  -3.5949034e-01   1.5276206e-03  -9.2645883e-06  -2.6935116e-03
  -9.8595135e-02  -5.5195911e-02  -3.4173677e-01   1.6214694e-03   4.6639243e-04  -3.0212133e-03
  -9.1596048e-02  -5.7565766e-02  -3.9317342e-01   1.9441345e-03   6.6437945e-04  -3.2674215e-03
  -9.0999680e-02  -8.3645241e-02  -3.5950032e-01   1.0676489e-03   5.6075222e-04  -3.5734693e-03
  -9.1036777e-02  -6.6578437e-02  -3.8740152e-01   9.5699651e-04   6.0065900e-04  -3.6842503e-03
  -9.1589513e-02  -4.5672276e-02  -3.6133821e-01   5.4288835e-04   3.8356579e-04  -3.7882049e-03
  -1.0022879e-01  -8.6664806e-02  -3.6041012e-01   6.0862012e-04   4.8760013e-04  -3.9622672e-03
  -9.3697359e-02  -7.3125560e-02  -3.5362470e-01   4.1435639e-04  -4.4300874e-05  -3.9588789e-03
  -1.0895032e-01  -2.7602729e-02  -3.7443376e-01   5.0110232e-04  -1.7602139e-04  -4.4121565e-03
  -1.1162891e-01  -1.0182415e-01  -4.4055105e-01   6.3546973e-04  -1.3513679e-04  -4.4832756e-03
  -1.1961208e-01  -4.4662639e-02  -4.4532521e-01   4.8663312e-04   1.2432926e-05  -4.1289135e-03
  -1.2079480e-01  -7.8877801e-02  -4.5536128e-01   9.3257746e-04  -1.0649039e-04  -4.3793425e-03
  -1.3540501e-01  -8.6718970e-02  -4.4062023e-01   1.2469035e-03   1.3483815e-04  -4.5566400e-03
  -1.2232942e-01  -1.0749064e-01  -4.7538505e-01   1.2232277e-03  -1.3663554e-06  -4.6308272e-03
  -1.3690845e-01  -9.5444194e-02  -4.6374984e-01   7.7014123e-04   4.1396208e-04  -4.9405047e-03
  -1.6756347e-01  -7.1182513e-02  -4.4440229e-01  -2.5294571e-03   4.8771382e-04  -5.9023934e-03
  -1.9875656e-01   1.1900349e-02  -4.4769950e-01  -6.0263722e-03   8.6809862e-04  -6.7008995e-03
  -1.9139085e-01  -1.0048338e-01  -5.0908465e-01  -3.4910065e-03   4.6091288e-04  -6.6434853e-03
  -1.9630308e-01   1.4404400e-02  -4.8793203e-01  -3.7328095e-03   4.8087251e-04  -6.7884440e-03
  -1.8319854e-01  -6.3626341e-02  -4.9728597e-01  -2.7763173e-03   5.0846324e-04  -6.8142473e-03
  -1.7949941e-01  -1.4828760e-02  -4.8682880e-01  -2.6339512e-03   7.2421200e-04  -6.6975467e-03
  -1.7145743e-01  -5.8927579e-02  -4.9373231e-01  -1.9675280e-03   6.0791971e-04  -6.5240386e-03
  -1.7437307e-01  -7.2211054e-02  -5.0013831e-01  -2.6640155e-03   7.4024225e-04  -6.4070102e-03
  -1.7252752e-01  -5.3730802e-02  -5.2971188e-01  -2.6390631e-03   8.6090182e-04  -6.3171830e-03
  -1.8905190e-01  -7.8185241e-02  -5.3816531e-01  -2.6136623e-03   9.9709340e-04  -6.7865651e-03
  -1.7335038e-01  -8.6485976e-02  -5.5350261e-01  -1.9925787e-03   6.0107918e-04  -6.4528227e-03
  -1.8791337e-01  -5.3717513e-02  -5.5643616e-01  -2.0859532e-03   1.0024205e-03  -6.5973250e-03
  -1.6558789e-01  -4.8250966e-02  -5.3956599e-01  -1.0883729e-03   4.1081396e-04  -6.2699194e-03
  -1.8258945e-01  -8.6478512e-02  -5.3147074e-01  -1.2041078e-03   8.4637257e-04  -6.4666500e-03
  -1.7110401e-01  -4.5519688e-02  -5.5339383e-01  -3.9334020e-04   4.8861870e-04  -6.3472256e-03
  -1.7212048e-01  -5.1902282e-02  -5.2109619e-01  -6.2092116e-04   7.6138998e-04  -6.2563276e-03
  -1.8285041e-01  -9.5536700e-02  -5.4747776e-01  -7.4340823e-04   7.8930702e-04  -6.3711114e-03
  -1.6435331e-01  -5.4213663e-02  -5.0450800e-01  -8.1798208e-04   4.2036089e-04  -6.0570919e-03
  -1.6733958e-01   2.8899180e-02  -4.8649001e-01  -2.9747123e-04   5.8876196e-04  -6.1599967e-03
  -1.6177425e-01  -4.2979098e-03  -4.8993655e-01  -7.6550436e-04   3.4092606e-04  -5.9844863e-03
  -1.8076726e-01   7.9469489e-03  -4.8347165e-01  -4.0415216e-04   5.2792464e-04  -6.4753269e-03
  -1.6620641e-01  -7.5263440e-02  -5.1370363e-01   1.0662977e-03  -2.4774845e-04  -6.1342751e-03
  -1.8142058e-01  -1.6404285e-02  -5.0137161e-01   7.9531378e-04   2.8834089e-04  -6.4758255e-03
  -1.7184782e-01  -4.4849501e-02  -4.8961019e-01   1.5260907e-04   1.2624458e-04  -6.3982786e-03
  -1.8238639e-01   1.8068772e-02  -4.9362659e-01   6.8333262e-04   3.2499321e-04  -6.3615260e-03
  -1.8036777e-01  -4.7733463e-02  -5.1558430e-01   1.1196127e-03   6.3611382e-05  -6.4859802e-03
  -1.9835111e-01  -7.3439172e-02  -5.2310438e-01   1.1194742e-03  -9.1778499e-05  -6.7313801e-03
  -1.4115220e-01  -4.5685585e-02  -5.5146204e-01  -1.3791133e-03  -1.6072735e-03  -4.7228848e-03
  -1.8826989e-01  -4.7969179e-02  -6.3819254e-01   4.3221725e-03  -3.2527428e-03  -7.8863168e-03
  -1.9461866e-01  -1.0746724e-01  -6.6815684e-01   5.6810033e-03  -2.1855394e-03  -8.3967338e-03
  -2.0456932e-01  -6.7820269e-02  -6.4797659e-01   5.3418338e-03  -1.9741463e-03  -8.2264479e-03
  -2.2509181e-01  -1.3833474e-01  -6.6892905e-01   6.3282354e-03  -1.8906130e-03  -8.5666691e-03
  -2.1147257e-01  -8.2712834e-02  -6.4154173e-01   5.6960844e-03  -1.4297948e-03  -8.3750217e-03
  -2.1658089e-01  -1.1491296e-01  -6.6139987e-01   5.7617416e-03  -1.1484999e-03  -8.3225702e-03
  -2.0420286e-01  -7.3161782e-02  -6.2311243e-01   5.5931033e-03  -1.3528604e-03  -8.2645338e-03
  -1.9816735e-01  -8.1159829e-02  -6.1708194e-01   5.6469957e-03  -9.8389307e-04  -8.3369161e-03
  -1.8933093e-01  -7.0810307e-02  -6.2845199e-01   5.2481447e-03  -9.8409393e-04  -8.1065267e-03
  -1.8404926e-01  -4.1221154e-02  -6.2174201e-01   5.0120792e-03  -9.8244109e-04  -8.0485503e-03
  -1.8553908e-01  -7.9900089e-02  -6.5439002e-01   5.4085583e-03  -1.1860734e-03  -7.9997028e-03
  -1.9280033e-01  -2.0405695e-02  -6.2332124e-01   4.8471347e-03  -8.9199628e-04  -8.0862330e-03
  -2.0903744e-01  -5.0973053e-02  -6.0690466e-01   4.7061580e-03  -8.8361913e-04  -8.3920344e-03
  -2.0554579e-01  -8.8380697e-02  -6.1614847e-01   4.8907447e-03  -9.4904584e-04  -8.3275746e-03
  -2.0986202e-01  -6.4737600e-02  -6.1316474e-01   4.6593796e-03  -8.3428479e-04  -8.5830138e-03
  -2.0859465e-01  -4.5697487e-02  -6.1834261e-01   4.5135896e-03  -9.8214789e-04  -8.2489406e-03
  -2.1455116e-01  -2.6324682e-03  -5.9112213e-01   4.0090872e-03  -8.6714198e-04  -8.7330804e-03
  -2.1456145e-01  -7.1923865e-02  -6.1971334e-01   4.4765440e-03  -8.9321136e-04  -8.4981826e-03
  -2.1341555e-01  -8.7088744e-02  -6.1426296e-01   4.4855158e-03  -6.6026171e-04  -8.5598602e-03
  -2.2551810e-01  -7.0977055e-02  -6.0764448e-01   4.0366810e-03  -6.7288902e-04  -8.7509619e-03
  -2.1227846e-01  -2.5042638e-02  -5.8675831e-01   3.7961360e-03  -9.3016148e-04  -8.4850369e-03
  -2.2781402e-01  -8.4665075e-02  -5.7514079e-01   3.7852161e-03  -1.0483797e-03  -8.6863410e-03
  -2.3911805e-01  -6.1284662e-02  -5.6017389e-01   3.1035392e-03  -6.9975687e-04  -8.6597801e-03
  -2.5105942e-01  -3.0144090e-03  -5.1358802e-01   1.2372020e-03   5.3623406e-05  -8.6441466e-03
  -2.4998918e-01  -3.6126447e-02  -5.0961680e-01   7.7707392e-04  -4.7794142e-04  -8.6316866e-03
  -2.4060922e-01  -3.1606372e-02  -4.7199905e-01   8.8404898e-04  -5.2195451e-04  -8.3244530e-03
  -2.4455502e-01  -7.1691677e-02  -4.9048605e-01   1.2737129e-03  -6.9255450e-04  -8.2544690e-03
  -2.4475772e-01  -2.5043762e-02  -4.6914303e-01   7.7976320e-04  -5.7079207e-04  -8.5466559e-03
  -2.3723025e-01   2.4674291e-02  -4.7251531e-01   9.7128833e-04  -7.8056506e-04  -8.6366952e-03
  -2.3089846e-01  -4.2083859e-02  -4.6669905e-01   8.4149932e-04  -6.0544361e-04  -8.5120227e-03
  -2.2127865e-01  -3.4565117e-02  -4.5860914e-01   1.7575138e-03  -8.0646349e-04  -8.1989598e-03
  -2.2714809e-01  -2.0876550e-02  -4.4091209e-01   1.3382504e-03  -6.3955643e-04  -8.4463613e-03
  -2.2884182e-01  -2.5693032e-02  -5.2295638e-01   1.8920501e-03  -6.2273283e-04  -8.5325177e-03
  -2.3843791e-01   9.8511625e-03  -4.5937442e-01   1.4760086e-03  -5.8565068e-04  -8.7070497e-03
  -2.4919123e-01  -2.1624155e-02  -4.8674671e-01   2.0523225e-03  -7.8696793e-04  -8.7300542e-03
  -2.3543758e-01  -2.6243413e-03  -4.4789758e-01   2.4230187e-03  -1.3477188e-03  -8.6897825e-03
  -2.5245378e-01  -5.5055262e-02  -4.6309726e-01   2.2173671e-03  -1.2241272e-03  -8.9674792e-03
  -2.3860520e-01  -6.7874049e-02  -4.7643145e-01   2.2608384e-03  -1.3021506e-03  -8.7816717e-03
  -2.3844293e-01   1.3479786e-03  -4.9154067e-01   2.4189109e-03  -1.1629951e-03  -8.8405403e-03
  -2.3192016e-01  -9.5106918e-02  -5.3100841e-01   3.1124205e-03  -1.1922826e-03  -8.7209306e-03
  -2.3537799e-01  -5.8711129e-03  -5.0448399e-01   3.3973494e-03  -1.3560024e-03  -8.7220210e-03
  -2.3652126e-01  -5.6659120e-02  -5.4633744e-01   3.6898253e-03  -1.5303910e-03  -8.6907379e-03
  -2.3921733e-01  -2.2615406e-02  -4.9376712e-01   3.0841678e-03  -1.5694960e-03  -8.8330201e-03
  -2.4392032e-01  -8.0798845e-02  -5.2166789e-01   4.2539313e-03  -1.5298400e-03  -8.9582152e-03
  -2.3654419e-01  -7.2132562e-02  -5.3696084e-01   4.8212449e-03  -1.5564802e-03  -8.6945996e-03
  -2.3690171e-01  -1.7224977e-04  -4.9383939e-01   4.7319699e-03  -1.3327209e-03  -8.8297037e-03
  -2.3641997e-01  -4.0930550e-02  -4.9603803e-01   4.9163047e-03  -1.5511276e-03  -8.7989366e-03
  -2.4509699e-01  -2.2449986e-02  -4.7648986e-01   4.9519734e-03  -1.3807699e-03  -9.0198329e-03
  -2.4487382e-01  -4.8558636e-02  -4.9761777e-01   4.9787451e-03  -1.8100867e-03  -8.9891749e-03
  -2.4072554e-01  -3.9237682e-03  -4.1869322e-01   4.1390772e-03  -1.8848667e-03  -9.0022174e-03
  -2.4705165e-01  -3.6570012e-02  -4.5132409e-01   4.4544245e-03  -1.9009644e-03  -9.0648879e-03
  -2.4900951e-01  -2.5319066e-02  -4.0712170e-01   4.5002397e-03  -1.7919509e-03  -9.1080472e-03
  -2.4922504e-01  -2.3623398e-02  -4.1952518e-01   4.7948171e-03  -1.6875060e-03  -9.1946470e-03
  -2.4205583e-01  -2.4558550e-02  -4.1037249e-01   4.5408014e-03  -1.7120066e-03  -8.8935406e-03
  -2.4570617e-01  -3.0606699e-02  -4.1995373e-01   4.7939977e-03  -1.8402220e-03  -9.0288800e-03
  -2.4046103e-01  -5.4330395e-03  -3.9607970e-01   4.5824209e-03  -1.9487551e-03  -8.9155415e-03
  -2.4800885e-01  -7.9308800e-02  -3.6596613e-01   5.2822217e-03  -1.8639673e-03  -9.0651489e-03
  -2.4345787e-01   4.1094667e-02  -3.6122856e-01   4.9285129e-03  -1.8172712e-03  -8.9158012e-03
  -2.4619023e-01  -2.3775414e-02  -3.8260510e-01   5.2350392e-03  -1.8718875e-03  -9.1753746e-03
  -2.5126183e-01  -3.0784044e-02  -4.3397000e-01   4.1780172e-03  -1.8838043e-03  -9.3345038e-03
  -2.4740799e-01  -3.1790923e-02  -4.3892459e-01   4.8271443e-03  -1.8227622e-03  -9.3182785e-03
  -2.3807147e-01  -2.9450229e-02  -3.9579359e-01   5.0758242e-03  -2.3122971e-03  -9.1497165e-03
  -2.4926822e-01   1.1178729e-02  -3.7558312e-01   4.9028165e-03  -2.3044275e-03  -9.1421725e-03
  -2.4752877e-01  -2.0407503e-03  -3.8128272e-01   4.1306061e-03  -3.0059882e-03  -9.2851924e-03
  -2.8181294e-01  -2.7511466e-02  -4.0382677e-01   4.8798248e-03  -3.2836433e-03  -1.0328155e-02
  -2.8990236e-01   1.3321282e-02  -4.1068588e-01   5.2776089e-03  -3.5148243e-03  -1.0990013e-02
  -2.7627305e-01  -6.8710741e-03  -3.9273364e-01   4.7249768e-03  -3.2716565e-03  -1.0382564e-02
  -2.6904387e-01   2.5846847e-02  -3.4522557e-01   5.0090916e-03  -3.0745497e-03  -1.0318921e-02
  -2.6395762e-01  -4.2790533e-02  -3.3252592e-01   5.4382292e-03  -3.3769364e-03  -1.0142365e-02
  -2.7466939e-01   1.1085428e-02  -3.1795564e-01   5.1862618e-03  -3.7448800e-03  -1.0480698e-02
  -2.7139314e-01  -1.5456264e-02  -3.6825014e-01   5.3228524e-03  -3.7918776e-03  -1.0437426e-02
  -2.6659100e-01   5.1745336e-02  -3.6319490e-01   4.6213095e-03  -3.3457398e-03  -1.0205409e-02
  -2.6416188e-01  -1.3077733e-02  -3.7896232e-01   5.0638358e-03  -3.2585513e-03  -1.0255056e-02
  -2.5287390e-01   7.0402411e-02  -3.4822028e-01   4.9492835e-03  -3.3778796e-03  -1.0115385e-02
  -2.6319339e-01  -1.9856011e-02  -3.6356991e-01   5.3152991e-03  -3.2350237e-03  -1.0289491e-02
  -2.5194451e-01   6.5800001e-02  -3.6353890e-01   4.7372651e-03  -3.3032207e-03  -9.9806133e-03
  -2.3711745e-01   6.4934635e-03  -3.5361812e-01   4.3996462e-03  -1.9082374e-03  -9.5675757e-03
  -2.3563559e-01  -1.5360411e-02  -3.5978179e-01   5.3752156e-03  -1.8971427e-03  -9.3470749e-03
  -2.4955627e-01   2.2726744e-02  -3.3059153e-01   5.1592132e-03  -1.9243398e-03  -9.5961428e-03
  -2.6369590e-01  -4.9421647e-02  -3.3350766e-01   5.3051645e-03  -1.6035761e-03  -9.8633539e-03
  -2.5318619e-01   5.2454391e-03  -3.1230983e-01   4.8838158e-03  -2.0573418e-03  -9.9117688e-03
  -2.5868382e-01   3.1692219e-02  -2.8541561e-01   4.6524007e-03  -2.1752834e-03  -9.9354482e-03
  -2.5164229e-01  -1.8723064e-02  -2.5664920e-01   4.6916423e-03  -2.7565488e-03  -9.7829067e-03
  -2.5925703e-01   8.6033472e-03  -2.5433269e-01   5.2950837e-03  -2.5000915e-03  -9.9015409e-03
  -2.5735964e-01   3.4854857e-02  -2.2753169e-01   4.2896840e-03  -2.9778784e-03  -9.8923579e-03
  -2.8598054e-01  -1.4168757e-02  -2.8772788e-01   4.6390168e-03  -2.6820733e-03  -1.0295997e-02
  -2.5589657e-01   6.7791401e-03  -2.7439429e-01   4.6546692e-03  -2.8822198e-03  -9.8302024e-03
  -2.7979627e-01  -2.4775723e-03  -2.8729921e-01   5.1112452e-03  -2.8403026e-03  -1.0249160e-02
  -2.7159673e-01   6.6217560e-02  -2.2126626e-01   4.7705225e-03  -3.6187349e-03  -1.0155067e-02
  -2.7329720e-01   8.6671118e-02  -1.5203178e-01   6.4708936e-03  -3.8728146e-03  -1.0445370e-02
  -2.7302907e-01  -2.6472517e-02  -1.7758981e-01   5.1588388e-03  -3.8446771e-03  -1.0313294e-02
  -2.8834117e-01   4.4599465e-02  -1.6789413e-01   5.1909104e-03  -3.9068687e-03  -1.0556265e-02
  -2.7706486e-01   3.0427528e-02  -1.8316830e-01   4.2795594e-03  -3.7868297e-03  -1.0284453e-02
  -2.6496473e-01  -1.2837083e-02  -2.5100105e-01   5.3642766e-03  -3.6228706e-03  -1.0136272e-02
  -2.5198509e-01   2.0427062e-02  -2.6232351e-01   6.2668346e-03  -3.7598047e-03  -9.8855924e-03
  -2.6253469e-01   9.0358398e-02  -2.1682606e-01   6.3356679e-03  -3.4521983e-03  -1.0095418e-02
  -2.6230859e-01  -4.9658308e-02  -2.1808974e-01   6.7389170e-03  -3.6138065e-03  -9.9659543e-03
  -2.9687577e-01   4.8493239e-02  -1.5062478e-01   5.9761707e-03  -3.2737682e-03  -1.0455482e-02
  -3.0506930e-01   5.7723018e-03  -1.2576062e-01   5.7181082e-03  -4.0092713e-03  -1.0601199e-02
  -3.4389799e-01  -3.4680129e-02  -5.2048012e-02   4.8625360e-03  -3.4650812e-03  -1.1274872e-02
  -3.0847405e-01  -3.8141317e-02  -2.1476582e-01   4.4153696e-03  -3.7081801e-03  -1.0810021e-02
  -3.1628764e-01  -1.6212657e-02  -2.7808690e-01   3.7498342e-03  -3.3950353e-03  -1.0952326e-02
  -3.0528408e-01   4.3579020e-03  -2.5191259e-01   4.2973848e-03  -3.7322354e-03  -1.0787873e-02
  -3.3042239e-01   3.1853263e-03  -1.9599350e-01   4.6070128e-03  -3.4843174e-03  -1.1107029e-02
  -3.1194202e-01  -1.8647613e-02  -1.8945279e-01   5.1576405e-03  -3.7694767e-03  -1.0582462e-02
  -3.0769160e-01  -2.0536561e-02  -1.4527959e-01   4.8539824e-03  -3.6992030e-03  -1.0422398e-02
  -3.0106311e-01  -4.9306275e-02  -1.5059316e-01   4.5983602e-03  -3.9452647e-03  -1.0508012e-02
  -2.9611188e-01   1.0777959e-02  -1.1692060e-01   4.3534076e-03  -3.7832256e-03  -1.0376373e-02
  -2.9540492e-01  -2.6956412e-02  -1.4691874e-01   5.4884254e-03  -4.0253259e-03  -1.0344599e-02
  -2.9981660e-01  -2.0400326e-02  -1.5497251e-01   4.9181815e-03  -3.5935335e-03  -1.0391734e-02
  -2.9379997e-01  -5.1341097e-02  -1.4953256e-01   5.1261439e-03  -3.3084927e-03  -1.0250156e-02
  -2.8160372e-01   5.5726114e-02  -9.7254207e-02   3.8810595e-03  -3.2051294e-03  -1.0304941e-02
  -2.8212142e-01  -4.5295543e-02  -1.2202913e-01   4.4668913e-03  -3.2715809e-03  -1.0186742e-02
  -2.8012189e-01   1.0502344e-03  -8.1000613e-02   3.6613613e-03  -3.4504779e-03  -1.0178944e-02
  -2.8010780e-01  -2.0766265e-02  -9.4106367e-02   5.0924259e-03  -3.4975441e-03  -1.0254263e-02
  -2.8217170e-01   3.0258760e-02  -7.4867726e-02   4.2309342e-03  -3.1570856e-03  -1.0220166e-02
  -2.7968302e-01   4.2366975e-02  -1.0412813e-01   4.3265470e-03  -3.4242535e-03  -1.0169312e-02
  -2.7770337e-01   8.4289028e-02  -6.6125454e-02   4.3426971e-03  -3.4947310e-03  -1.0170548e-02
  -2.7745313e-01  -1.5224710e-03  -9.9869336e-02   4.9840766e-03  -3.7042832e-03  -1.0108722e-02
  -2.6256768e-01   6.2768828e-04  -1.0339902e-01   4.6753289e-03  -3.9433846e-03  -9.8638813e-03
  -2.5427286e-01   5.5771846e-02  -1.4393428e-01   4.7748656e-03  -4.0682262e-03  -9.9446257e-03
  -2.4867556e-01   2.0084667e-02  -1.5401731e-01   4.9198018e-03  -4.0868276e-03  -9.6068784e-03
  -2.5953840e-01   2.4589360e-02  -9.9133330e-02   5.3359240e-03  -3.8344564e-03  -9.6941603e-03
  -2.5716029e-01   1.0769297e-02  -6.0419300e-02   4.1443628e-03  -4.0830045e-03  -9.4184253e-03
  -2.6252805e-01   7.9435469e-02  -5.7072350e-02   4.7521411e-03  -3.8687380e-03  -9.5909989e-03
  -2.6560288e-01  -3.1212157e-03  -1.5131499e-01   3.9608057e-03  -3.7568392e-03  -9.4677609e-03
  -2.7252080e-01  -3.2942640e-02  -1.4950974e-02   3.4207970e-03  -3.1131994e-03  -9.4786439e-03
  -2.2183042e-01   1.3017618e-02   2.9477048e-02   2.5351367e-03  -3.8556420e-03  -7.7662214e-03
  -2.0830376e-01   8.0364958e-02  -3.7708388e-02   2.0067671e-03  -3.4904087e-03  -6.8028805e-03
  -2.0538680e-01   5.6451008e-02  -6.7779915e-02   2.0664851e-03  -3.8784057e-03  -6.4342708e-03
  -2.0478004e-01   4.2977117e-02  -4.2090418e-02   1.1894665e-03  -3.9495900e-03  -6.0943758e-03
  -2.0763333e-01  -4.6830552e-02  -5.9112834e-02   1.4932060e-03  -4.0930294e-03  -6.2322801e-03
  -2.0654444e-01   3.7432691e-03  -1.8892491e-02   1.4366267e-03  -3.7862265e-03  -6.2628672e-03
  -2.0196437e-01  -2.9555865e-02  -1.6702634e-02   1.1462439e-03  -3.9640476e-03  -6.1454983e-03
  -1.9567961e-01  -2.5638439e-02   1.8925721e-02   9.7014504e-04  -3.5582385e-03  -5.9321977e-03
  -1.8206851e-01  -5.3785711e-02  -2.1998998e-02   1.0930831e-03  -3.3051309e-03  -5.6293903e-03
  -1.6540754e-01  -3.2281603e-02  -2.5792438e-02   8.0843257e-04  -2.0406167e-03  -5.0353683e-03
  -1.9888832e-01  -2.7853291e-02  -7.8104957e-02   2.3464836e-03  -2.9510643e-03  -6.9609475e-03
  -1.8541957e-01   3.5746681e-02  -1.3990225e-02   1.3022125e-03  -3.0178133e-03  -6.6990071e-03
  -1.8893906e-01  -4.1430282e-02  -3.0391601e-02   1.3979141e-03  -3.0271994e-03  -6.8427851e-03
  -1.5737659e-01  -3.0185273e-02  -5.6747632e-02   1.5885057e-03  -2.1146255e-03  -6.0202602e-03
  -1.8077044e-01  -2.1677014e-02  -5.9517090e-02   1.1448981e-03  -2.2304473e-03  -6.8269095e-03
  -1.5369654e-01  -3.6714593e-02  -1.0430759e-01   1.6860840e-03  -2.2576408e-03  -6.2549751e-03
  -1.4822237e-01   1.0956227e-02  -5.3047421e-02   1.4053198e-03  -1.3333949e-03  -5.6044892e-03
  -1.8201751e-01  -4.7987515e-02  -2.8110185e-02   1.5415707e-03  -1.5896262e-03  -7.1753035e-03
  -1.9128163e-01  -4.8487329e-02  -4.0476372e-03   1.9184706e-03  -1.6469149e-03  -7.4286828e-03
  -2.0358241e-01   1.7138034e-03  -1.2143098e-03   1.8180315e-03  -1.7688458e-03  -7.6359019e-03
  -1.7574586e-01   1.8310748e-02  -8.6765299e-03   2.0464363e-03  -1.3435144e-03  -6.8520441e-03
  -2.0300886e-01  -4.1104451e-02  -1.2328581e-02   2.1343364e-03  -1.4214481e-03  -7.4995365e-03
  -2.0993636e-01  -3.0160060e-02  -5.0744866e-02   3.0676950e-03  -1.7020296e-03  -7.6277233e-03
  -2.1837414e-01  -2.0306732e-04  -2.7234726e-02   2.8193910e-03  -1.5245707e-03  -7.8236806e-03
  -2.0701437e-01  -6.9471082e-02  -2.2034738e-02   2.8364343e-03  -1.7363027e-03  -7.6840086e-03
  -2.0057321e-01   1.1223016e-03   9.5379956e-04   2.6170664e-03  -1.3085953e-03  -7.5561608e-03
  -1.9033622e-01  -1.1611831e-03  -2.8384256e-02   3.3154265e-03  -1.0047456e-03  -7.1465470e-03
  -1.9159476e-01  -1.1361607e-02  -1.8780414e-02   3.2117727e-03  -5.8389387e-04  -7.1219645e-03
  -2.0003632e-01  -2.9273669e-02  -3.3159221e-02   3.3289842e-03  -6.1482962e-04  -7.2705790e-03
  -1.8627693e-01   2.3156089e-02  -3.5243654e-02   3.4048309e-03  -8.5691374e-04  -7.0420979e-03
  -1.8582314e-01  -4.6866959e-02  -1.0457086e-01   4.0464868e-03  -5.9932577e-04  -6.9942007e-03
  -1.7340409e-01   4.3572349e-03  -8.6618145e-02   4.1834976e-03  -7.4906038e-04  -7.0024312e-03
  -1.9411010e-01  -6.3007731e-02  -1.5518292e-01   4.8695404e-03  -9.5799695e-04  -7.3022690e-03
  -1.8089403e-01  -6.4725248e-04  -1.2699638e-01   4.4493466e-03  -1.5775180e-03  -7.1596233e-03
  -1.8451883e-01  -2.6565199e-02  -1.6572506e-01   5.0999079e-03  -1.9207773e-03  -7.2746756e-03
  -1.8604018e-01   8.3119829e-03  -1.7181027e-01   5.0373573e-03  -2.2527671e-03  -7.3220635e-03
  -1.9694178e-01   5.6925800e-02  -2.0265037e-01   5.5969713e-03  -1.5078334e-03  -7.4928258e-03
  -2.0891599e-01  -3.8374877e-02  -2.3182359e-01   6.8031378e-03  -1.6374157e-03  -7.5352601e-03
  -2.2280755e-01  -2.7666980e-02  -2.1027997e-01   6.4724411e-03  -2.0096923e-03  -8.0556809e-03
  -2.2641608e-01   1.4053675e-02  -1.8079447e-01   6.5762326e-03  -2.6671251e-03  -8.1426616e-03
  -2.6457696e-01   3.6754107e-02  -1.4862220e-01   6.5878080e-03  -3.8438616e-03  -8.6634336e-03
  -2.6815656e-01  -2.9156200e-02  -1.5503958e-01   7.0513926e-03  -4.8507033e-03  -8.8286268e-03
  -2.6787247e-01   6.5916770e-02  -1.9090182e-01   6.7907175e-03  -3.9741901e-03  -8.8646455e-03
  -2.6639501e-01   2.0993801e-02  -2.2618693e-01   7.1326230e-03  -4.0826517e-03  -8.8184514e-03
  -2.7346116e-01   5.8536248e-02  -1.7051523e-01   6.1083287e-03  -4.2345005e-03  -8.8774376e-03
  -2.6266387e-01   5.5478694e-03  -1.9161010e-01   6.9876147e-03  -4.4350756e-03  -8.7009996e-03
  -2.5944288e-01   2.4545125e-02  -1.0298709e-01   6.4749195e-03  -5.0062710e-03  -8.8444180e-03
  -2.6543434e-01   2.0880116e-02  -9.9804966e-02   7.0350143e-03  -5.7544751e-03  -9.0498907e-03
  -2.6287409e-01  -4.2741234e-02  -8.5184013e-02   6.2010495e-03  -5.7873802e-03  -9.0129193e-03
  -2.6796181e-01  -2.1195222e-02  -1.1503544e-01   6.3696172e-03  -5.5206895e-03  -9.0041866e-03
  -3.0753767e-01  -4.4159372e-03  -1.7060746e-01   4.4090657e-03  -5.6123058e-03  -9.3866352e-03
  -2.7020427e-01   4.1876307e-03  -1.7329568e-01   5.4725351e-03  -5.4894918e-03  -8.7762238e-03
  -2.6741363e-01   1.6204200e-02  -1.4868116e-01   6.0317107e-03  -5.5732208e-03  -8.8398500e-03
  -2.7020168e-01   6.6638603e-02  -1.0000238e-01   6.9586770e-03  -6.2643719e-03  -9.1809409e-03
  -3.1759548e-01   1.3299618e-01  -6.4200085e-02   4.2641906e-03  -5.7675151e-03  -1.0051528e-02
  -2.8694609e-01  -9.7814763e-02  -1.1975250e-01   6.7806537e-03  -5.9434936e-03  -9.2291202e-03
  -2.7602192e-01   2.5353556e-02  -4.5845081e-02   6.4205808e-03  -5.9791530e-03  -9.1845968e-03
  -2.9907910e-01   2.2459340e-02  -1.3381018e-01   7.6373309e-03  -6.6426794e-03  -9.5257239e-03
  -3.2508196e-01   7.5033322e-02  -2.0174533e-01   7.3729188e-03  -6.5158633e-03  -9.9459667e-03
  -3.0025544e-01   4.3164186e-02  -1.6787325e-01   8.0700910e-03  -6.9783081e-03  -9.6296205e-03
  -2.8349879e-01   9.6973876e-02  -9.6928761e-02   4.1627730e-03  -6.6345458e-03  -9.2705839e-03
  -2.8903920e-01   3.3580139e-02  -8.6783235e-02   4.6388887e-03  -6.5204034e-03  -9.2184746e-03
  -3.2461684e-01   4.7629499e-02  -1.1809358e-01   4.3677625e-03  -6.6593585e-03  -1.0035354e-02
  -3.0585441e-01  -2.2063941e-02  -1.3929252e-01   5.7143619e-03  -6.8275524e-03  -9.8124510e-03
  -3.7671933e-01   8.0196344e-02  -9.9866024e-02   2.8874914e-03  -6.0808224e-03  -1.0868146e-02
  -3.7709089e-01   8.2389522e-02  -1.4100630e-01   3.8392166e-03  -5.9186037e-03  -1.0807205e-02
  -3.8327687e-01   3.6341049e-02  -1.9328089e-01   4.0404721e-03  -6.5162985e-03  -1.1365295e-02
  -3.5249345e-01   4.4531124e-02  -2.2689493e-01   6.0401349e-03  -5.8845047e-03  -1.0390171e-02
  -3.4323076e-01   6.6283399e-02  -2.2782424e-01   5.6475439e-03  -5.8325815e-03  -1.0326988e-02
  -3.3424594e-01   8.8864302e-02  -2.1123660e-01   6.0476216e-03  -5.8622552e-03  -1.0124065e-02
  -3.4710352e-01   5.3021990e-02  -2.2955493e-01   7.8194316e-03  -5.4775206e-03  -1.0133976e-02
  -3.3964095e-01   8.5834693e-03  -2.4859225e-01   8.1722260e-03  -5.5316597e-03  -1.0115690e-02
  -3.2165750e-01   5.1759158e-02  -2.2987678e-01   8.0320131e-03  -5.5812617e-03  -9.7083946e-03
  -3.1949877e-01  -1.5312435e-02  -2.3143234e-01   8.6163653e-03  -5.5643433e-03  -9.9286577e-03
  -3.0315938e-01   6.5172667e-02  -1.9416876e-01   8.6634024e-03  -5.8454228e-03  -9.4609844e-03
  -3.0780539e-01  -1.3785394e-02  -1.6643379e-01   8.9524105e-03  -5.8978246e-03  -9.5033986e-03
  -2.9611188e-01  -2.2523484e-02  -1.2357653e-01   8.8238416e-03  -6.3189199e-03  -9.3056342e-03
  -2.7638486e-01   3.6745822e-02  -1.4359725e-01   9.1708235e-03  -5.0262976e-03  -9.0379332e-03
  -2.7500918e-01   5.0466496e-02  -9.2884556e-02   8.4710217e-03  -4.8611703e-03  -8.8654466e-03
  -2.9228540e-01   5.5160115e-02  -9.2535963e-02   7.4866572e-03  -4.9805211e-03  -9.2464334e-03
  -2.8488351e-01   8.0839620e-02  -1.0336430e-01   8.9197588e-03  -5.1207134e-03  -9.2017953e-03
  -2.8451097e-01   8.0952957e-02  -2.9982178e-02   8.2059251e-03  -5.2102989e-03  -9.0807979e-03
  -2.8095523e-01   4.4599072e-02  -4.5563313e-02   7.8068517e-03  -5.4086116e-03  -9.0976254e-03
  -2.6789244e-01   5.7271288e-02  -7.3379390e-02   7.5820094e-03  -5.5330093e-03  -8.9192890e-03
  -2.7035218e-01   5.2234590e-02  -1.3159903e-01   9.1600706e-03  -5.1801122e-03  -8.9395663e-03
  -2.6443182e-01   7.5639927e-02  -9.9612564e-02   8.0258661e-03  -5.6616201e-03  -8.9843404e-03
  -2.7623417e-01   7.6934430e-02  -1.1233077e-01   6.8396669e-03  -6.2498082e-03  -9.4542510e-03
  -2.7143504e-01   5.1555154e-02  -8.9955986e-02   5.0807992e-03  -6.6359329e-03  -9.0224370e-03
  -2.6363413e-01   6.0612931e-02  -1.3778935e-01   7.0826701e-03  -6.1598064e-03  -8.9108194e-03
  -2.6313854e-01   5.6739883e-02  -1.3105770e-01   7.9654280e-03  -5.6127011e-03  -8.8902010e-03
  -2.7722241e-01   6.6520816e-02  -9.4242138e-02   8.1033056e-03  -5.5211099e-03  -9.1480336e-03
  -2.6955168e-01   2.4799522e-02  -4.8216109e-02   7.0362266e-03  -6.3584227e-03  -9.1942511e-03
  -3.4883150e-01   8.5569565e-02  -6.2560989e-02   3.7623642e-03  -6.3794675e-03  -1.0018297e-02
  -3.1997802e-01   1.8677107e-02  -9.1889838e-02   4.5818068e-03  -6.7392687e-03  -9.5342301e-03
  -3.0142727e-01   6.9472661e-02  -9.8419883e-02   6.2873294e-03  -6.1127507e-03  -9.2629057e-03
  -2.8850644e-01   5.7482394e-02  -1.5305568e-01   6.7306186e-03  -6.3965503e-03  -9.1628024e-03
  -3.4689861e-01   1.5873217e-01  -1.9260373e-01   4.4257366e-03  -6.7851486e-03  -9.8663599e-03
  -3.2605039e-01   1.1301302e-01  -8.5647397e-02   3.6347895e-03  -6.8219524e-03  -9.3806327e-03
  -3.4438047e-01   5.2527157e-02  -7.7448890e-02   4.5950652e-03  -6.7577421e-03  -9.4438240e-03
  -3.7280283e-01   4.8439025e-02  -5.4274688e-02   8.6597112e-04  -6.4161426e-03  -9.8201613e-03
  -3.3640206e-01   3.3767104e-02  -1.3813238e-01   4.2076130e-03  -6.4771793e-03  -9.2012899e-03
  -3.1755673e-01   1.0963595e-01  -1.7642511e-01   6.7272747e-03  -6.2289980e-03  -9.2880937e-03
  -3.0848931e-01   1.6456815e-02  -2.1883780e-01   8.4056520e-03  -6.1466281e-03  -9.1337702e-03
