   0.0000000e+00   0.0000000e+00   0.0000000e+00   0.0000000e+00   0.0000000e+00   0.0000000e+00
  -1.0699439e-02   2.7224541e-03  -3.9329464e-03  -3.7305781e-04   9.1662720e-05   1.4666840e-04
  -2.8849003e-02  -8.5002948e-02  -6.0569632e-03   4.1559976e-04   3.0713208e-04   5.1951483e-04
  -1.0423570e-03  -2.6312664e-04  -6.9912040e-02  -1.3019275e-04   8.1597229e-05   6.3983684e-05
  -2.6977436e-02   3.7973524e-03  -6.0910211e-02  -1.4656149e-04   4.2270948e-04   2.3918084e-04
  -3.8602831e-02  -1.6328560e-01  -3.6137503e-02   8.4709315e-04   5.1242768e-04   7.0762196e-05
  -2.8959851e-02  -1.1434438e-01  -1.7038834e-02   2.7524801e-04   3.5158142e-04   8.4653112e-05
  -2.4360811e-02  -1.5438516e-01  -1.4133908e-02   3.0623781e-04   2.5034696e-04  -4.5020558e-05
  -2.5569899e-02  -1.1298281e-01  -1.4978172e-02   4.6889515e-05   2.1954816e-04  -6.5623026e-05
  -2.1676607e-02  -1.2152936e-01  -1.9129643e-02   4.1577871e-04   1.9320020e-04  -2.2489859e-04
  -4.0124923e-02  -1.4796032e-01  -1.3783381e-02   3.3230192e-04   3.7590441e-04  -1.5548857e-04
  -2.8365933e-02  -1.1937239e-01  -3.8377338e-03   2.1506290e-04   2.3845807e-04  -1.1666563e-04
  -2.1978062e-02  -1.2494550e-01  -3.4891670e-02   7.2416229e-05   1.0101563e-04  -1.5003236e-04
  -2.5438731e-02  -1.0866230e-01  -2.4618969e-02  -7.2211013e-05   1.4890541e-04  -2.0867313e-04
  -2.2573701e-02  -1.1107063e-01  -4.7660572e-02   3.1825709e-05   1.7574614e-04  -3.3697526e-04
  -3.0729734e-02  -1.4075039e-01  -2.8813038e-02  -3.5277814e-04   2.3656250e-04  -2.2665824e-04
  -3.2144839e-02  -1.4871753e-01  -5.1172554e-02  -2.2202709e-04   3.3483891e-04  -2.7103754e-04
  -4.0277214e-02  -1.2464045e-01  -5.1569499e-02  -2.2333355e-04   4.8308436e-04  -2.4775345e-04
  -2.2257578e-02  -5.1641097e-02  -4.7023667e-02  -1.8851161e-04   3.0059330e-04  -2.8978893e-04
  -3.2388993e-02  -1.0123651e-01  -6.2746328e-02  -2.8905719e-04   4.0800855e-04  -3.8717854e-04
  -3.2804209e-02  -7.7766254e-02  -5.2455667e-02  -4.5663569e-04   3.9771489e-04  -2.4309103e-04
  -2.0146710e-02  -9.6507260e-02  -8.1199076e-02  -3.7895825e-04   2.7091124e-04  -3.9213554e-04
  -3.1663986e-02  -1.5069359e-01  -7.2662649e-02  -2.9194161e-05   3.2189213e-04  -2.6926785e-04
  -2.6422254e-02  -1.0679728e-01  -6.0299156e-02  -7.1701941e-05   2.8243151e-04  -3.4819533e-04
  -3.2828722e-02  -1.4418910e-01  -7.0349738e-02  -1.7985912e-05   4.0803106e-04  -3.5121338e-04
  -2.5561124e-02  -6.5579497e-02  -6.3667585e-02  -1.4678261e-04   3.7143896e-04  -3.2753923e-04
  -2.6839639e-02  -1.3634955e-01  -7.5933033e-02   4.5905339e-05   3.8227644e-04  -4.6053913e-04
  -3.1881668e-02  -1.3193998e-01  -5.8788074e-02   2.3619212e-05   3.6641523e-04  -3.2612278e-04
  -2.9156852e-02  -1.2440312e-01  -5.7475691e-02   1.2741943e-04   3.4847932e-04  -3.5924327e-04
  -3.7983623e-02  -1.5517585e-01  -5.7893495e-02  -4.3004474e-05   3.9362272e-04  -3.3844910e-04
  -3.0230695e-02  -1.5634433e-01  -6.6051053e-02   7.5597134e-05   2.8617411e-04  -3.1164055e-04
  -3.5910620e-02  -1.5143666e-01  -7.6398922e-02   3.1919880e-04   4.3210893e-04  -3.8842260e-04
  -3.1895363e-02  -1.2885485e-01  -5.7835808e-02   2.4233117e-04   2.9512349e-04  -3.2159341e-04
  -2.1499849e-02  -1.2455317e-01  -6.6704661e-02   2.1158879e-04   1.8177658e-04  -4.4257887e-04
  -3.2760863e-02  -1.5815123e-01  -5.7871950e-02   4.8984919e-05   2.7788988e-04  -3.6475776e-04
  -3.2392741e-02  -1.8251252e-01  -8.4844226e-02   2.0931996e-04   2.3997254e-04  -3.7570985e-04
  -3.9485897e-02  -1.1579297e-01  -9.1268390e-02   2.7099011e-04   4.0125062e-04  -2.0740037e-04
  -2.4492507e-02  -7.9755152e-02  -7.9847123e-02  -1.0827557e-04   8.4658349e-05  -1.5280714e-04
  -1.9355155e-02  -8.4291606e-02  -8.5027570e-02   7.7289303e-05   1.2822957e-04  -2.2404900e-04
  -8.0297386e-03  -2.8785252e-02  -6.3448785e-02  -8.1728518e-05   6.8313359e-05  -1.5033245e-06
  -1.5032436e-02  -1.0456438e-01  -1.0248262e-01  -3.2060659e-05   1.5620277e-04  -1.1226735e-04
  -1.6124381e-02  -5.0873729e-02  -7.6460162e-02  -5.1184736e-05   2.1430320e-04  -3.3879111e-05
  -1.5472548e-02  -1.0563374e-01  -6.7921042e-02  -3.2158988e-04   1.1658863e-04  -8.9246727e-06
  -2.9899211e-02  -1.2739887e-01  -7.9866637e-02  -6.1447901e-04   3.2945704e-04  -8.2958109e-05
  -2.3854311e-02  -6.3162922e-02  -9.6481094e-02  -4.3896503e-04   2.7206062e-04  -6.9458135e-05
  -2.5285001e-02  -9.0061469e-02  -1.1986377e-01  -6.7130562e-04   1.7920574e-04  -1.7229827e-04
  -3.1647795e-02  -1.0962119e-01  -8.9966606e-02  -4.9807504e-04   2.3044353e-04  -1.9280973e-04
  -1.2412689e-02  -3.9265939e-02  -1.0553455e-01  -5.8769733e-04   1.2135498e-04  -2.2448684e-04
  -2.0167492e-02  -9.5740668e-02  -9.5056377e-02  -3.8533611e-04   2.8843584e-04  -5.4241967e-05
  -2.0425866e-02  -1.2553123e-01  -1.0033268e-01  -1.5747621e-04   3.0569192e-04   1.9951183e-05
  -3.5453973e-02  -1.7452304e-01  -1.1275657e-01  -3.0572852e-04   4.6102195e-04  -5.1374739e-05
  -2.0450760e-02  -1.7465347e-02  -1.0871004e-01  -5.9257343e-04   4.2343053e-04  -1.4945427e-05
  -2.4150117e-02  -1.2777858e-01  -1.1873265e-01  -4.7727878e-04   3.0550264e-04  -1.1589583e-04
  -2.8562427e-02  -6.5041916e-02  -1.0138825e-01  -6.6207804e-04   4.5704389e-04   7.8953813e-06
  -2.4967841e-02  -7.6000145e-02  -1.1285075e-01  -7.8248594e-04   4.1713324e-04  -2.5426197e-05
  -3.7943721e-02  -1.0690147e-01  -1.2986216e-01  -4.5630493e-04   6.3762248e-04  -1.1784336e-04
  -2.6047826e-02  -4.8769974e-02  -1.1204162e-01  -5.4570887e-04   4.6984376e-04  -1.8338782e-04
  -3.0950416e-02  -8.6789304e-02  -1.1994122e-01  -4.1821970e-04   5.4441265e-04  -2.6003087e-04
  -3.2624065e-02  -1.2401731e-01  -8.3885226e-02  -6.2450229e-04   5.3774812e-04  -1.1429480e-04
  -1.4007428e-02  -6.1975615e-02  -1.1895087e-01  -9.4686853e-04   4.3351424e-04  -3.0062626e-04
  -4.1499361e-02  -1.2915453e-01  -1.0274517e-01  -8.3952525e-04   7.0027715e-04  -2.0092715e-04
  -2.9337654e-02  -6.5216177e-02  -1.1724854e-01  -1.1136369e-03   5.6084960e-04  -3.4727871e-04
  -4.3304368e-02  -1.0942306e-01  -1.0406960e-01  -8.6057477e-04   7.1265333e-04  -3.0006197e-04
  -3.9970964e-02  -4.7732708e-02  -8.2475845e-02  -1.5199952e-03   6.0138408e-04  -4.3674482e-04
  -5.5262912e-02  -1.3847088e-01  -1.0703872e-01  -1.0538067e-03   7.0729815e-04  -3.9723933e-04
  -5.2683274e-02  -1.0126790e-01  -8.9651626e-02  -1.1891929e-03   5.1243932e-04  -2.7142567e-04
  -3.8116883e-02  -7.0229799e-02  -1.1613868e-01  -9.5827564e-04   4.6311302e-04  -4.3960402e-04
  -5.7866557e-02  -1.2861457e-01  -1.0371355e-01  -1.0627903e-03   6.9976081e-04  -2.3208983e-04
  -3.4586811e-02  -8.2832483e-02  -1.3269233e-01  -9.7140780e-04   4.5393138e-04  -4.3497932e-04
  -5.6376030e-02  -1.3134883e-01  -1.1074915e-01  -7.9385234e-04   6.5709724e-04  -3.6689085e-04
  -4.5340937e-02  -1.2119527e-01  -1.0030718e-01  -7.5509986e-04   5.4841836e-04  -3.6949945e-04
  -4.3443504e-02  -1.0826872e-01  -8.8452658e-02  -7.5874505e-04   6.6412039e-04  -4.2712129e-04
  -3.5929678e-02  -9.6231386e-02  -8.9197516e-02  -1.2544194e-03   4.1352184e-04  -4.5301661e-04
  -4.5641880e-02  -7.2008057e-02  -1.0841884e-01  -9.9181241e-04   6.8213893e-04  -4.6803509e-04
  -4.7835663e-02  -4.9979986e-02  -1.0253159e-01  -1.4295591e-03   6.2519747e-04  -4.3048619e-04
  -4.2909699e-02  -1.4380985e-01  -1.1205722e-01  -9.1207406e-04   5.7358623e-04  -4.8234951e-04
  -4.3525094e-02  -5.2543729e-02  -9.3977789e-02  -1.4197538e-03   6.3903874e-04  -4.2749626e-04
  -4.4252940e-02  -1.7720713e-01  -1.1580063e-01  -1.0227310e-03   5.4234592e-04  -4.3156041e-04
  -3.7352595e-02  -4.2885171e-02  -1.2713735e-01  -1.4920594e-03   6.0963061e-04  -3.1829322e-04
  -3.8424024e-02  -4.6184202e-02  -1.2328884e-01  -1.1546628e-03   6.1588300e-04  -3.1667589e-04
  -4.5095678e-02  -1.5165738e-01  -1.1548049e-01  -6.8553487e-04   7.0049234e-04  -4.1085341e-04
  -5.1161544e-02  -9.2361638e-02  -9.1203440e-02  -1.0940926e-03   7.7430974e-04  -3.6001685e-04
  -4.0481246e-02  -9.9228948e-02  -1.0810893e-01  -1.0099934e-03   6.6287122e-04  -4.8972980e-04
  -4.8453443e-02  -5.8111748e-02  -9.6818377e-02  -1.5648694e-03   7.2608697e-04  -4.1117981e-04
  -3.6748792e-02  -9.0765048e-02  -1.2858008e-01  -1.3069243e-03   5.9698104e-04  -4.5979286e-04
  -5.9905668e-02  -1.5917823e-01  -1.2220793e-01  -1.2582402e-03   8.9718571e-04  -4.1753803e-04
  -3.5586415e-02  -5.5666057e-02  -1.2800189e-01  -1.1190747e-03   6.8529954e-04  -5.2599677e-04
  -6.1405352e-02  -1.3678685e-01  -1.1760528e-01  -1.1951460e-03   9.6706379e-04  -5.0300352e-04
  -4.0605592e-02  -5.0577405e-02  -1.2311745e-01  -1.5318648e-03   6.8381925e-04  -5.3302916e-04
  -5.1752643e-02  -7.1328463e-02  -1.4812219e-01  -1.3465951e-03   9.5661735e-04  -4.8145281e-04
  -5.6861123e-02  -2.3748861e-02  -1.3815363e-01  -1.8133839e-03   9.7452370e-04  -5.9226495e-04
  -4.9334831e-02  -5.4738916e-02  -1.3945997e-01  -1.3489008e-03   8.8065433e-04  -6.8127867e-04
  -5.3751482e-02  -3.7175961e-02  -1.2578722e-01  -1.7702696e-03   8.7939583e-04  -6.2902169e-04
  -4.7667528e-02  -1.1918256e-01  -1.4650407e-01  -1.3890902e-03   7.5832470e-04  -7.0227725e-04
  -4.5482937e-02  -7.1526748e-02  -1.3946390e-01  -1.7368153e-03   7.4771703e-04  -7.0490586e-04
  -3.7333646e-02  -9.6502453e-02  -1.5804352e-01  -1.4486681e-03   5.8491992e-04  -7.2358240e-04
  -4.1756740e-02  -1.0661055e-01  -1.5942632e-01  -1.4254736e-03   7.0549626e-04  -7.5394365e-04
  -4.7761252e-02  -1.5070342e-01  -1.4797444e-01  -1.3235340e-03   6.7307709e-04  -6.3683463e-04
  -4.9023158e-02  -1.2167499e-01  -1.4755241e-01  -1.1468411e-03   7.8402592e-04  -7.7502239e-04
  -5.0644825e-02  -1.2776722e-01  -1.2782164e-01  -1.5342649e-03   7.2234937e-04  -8.0778760e-04
  -2.7764419e-02  -4.7412024e-02  -1.4486393e-01  -1.6432007e-03   4.9103567e-04  -5.7833228e-04
  -5.4288991e-02  -1.3472082e-01  -1.5457590e-01  -1.4403127e-03   8.2954029e-04  -5.8920067e-04
  -4.9050819e-02  -4.4174939e-02  -1.5840443e-01  -1.7179971e-03   7.1433276e-04  -6.2304634e-04
  -4.3442770e-02  -4.5615362e-02  -1.7031613e-01  -1.3340023e-03   7.0686106e-04  -7.1413234e-04
  -6.2228031e-02  -6.6127281e-02  -1.4101719e-01  -1.8842035e-03   9.9048623e-04  -6.4332527e-04
  -4.4977070e-02  -1.0227134e-01  -1.4236106e-01  -1.8268127e-03   6.5185763e-04  -6.7985259e-04
  -5.9628222e-02  -1.1119861e-01  -1.4161041e-01  -1.6308791e-03   8.9820465e-04  -6.2886642e-04
  -4.3565991e-02   1.3718183e-03  -1.4139370e-01  -1.8598425e-03   7.0132589e-04  -5.3367371e-04
  -5.5436715e-02  -8.4718842e-02  -1.7101586e-01  -1.6122584e-03   8.2484371e-04  -7.3723776e-04
  -5.9865798e-02  -4.1371374e-02  -1.6863220e-01  -1.5788842e-03   8.0438853e-04  -7.1587311e-04
  -5.6913919e-02  -1.3237445e-01  -1.7122290e-01  -1.3499931e-03   7.4725360e-04  -9.0297324e-04
  -5.7596007e-02  -1.1038074e-01  -1.5182323e-01  -1.5641830e-03   7.5427222e-04  -7.7016915e-04
  -4.8036734e-02  -1.1913081e-01  -1.5884862e-01  -1.3800025e-03   6.8160696e-04  -8.1247171e-04
  -5.8834328e-02  -6.9534345e-02  -1.4859350e-01  -1.6266467e-03   9.5542848e-04  -7.7460454e-04
  -5.0898978e-02  -9.4762119e-02  -1.5375804e-01  -1.4294402e-03   8.1954682e-04  -7.3979818e-04
  -6.2194711e-02  -1.6796184e-01  -1.3664920e-01  -1.0275282e-03   9.7250286e-04  -7.7917413e-04
  -4.3485972e-02  -7.1286149e-02  -1.2155492e-01  -1.6134959e-03   6.5177057e-04  -7.1709412e-04
  -4.5269018e-02  -1.5598502e-01  -1.4575428e-01  -1.3011668e-03   6.9073981e-04  -7.6483385e-04
  -4.3361340e-02  -7.2615573e-02  -1.3860214e-01  -1.6920360e-03   6.4416457e-04  -8.0266743e-04
  -3.3910531e-02  -9.1509805e-02  -1.6907526e-01  -1.3323289e-03   5.7023562e-04  -9.0027148e-04
  -5.3701434e-02  -8.4705106e-02  -1.4583084e-01  -1.5922198e-03   8.3620127e-04  -7.9547421e-04
  -4.4805327e-02  -9.9043224e-02  -1.8467952e-01  -1.5289447e-03   6.0245307e-04  -9.2219504e-04
  -6.7788473e-02  -1.4573797e-01  -1.7088035e-01  -1.3495367e-03   8.4367237e-04  -8.6855025e-04
  -5.6768691e-02  -6.2698561e-02  -1.9318371e-01  -1.5976606e-03   8.4451035e-04  -9.7322370e-04
  -7.3931805e-02  -1.2324009e-01  -1.8851257e-01  -1.2669776e-03   1.0231207e-03  -8.6215889e-04
  -5.1115496e-02  -1.1488386e-02  -1.9295836e-01  -1.7826356e-03   7.4231136e-04  -8.2705177e-04
  -5.3240199e-02  -9.5503853e-02  -2.1176774e-01  -1.3946974e-03   8.4250110e-04  -8.4488202e-04
  -6.7576113e-02  -8.4602866e-02  -1.7586818e-01  -1.9737295e-03   8.0039363e-04  -7.2192466e-04
  -6.2270921e-02  -1.1949007e-01  -1.9081806e-01  -1.3097354e-03   7.6125982e-04  -8.0162775e-04
  -7.3097055e-02  -9.1803428e-02  -1.6627165e-01  -1.9220649e-03   8.5536175e-04  -8.8456446e-04
  -8.1838353e-02  -1.9012246e-01  -1.7893825e-01  -1.1967063e-03   1.0293838e-03  -8.8484756e-04
  -7.4637830e-02  -7.3734945e-02  -1.6825171e-01  -1.8221893e-03   9.8437692e-04  -8.3817581e-04
  -6.1334460e-02  -1.0005831e-01  -2.0586329e-01  -1.4955346e-03   9.3689102e-04  -9.7925849e-04
  -8.0870635e-02  -1.0975668e-01  -1.7909403e-01  -1.7730968e-03   1.0890644e-03  -6.8213217e-04
  -5.0047728e-02   7.6117993e-03  -2.0062624e-01  -1.8631700e-03   7.3331982e-04  -8.2507171e-04
  -6.8821428e-02  -7.6425048e-02  -1.6478989e-01  -1.9128528e-03   8.0628593e-04  -7.3942968e-04
  -5.5001134e-02  -3.6260235e-02  -1.7360235e-01  -1.7315715e-03   7.6824324e-04  -8.6405389e-04
  -6.6194941e-02  -7.3920179e-02  -1.5346431e-01  -1.6883658e-03   9.7964545e-04  -8.0621587e-04
  -5.8198643e-02  -3.0196177e-02  -1.5650347e-01  -1.8936033e-03   9.2842220e-04  -9.5620969e-04
  -7.0128052e-02  -8.8030900e-02  -1.5754735e-01  -1.6740090e-03   1.1274837e-03  -9.5729821e-04
  -5.6584278e-02  -6.9120787e-03  -1.4980098e-01  -2.1258824e-03   1.0094160e-03  -9.1065373e-04
  -6.3996976e-02  -3.6750694e-02  -1.7339549e-01  -1.8934853e-03   1.2782759e-03  -1.0223473e-03
  -6.8346332e-02  -2.8015301e-02  -1.6705407e-01  -2.2015307e-03   1.2665970e-03  -8.6184500e-04
  -5.9087423e-02  -2.5604314e-02  -1.8076115e-01  -2.1105611e-03   1.2438234e-03  -9.3455254e-04
  -6.1651712e-02  -3.3113749e-02  -1.6124779e-01  -2.4055662e-03   1.2487681e-03  -8.5666326e-04
  -5.0731898e-02  -2.4589375e-02  -1.9271065e-01  -2.4024703e-03   1.1545804e-03  -9.0303678e-04
  -8.0126430e-02  -5.4011844e-02  -1.7687953e-01  -2.8077135e-03   1.5368944e-03  -9.8775774e-04
  -6.4366067e-02  -3.4304501e-03  -1.9263004e-01  -2.7649827e-03   1.2958086e-03  -9.3764879e-04
  -7.3296613e-02  -8.1196017e-02  -1.9523500e-01  -2.4183297e-03   1.2849343e-03  -1.0394564e-03
  -6.7174167e-02  -3.1370521e-04  -1.8566533e-01  -2.5791413e-03   1.2429760e-03  -9.8300165e-04
  -5.8690968e-02  -2.2299091e-02  -2.0219859e-01  -2.5035010e-03   1.2520426e-03  -1.1717885e-03
  -5.9042218e-02  -1.3124157e-03  -1.7869656e-01  -2.6179271e-03   1.1763458e-03  -1.0059247e-03
  -4.8737296e-02  -2.8250520e-02  -1.8643692e-01  -2.6181529e-03   1.1070108e-03  -1.1603891e-03
  -5.9046520e-02  -5.0410751e-02  -1.8338334e-01  -2.5941884e-03   1.1451495e-03  -1.0356746e-03
  -6.0928304e-02  -8.5925096e-02  -1.8979896e-01  -2.5993222e-03   1.1153599e-03  -1.2498033e-03
  -6.1317331e-02  -6.6056698e-02  -1.9530897e-01  -2.4671446e-03   1.1756065e-03  -1.2145012e-03
  -6.5173893e-02  -3.9315110e-02  -1.8255111e-01  -2.5296136e-03   1.1470427e-03  -1.2047131e-03
  -7.0879169e-02  -8.6853095e-02  -1.9738615e-01  -2.3373422e-03   1.1646860e-03  -1.2292203e-03
  -7.9299291e-02  -3.1391436e-02  -1.8834693e-01  -2.0418299e-03   1.3315963e-03  -1.4982879e-03
  -7.6606762e-02  -6.3943922e-02  -2.2257902e-01  -2.4531511e-03   1.2620859e-03  -1.4340236e-03
  -6.2696569e-02  -1.2534357e-01  -2.3126667e-01  -2.4109935e-03   7.9399938e-04  -9.1431849e-04
  -6.6853742e-02  -2.6824600e-02  -2.3904639e-01  -2.5845024e-03   1.0059504e-03  -1.1710611e-03
  -7.4656578e-02  -7.8994442e-02  -2.3712366e-01  -2.1853056e-03   1.0238986e-03  -1.2015345e-03
  -6.6335186e-02   7.1505092e-03  -2.1213718e-01  -2.3507821e-03   1.0239287e-03  -1.1947671e-03
  -6.2060661e-02  -4.4396573e-02  -2.2174425e-01  -2.2874405e-03   1.0578108e-03  -1.2263005e-03
  -6.3003106e-02  -1.0226264e-01  -1.8896871e-01  -2.3246944e-03   9.7218538e-04  -1.2179166e-03
  -4.5890938e-02  -1.7972210e-02  -2.2220124e-01  -2.4778512e-03   8.6642020e-04  -1.2064880e-03
  -5.1301114e-02  -5.3619849e-02  -2.3152080e-01  -2.2015906e-03   8.2784607e-04  -1.0927924e-03
  -5.2878941e-02  -3.9444387e-02  -2.3255185e-01  -2.0115102e-03   8.3371388e-04  -1.1009875e-03
  -7.7093059e-02  -3.7181499e-02  -2.3454528e-01  -2.1663813e-03   1.3331224e-03  -1.3571212e-03
  -4.9575306e-02   1.1876955e-02  -2.1496935e-01  -2.6326010e-03   9.2329393e-04  -8.6268900e-04
  -6.1125522e-02  -2.7483653e-02  -2.3271941e-01  -2.4548750e-03   1.0992362e-03  -1.3759702e-03
  -6.7123965e-02  -2.2945919e-02  -2.3073242e-01  -2.9885730e-03   1.0836366e-03  -9.5972390e-04
  -5.1565199e-02   2.6449634e-02  -2.4843752e-01  -2.3682394e-03   9.5568237e-04  -1.1217814e-03
  -8.3926563e-02   1.4290791e-02  -2.4652134e-01  -2.7942527e-03   1.5611926e-03  -1.2900085e-03
  -6.3673419e-02   2.6789165e-02  -2.2043760e-01  -3.0573098e-03   1.1660523e-03  -1.3467395e-03
  -7.3402461e-02   2.0512035e-02  -2.2553225e-01  -3.8261110e-03   1.5023768e-03  -1.4286257e-03
  -9.2562405e-02   4.2274316e-02  -2.1444485e-01  -3.6326324e-03   1.7408946e-03  -1.3778887e-03
  -7.6704972e-02   3.6741294e-02  -2.3022592e-01  -4.0257274e-03   1.5051719e-03  -1.5976672e-03
  -9.3125854e-02   2.6081287e-02  -2.0096166e-01  -4.1094409e-03   1.5103682e-03  -1.5149042e-03
  -9.2080347e-02  -4.5289209e-02  -2.5023125e-01  -3.3754599e-03   1.3753729e-03  -1.6436661e-03
  -1.0196381e-01  -3.9661544e-02  -1.7236520e-01  -3.6863931e-03   1.5435804e-03  -1.2975491e-03
  -8.0147144e-02  -1.3559739e-01  -1.7500926e-02  -2.3450045e-03   8.1638798e-04  -6.8046999e-04
  -6.8060386e-02  -1.8285341e-02   1.9470139e-02  -1.2882512e-03   5.3016646e-04  -7.3389320e-04
  -5.6318736e-02   1.3858654e-01  -6.0730409e-02  -2.8001585e-03   4.7589816e-04  -1.7812877e-03
  -7.6377831e-02   4.4126353e-02  -7.8857619e-02  -3.0295719e-03   6.4726722e-04  -1.7348190e-03
  -9.3921426e-02  -7.8671499e-02  -3.2060640e-02  -2.3182607e-03   6.2666508e-04  -1.7779729e-03
  -7.3369873e-02   7.7656880e-03  -7.7171088e-03  -2.9360874e-03   3.8982296e-04  -1.9272738e-03
  -7.6767879e-02   6.0025497e-02  -4.7626444e-03  -3.0993105e-03   5.7765469e-04  -1.8529991e-03
  -7.5541605e-02   1.1914146e-03  -6.3096795e-03  -3.0781708e-03   4.9184986e-04  -1.8837459e-03
  -6.5186221e-02   5.0137212e-02  -2.8592398e-02  -3.3261320e-03   4.2298971e-04  -1.9651241e-03
  -7.3973845e-02   3.6901707e-02  -2.7828683e-02  -3.3716754e-03   5.5079047e-04  -1.8746683e-03
  -5.8381833e-02   6.1214308e-02  -4.9489936e-02  -3.2319595e-03   3.9273538e-04  -1.9885089e-03
  -6.1163689e-02   9.2354799e-02  -4.7959786e-02  -3.3384648e-03   4.3811234e-04  -1.8277058e-03
  -7.8977683e-02  -6.3392459e-03  -6.9145170e-02  -3.2143556e-03   6.0376627e-04  -1.8632670e-03
  -7.7261863e-02   3.4539086e-02  -6.0855615e-02  -3.5142092e-03   6.0065079e-04  -1.9409463e-03
  -8.1091797e-02   2.5558245e-02  -8.5508285e-02  -3.4944241e-03   7.4802600e-04  -2.3407527e-03
  -8.9454859e-02   5.2880350e-02  -9.0323684e-02  -3.8323734e-03   8.0392973e-04  -2.1194128e-03
  -6.6131955e-02   3.8999556e-02  -1.4513533e-01  -3.3184370e-03   5.0050037e-04  -1.9872694e-03
  -5.6405370e-02   3.4551341e-02  -1.4729390e-01  -3.1822159e-03   3.2795938e-04  -1.4797051e-03
  -5.1348956e-02   1.0382233e-01  -1.5601159e-01  -4.0264677e-03   2.9752942e-04  -1.6896879e-03
  -8.8117794e-02   6.7544773e-02  -1.5865734e-01  -3.8490075e-03   9.0880805e-04  -1.8383891e-03
  -6.8387728e-02   1.7202148e-01  -1.7010293e-01  -4.4036360e-03   6.6350772e-04  -1.8817535e-03
  -7.9745129e-02   3.7328123e-02  -1.8709476e-01  -3.8159301e-03   8.4015661e-04  -2.0402029e-03
  -9.0588350e-02   3.1448260e-02  -1.5146638e-01  -3.6051021e-03   1.0185436e-03  -1.9607313e-03
  -7.2462586e-02   8.9141778e-02  -1.5051921e-01  -3.4011498e-03   8.7259801e-04  -2.0764671e-03
  -9.1281140e-02  -1.3327527e-02  -1.3352123e-01  -3.2584913e-03   9.9601937e-04  -1.9184191e-03
  -7.6790959e-02   6.6777573e-02  -1.2361961e-01  -3.5005056e-03   8.2637912e-04  -2.0100337e-03
  -8.9220285e-02  -3.7622123e-03  -1.4529225e-01  -3.4390600e-03   9.5877961e-04  -2.0911032e-03
  -9.3077342e-02   4.9573509e-02  -1.1505981e-01  -3.3591949e-03   1.0382414e-03  -1.9815536e-03
  -8.3436669e-02   5.1407778e-02  -1.4351797e-01  -3.4380178e-03   9.4224753e-04  -2.1450006e-03
  -8.6959544e-02   7.8932784e-02  -1.1713949e-01  -3.4987269e-03   1.0195086e-03  -2.0784562e-03
  -8.2574080e-02   3.0767969e-02  -1.3621965e-01  -3.5559796e-03   9.8279770e-04  -2.1410143e-03
  -8.1033692e-02   6.9283105e-02  -1.3688752e-01  -3.4558834e-03   1.0685097e-03  -2.1812864e-03
  -7.8540821e-02   8.4683498e-02  -1.3633446e-01  -4.0286093e-03   9.0838659e-04  -2.1673920e-03
  -9.1143767e-02   2.8714207e-02  -1.6300997e-01  -3.4910834e-03   1.0821449e-03  -2.2759529e-03
  -9.9798551e-02   8.9784990e-03  -1.2364346e-01  -3.7920599e-03   1.1399353e-03  -2.1706462e-03
  -9.5256832e-02   6.6779716e-02  -1.3259281e-01  -4.1486027e-03   1.0750487e-03  -2.3423427e-03
  -7.8411464e-02   5.7312061e-02  -1.3474522e-01  -4.1089713e-03   6.8392383e-04  -1.9119130e-03
  -7.0830141e-02   6.4049228e-02  -1.5262566e-01  -3.9618819e-03   5.6513565e-04  -1.9943920e-03
  -6.1158795e-02   5.1404900e-02  -1.6753351e-01  -4.1104813e-03   4.6009754e-04  -1.8731820e-03
  -9.6429328e-02   1.0214424e-01  -1.6134046e-01  -4.1959644e-03   1.2434796e-03  -2.1551829e-03
  -8.3210166e-02   5.7359407e-02  -1.7014659e-01  -3.8697780e-03   9.2462775e-04  -2.4123169e-03
  -7.2474792e-02   5.2966101e-02  -1.8484322e-01  -3.6143271e-03   8.0293235e-04  -2.0510898e-03
  -7.9341671e-02   8.4035398e-02  -1.5858013e-01  -4.2975035e-03   9.3708454e-04  -1.9065266e-03
  -9.0385488e-02   4.6753077e-02  -2.0324368e-01  -3.7861860e-03   1.1957152e-03  -2.3704838e-03
  -8.1429744e-02   1.3835802e-01  -1.8975583e-01  -4.4594562e-03   1.1205113e-03  -2.0719402e-03
  -5.1914815e-02   1.1080042e-01  -2.2233080e-01  -4.2548630e-03   5.4427196e-04  -2.0677706e-03
  -9.9825622e-02   9.1692331e-02  -2.0879383e-01  -4.1183250e-03   1.3790953e-03  -2.2617367e-03
  -9.2492370e-02   1.3534461e-01  -1.8584139e-01  -4.2577953e-03   1.3371536e-03  -2.3905867e-03
  -8.4251875e-02   9.0788010e-02  -1.9733108e-01  -4.3797649e-03   1.1289404e-03  -2.3453941e-03
  -9.1353761e-02   8.4651686e-02  -1.7948034e-01  -4.4627086e-03   1.1863584e-03  -2.2031686e-03
  -8.3800567e-02   8.5684834e-02  -1.9939775e-01  -4.3002419e-03   1.0715963e-03  -2.3931209e-03
  -1.0411933e-01   8.4362983e-03  -1.8052818e-01  -4.1531707e-03   1.3499469e-03  -2.3704583e-03
  -9.3562637e-02   3.6505535e-02  -1.8157008e-01  -4.3986223e-03   1.1961840e-03  -2.4690737e-03
  -1.0034703e-01   1.5246333e-02  -1.7488307e-01  -4.0510830e-03   1.3773039e-03  -2.3509455e-03
  -7.9278930e-02  -9.1507563e-02  -5.2065871e-02  -1.6628207e-03   8.2542260e-04  -1.4139757e-03
  -1.0141965e-01  -1.5672316e-01   2.3566530e-01   2.4735216e-04   1.0902497e-03  -6.5466819e-04
  -6.3769614e-02   1.5598571e-01   1.8229999e-01  -7.7004355e-04   5.0258450e-04  -1.0318925e-03
  -8.1153468e-02   1.5368712e-01   2.5801534e-02  -2.3871371e-03   8.0850865e-04  -1.8515249e-03
  -9.5854802e-02   4.9314231e-02   3.8397384e-02  -2.2745963e-03   7.3095374e-04  -1.7615672e-03
  -1.0126731e-01   2.8280747e-02   6.1912458e-02  -1.9716228e-03   6.3335526e-04  -1.9846706e-03
  -9.0124216e-02   6.1339367e-02   8.0853420e-02  -2.4678412e-03   4.5098751e-04  -2.0601165e-03
  -9.9168453e-02   6.2295098e-02   7.7321293e-02  -2.5652357e-03   5.5050140e-04  -1.8571117e-03
  -5.0824361e-02   1.0436688e-01   5.0580997e-02  -2.1853406e-03  -1.7574870e-04  -1.9808001e-03
  -6.6124783e-02  -3.3631508e-02   5.1795476e-02  -1.7505823e-03   3.1948838e-05  -2.0558647e-03
  -6.9017293e-02   5.8357071e-02   5.9070036e-02  -2.0866134e-03   2.0731219e-04  -1.8257070e-03
  -6.1814086e-02   9.7185823e-02   4.8284390e-02  -2.3111231e-03   1.8394494e-04  -1.9783298e-03
  -7.1746896e-02   9.4412075e-02   6.9549313e-02  -2.3996852e-03   2.7204995e-04  -1.7932869e-03
  -7.6401244e-02   4.8368802e-02   2.6617441e-02  -2.8437609e-03   4.7730209e-04  -2.0385722e-03
  -8.4220316e-02   6.0873474e-02   2.8756766e-02  -2.9219095e-03   6.2890159e-04  -1.8200120e-03
  -7.5942569e-02   8.7165320e-02  -1.1156067e-02  -2.8503571e-03   6.2855553e-04  -1.9543311e-03
  -9.7721558e-02   8.4954111e-02  -8.1459641e-03  -2.9239843e-03   1.0518733e-03  -1.8729434e-03
  -9.8144842e-02   9.8976887e-02  -2.4269708e-02  -3.0532683e-03   1.1834938e-03  -2.1056366e-03
  -1.1122091e-01   6.7786358e-02  -2.7117570e-02  -2.8478223e-03   1.3420991e-03  -1.8878125e-03
  -9.5427643e-02   1.5680352e-01  -4.7841317e-02  -3.7076564e-03   1.2166057e-03  -2.1326601e-03
  -1.1267050e-01   7.1299308e-02  -5.6943245e-02  -2.9718871e-03   1.4845361e-03  -1.9513017e-03
  -1.0724574e-01   1.5154542e-01  -6.7419364e-02  -3.7953946e-03   1.4778409e-03  -1.9766538e-03
  -1.1712938e-01   5.4010209e-02  -8.1364706e-02  -3.5648353e-03   1.6267460e-03  -2.0854358e-03
  -1.0109579e-01   1.6257128e-01  -6.7851232e-02  -4.0331910e-03   1.3835115e-03  -2.0746262e-03
  -7.8588250e-02   7.3940711e-02  -1.0106890e-01  -3.6345555e-03   7.9552542e-04  -1.9028292e-03
  -1.3047228e-01   7.8179785e-02  -9.1117031e-02  -4.3371469e-03   1.6122123e-03  -2.1033547e-03
  -1.1529685e-01   1.1917035e-01  -1.1340670e-01  -4.0692655e-03   1.3909931e-03  -2.3512125e-03
  -9.1106551e-02   3.7285676e-02  -1.3081007e-01  -3.6331510e-03   8.4734310e-04  -1.8951942e-03
  -1.1532676e-01   1.1270586e-01  -1.0440350e-01  -4.1796601e-03   1.3234057e-03  -1.8995640e-03
  -1.1591493e-01   9.9873293e-02  -1.3007931e-01  -3.9080246e-03   1.3379779e-03  -1.9988298e-03
  -1.3007088e-01   6.5923104e-02  -1.0628638e-01  -3.8250587e-03   1.4660205e-03  -2.0132760e-03
  -1.1677530e-01   1.2518754e-01  -1.3210259e-01  -3.8889792e-03   1.3589999e-03  -2.1973010e-03
  -1.1906693e-01   5.8290949e-02  -1.4438013e-01  -3.7842060e-03   1.3822632e-03  -2.1991906e-03
  -1.2385218e-01   1.0029219e-01  -1.3241390e-01  -4.0348943e-03   1.4192333e-03  -2.1344222e-03
  -1.2501199e-01   7.1056038e-02  -1.5833289e-01  -3.6550560e-03   1.4970081e-03  -2.4283936e-03
  -1.2324907e-01   8.9690253e-02  -1.1902211e-01  -3.6851325e-03   1.3918894e-03  -2.2182283e-03
  -1.2761421e-01   5.2085771e-02  -1.4674588e-01  -3.8788229e-03   1.4599901e-03  -2.4119838e-03
  -1.2662235e-01   8.8114335e-02  -1.2656101e-01  -3.7341610e-03   1.5494367e-03  -2.2147320e-03
  -1.1884512e-01   1.1007456e-01  -1.3378085e-01  -4.0698286e-03   1.3012153e-03  -2.4132898e-03
  -1.2888947e-01   8.0408871e-02  -1.1973071e-01  -3.5294065e-03   1.4885125e-03  -2.3973104e-03
  -1.2021678e-01   1.1679684e-01  -1.0780381e-01  -4.0790678e-03   1.3807035e-03  -2.3847701e-03
  -1.2403865e-01   2.1320644e-02  -1.2671321e-01  -3.5853295e-03   1.5347346e-03  -2.4715396e-03
  -1.2772916e-01   6.5841118e-02  -1.0458874e-01  -4.0189486e-03   1.6357003e-03  -2.3573426e-03
  -1.1897430e-01   9.3508739e-02  -1.2868817e-01  -3.6369969e-03   1.5807896e-03  -2.5105399e-03
  -1.3591334e-01   6.4713955e-03  -1.0602108e-01  -3.7188740e-03   1.6439231e-03  -2.3531603e-03
  -1.2193695e-01   7.3214764e-02  -1.2819518e-01  -3.6578996e-03   1.5773563e-03  -2.5074830e-03
  -1.4072921e-01   3.8601976e-02  -1.1890819e-01  -3.5816005e-03   1.7946172e-03  -2.2525022e-03
  -1.2495417e-01   6.8635729e-02  -1.2391633e-01  -3.5519546e-03   1.5856002e-03  -2.4677378e-03
  -1.3151329e-01   7.7012902e-02  -1.2538296e-01  -3.6119442e-03   1.7092755e-03  -2.3426550e-03
  -1.2878100e-01   7.6047029e-02  -1.1668784e-01  -3.8481393e-03   1.6751988e-03  -2.4151961e-03
  -1.3302011e-01   7.7519606e-03  -1.2477419e-01  -3.5130123e-03   1.6457938e-03  -2.3791586e-03
  -1.2841581e-01   9.7757055e-02  -1.1335366e-01  -4.3253043e-03   1.6314928e-03  -2.3343710e-03
  -1.3217625e-01   6.1593703e-02  -1.6122044e-01  -4.0917671e-03   1.7124457e-03  -2.3992314e-03
  -1.3806254e-01   1.3689904e-01  -1.4554049e-01  -4.1405161e-03   1.7860489e-03  -2.2422656e-03
  -1.3712211e-01   6.1991309e-02  -1.7767724e-01  -3.6329847e-03   1.7335158e-03  -2.2872181e-03
  -1.4020148e-01   1.0846255e-01  -1.7350770e-01  -3.7207516e-03   1.8682250e-03  -2.1716071e-03
  -1.4341169e-01   9.7736876e-02  -1.7366618e-01  -3.8431991e-03   1.9311429e-03  -2.2417696e-03
  -1.4976241e-01   8.4187624e-02  -1.7009887e-01  -3.7922145e-03   2.0193290e-03  -2.3023081e-03
  -1.5065516e-01   6.0571618e-02  -1.6023191e-01  -3.9320246e-03   1.9567370e-03  -2.1929426e-03
  -1.4412531e-01   8.0572487e-02  -1.7967396e-01  -3.7293638e-03   1.9038617e-03  -2.3896464e-03
  -1.5984021e-01   8.4735609e-02  -1.5206134e-01  -3.7828842e-03   2.1035662e-03  -2.1522625e-03
  -1.4632701e-01   9.3951943e-02  -1.5772098e-01  -4.5435420e-03   1.8140824e-03  -2.4813429e-03
  -1.5696609e-01   7.3888159e-02  -1.4124310e-01  -4.4237822e-03   1.9440666e-03  -2.2702663e-03
  -1.5030919e-01   8.9981351e-02  -1.5749722e-01  -4.9214398e-03   1.8383381e-03  -2.4921481e-03
  -1.3160097e-01   9.1625368e-02  -1.7335921e-01  -4.6197632e-03   1.4996358e-03  -2.0743915e-03
  -1.3612381e-01   1.7081617e-01  -1.7489518e-01  -4.8169651e-03   1.7449374e-03  -2.3338626e-03
  -1.4798010e-01   5.2606522e-02  -1.9722487e-01  -4.3767988e-03   1.8514446e-03  -2.4315940e-03
  -1.3820608e-01   1.4305748e-01  -1.6659165e-01  -4.5997718e-03   1.7385301e-03  -2.3277621e-03
  -1.3643761e-01   4.6303801e-02  -1.7712125e-01  -4.2547481e-03   1.7459172e-03  -2.4532701e-03
  -1.3753975e-01   9.6109703e-02  -1.3667032e-01  -4.9265032e-03   1.7957321e-03  -2.3040761e-03
  -1.2623143e-01   1.3230915e-01  -1.7895545e-01  -5.1090420e-03   1.8353379e-03  -2.4930148e-03
  -1.3737548e-01   1.3111927e-01  -1.7735449e-01  -4.7322707e-03   2.0273777e-03  -2.2458800e-03
  -1.3610823e-01   1.6172553e-01  -2.0000669e-01  -4.5036697e-03   2.0323961e-03  -2.4954523e-03
  -1.3127768e-01   8.1768467e-02  -1.8743885e-01  -3.6309679e-03   1.6736278e-03  -2.2487058e-03
  -1.3356122e-01   9.3600224e-02  -1.6423223e-01  -3.0083167e-03   1.8270539e-03  -2.3364984e-03
  -1.2660599e-01   6.3424053e-02  -1.9727367e-01  -3.1615925e-03   1.7210549e-03  -2.3355556e-03
  -1.1656984e-01   1.2490425e-01  -1.6888826e-01  -4.9868366e-03   1.5332712e-03  -2.1664414e-03
  -1.2614962e-01   1.6249563e-01  -2.2413239e-01  -5.4175920e-03   1.7390230e-03  -2.6569638e-03
  -1.4645522e-01   1.3212308e-01  -1.8822407e-01  -4.9601293e-03   2.0156375e-03  -2.3805322e-03
  -1.3169404e-01   1.5669000e-01  -2.0435362e-01  -4.8001585e-03   1.7551008e-03  -2.6622610e-03
  -1.2896438e-01   1.1301577e-01  -2.0230053e-01  -3.5610399e-03   1.6914932e-03  -2.4852939e-03
  -1.0974762e-01   1.2396821e-01  -1.9978501e-01  -3.7508114e-03   1.3909674e-03  -2.5165569e-03
  -1.2400210e-01   1.0864172e-01  -1.9829216e-01  -3.1020591e-03   1.6946529e-03  -2.6212775e-03
  -1.2742256e-01   1.1039256e-01  -1.7476991e-01  -3.3510163e-03   1.7054246e-03  -2.5656077e-03
  -1.3088644e-01   1.6472275e-02  -1.6783438e-01  -3.0586730e-03   1.7288345e-03  -2.7566061e-03
  -1.2839094e-01   6.2497780e-02  -1.5775621e-01  -3.1281789e-03   1.7752084e-03  -2.5348146e-03
  -1.2042062e-01   7.1563969e-02  -1.9201729e-01  -3.3668459e-03   1.6407411e-03  -2.7836235e-03
  -1.3826293e-01   8.4229264e-03  -1.5583353e-01  -3.2945972e-03   1.8026616e-03  -2.6555068e-03
  -1.2391718e-01   5.4028792e-02  -1.7908421e-01  -3.3877417e-03   1.7476589e-03  -2.9633094e-03
  -1.2722261e-01   9.9357282e-02  -1.5170088e-01  -4.7846657e-03   1.7664694e-03  -2.6821838e-03
  -1.2252981e-01   1.5332327e-01  -1.7562351e-01  -4.7700377e-03   1.7587772e-03  -2.7089493e-03
  -1.3371291e-01   7.2398833e-02  -1.9312535e-01  -4.4072119e-03   1.7875067e-03  -2.6859628e-03
  -1.2889428e-01   1.5549321e-01  -1.8094384e-01  -4.6933943e-03   1.7669713e-03  -2.7677520e-03
  -1.5478601e-01   7.4431812e-02  -1.8875071e-01  -4.2868039e-03   2.1483665e-03  -2.8227149e-03
  -1.4232939e-01   1.1394855e-01  -1.7439451e-01  -4.7188404e-03   1.8997461e-03  -2.5598159e-03
  -1.3945028e-01   1.0681571e-01  -2.1932357e-01  -4.6125947e-03   1.8854252e-03  -2.9673076e-03
  -1.5720081e-01   7.8787852e-02  -1.9365618e-01  -4.5938079e-03   2.0311124e-03  -2.6389921e-03
  -1.4460507e-01   1.1869792e-01  -2.3479473e-01  -5.0178774e-03   2.0104972e-03  -3.0462715e-03
  -1.5634890e-01   1.1450321e-01  -1.9953647e-01  -4.7690582e-03   2.2424484e-03  -2.6861004e-03
  -1.5645641e-01   8.3415911e-02  -2.2111585e-01  -5.1871371e-03   2.2028853e-03  -2.9300523e-03
  -1.6287153e-01   9.8407791e-02  -2.1203039e-01  -4.8818422e-03   2.3556214e-03  -2.7696515e-03
  -1.5737994e-01   1.8461180e-01  -2.2263180e-01  -5.5532930e-03   2.2328916e-03  -2.8180053e-03
  -1.6381213e-01   1.2764183e-01  -2.4412850e-01  -4.7828958e-03   2.3263547e-03  -2.7834010e-03
  -1.7422479e-01   1.5001567e-01  -2.3450665e-01  -5.2705928e-03   2.4299653e-03  -2.7312592e-03
  -1.6271543e-01   1.2652896e-01  -2.3699898e-01  -4.7182415e-03   2.2920244e-03  -2.8117063e-03
