   0.0000000e+00   0.0000000e+00   0.0000000e+00   0.0000000e+00   0.0000000e+00   0.0000000e+00
  -2.9071451e-02   3.8255224e-02  -5.7162665e-04  -1.6726786e-04   4.8951708e-04  -2.4926619e-04
  -3.7125292e-02  -6.2299930e-02  -4.1083415e-02   9.7608136e-04   5.2819136e-04  -4.0072802e-04
  -4.4240293e-02  -2.2359652e-02  -3.2100787e-02   1.1464462e-03   2.2853252e-04  -9.6386263e-04
  -3.3485174e-02  -2.4382800e-02   3.2029532e-03   9.6511660e-04  -7.3043646e-05  -7.9241518e-04
  -2.7148226e-02  -1.2472732e-01  -2.1108994e-02   1.8971806e-03   4.3998401e-05  -5.6011333e-04
  -3.0714334e-02  -3.0102648e-02  -5.0662132e-02   5.0635235e-04   1.5561375e-04  -5.0321491e-04
  -2.9139014e-02   5.2194565e-02  -6.8488007e-02   9.4768266e-05   1.5274257e-04  -3.3945950e-04
  -2.9785003e-02  -3.5894884e-02  -1.1260711e-01   7.3697278e-04   1.3093986e-04  -7.0052456e-04
  -5.7705552e-02  -3.8866312e-02  -8.9927825e-02   3.4767532e-04   5.1872916e-04  -1.2029065e-03
  -4.9173040e-02  -6.8582185e-02  -6.8346249e-02   1.4936763e-03   2.1396410e-04  -1.1150151e-03
  -4.8628108e-02  -3.0103510e-02  -5.4559216e-02   1.1722214e-03   1.7335727e-04  -1.2865551e-03
  -6.3701634e-02  -8.8734808e-02   3.0552354e-02   1.1634722e-03   7.3466483e-05  -1.1842257e-03
  -4.2135837e-02  -1.0434772e-01  -3.7949518e-03   9.2235632e-04  -2.2706543e-04  -1.2078474e-04
  -4.4649080e-02  -9.0347675e-03   4.7438248e-03   7.9742606e-04  -3.0898550e-04  -2.2836183e-04
  -5.8614901e-02  -3.4385111e-02  -1.1075573e-01   1.2454243e-03  -5.0559764e-05  -8.9920950e-04
  -6.0570106e-02  -3.0584073e-03  -9.5654407e-02   8.1670555e-04   1.0074449e-04  -1.1887183e-03
  -4.7813423e-02  -9.0893541e-03  -1.3035229e-01   3.3865796e-04  -5.8122431e-05  -1.2546549e-03
  -5.0355126e-02  -2.3046845e-02  -1.5673579e-01   7.4154472e-04   8.6079923e-05  -1.2573234e-03
  -5.7368990e-02  -7.3049906e-02  -1.1324183e-01   2.0290855e-03   1.4157798e-04  -1.0280837e-03
  -4.7791708e-02   1.8989049e-02  -8.5719339e-02   2.1044871e-03  -2.1431774e-04  -9.2607838e-04
  -4.9618084e-02  -3.1035212e-02  -1.0542758e-01   1.0803422e-03   4.6207415e-05  -1.1108623e-03
  -5.4706994e-02   4.8728409e-02  -9.3525874e-02   4.5037858e-04   2.6292469e-05  -1.1630581e-03
  -4.6223036e-02   4.1978324e-03  -1.1005036e-01   1.5996994e-04   2.3031226e-05  -1.0628824e-03
  -4.5367401e-02  -2.3340097e-02  -1.2159899e-01   5.1699694e-04  -7.8475997e-05  -9.0556593e-04
  -6.0409256e-02   1.0954929e-02  -1.3466378e-01  -1.4775565e-04   2.8785154e-04  -1.5627048e-03
  -5.6464622e-02   2.8798505e-02  -1.9823042e-01  -1.6128955e-04   8.0831989e-05  -1.1968653e-03
  -4.4881985e-02   1.9306935e-02  -9.4846207e-02   5.5009433e-04  -1.8693692e-04  -7.0972184e-04
  -4.8928731e-02  -1.7608757e-02  -1.7243266e-01  -2.4040473e-04   1.5803609e-04  -8.1050714e-04
  -4.7920306e-02  -9.4416310e-02  -1.9552737e-01   5.4849945e-04   1.3397042e-04  -7.1272002e-04
  -3.6052826e-02   6.0087289e-02  -1.8090845e-01  -3.2147366e-06  -6.3407270e-05  -5.0041882e-04
  -5.3620276e-02   4.0481888e-02  -2.1741901e-01  -5.8896428e-04   1.5445743e-04  -1.1491746e-03
  -6.5360892e-02   5.3522613e-02  -2.5557647e-01  -5.4910168e-04   2.6279824e-04  -1.2654245e-03
  -5.0949156e-02   2.6488411e-02  -1.8325145e-01   1.7151948e-04  -6.1182711e-05  -1.1300222e-03
  -5.0213213e-02   4.3049954e-02  -1.7114099e-01   8.7679747e-05   2.2997973e-05  -1.2110528e-03
  -4.3291484e-02  -3.3418256e-02  -1.9361573e-01  -6.1408598e-04   6.8924570e-07  -1.4982012e-03
  -6.0382751e-02  -5.6819464e-03  -1.6615433e-01  -1.4869133e-04   2.2300474e-04  -1.3517083e-03
  -5.0301823e-02   2.3572328e-02  -1.3636530e-01   1.1244716e-04  -1.0523703e-04  -1.2158520e-03
  -3.5465620e-02   3.9995568e-02  -9.3942644e-02   4.1289843e-04  -2.3464794e-04  -1.1122492e-03
  -3.2613131e-02  -1.7508871e-02  -1.2625483e-01  -2.4191479e-04   3.1219128e-05  -1.3550182e-03
  -4.1319088e-02  -9.2102894e-02  -1.5740270e-01   1.8866751e-04   1.9747662e-04  -1.3675884e-03
  -4.3238061e-02  -1.0024029e-02  -1.3220390e-01   2.6709990e-04  -4.3063497e-05  -1.2339867e-03
  -4.7213345e-02   1.1342963e-02  -1.0291111e-01   4.9637306e-04  -3.1351571e-05  -1.4603933e-03
  -4.5345462e-02  -6.4995910e-02  -8.1983661e-02   3.7567496e-04  -9.4613204e-05  -1.5349573e-03
  -4.4603480e-02  -8.0553829e-02  -1.0175976e-01   3.8185630e-04  -1.5768291e-04  -1.6069491e-03
  -5.2238567e-02   2.6215405e-02  -9.1510231e-02  -7.2461226e-05  -1.6656019e-04  -1.9953134e-03
  -5.6697208e-02   4.9081019e-02  -9.7409965e-02  -2.0458801e-04  -2.0668848e-04  -1.6152368e-03
  -4.2557300e-02   3.0180083e-02  -6.3289789e-02   3.4720621e-04  -5.4829095e-04  -1.6338606e-03
  -4.4793240e-02   1.7163372e-02  -8.9502316e-02  -2.6394079e-04  -3.9925735e-04  -1.6611200e-03
  -3.7506776e-02  -1.4769492e-01  -1.4275478e-01   1.2921520e-03  -5.5594822e-04  -1.4961593e-03
  -4.6857205e-02   4.4380170e-02  -7.4309533e-02   3.2022496e-04  -7.0494587e-04  -1.4865529e-03
  -4.6895689e-02  -2.8611823e-02  -1.4654386e-01   5.1575186e-05  -6.3724158e-04  -1.8284692e-03
  -6.0151170e-02  -1.4867711e-02  -1.8359920e-01   4.7465938e-04  -6.1175514e-04  -1.7767931e-03
  -5.0771267e-02   4.9306084e-02  -1.3415422e-01   3.8028225e-04  -7.9545855e-04  -1.6393671e-03
  -6.5516499e-02   1.5226067e-02  -1.2283134e-01   4.5777807e-07  -5.6238478e-04  -1.6936550e-03
  -7.5340288e-02  -3.6358692e-02  -1.6817889e-01   2.7175950e-04  -5.3184832e-04  -2.1681388e-03
  -6.9150102e-02  -6.6953965e-03  -1.1584638e-01   4.5374822e-04  -6.5308367e-04  -2.0791767e-03
  -5.5077228e-02   2.5747772e-02  -1.1172863e-01   5.8580719e-04  -7.9863117e-04  -1.6921563e-03
  -5.8392947e-02  -6.5651688e-02  -1.1500003e-01   5.7867945e-04  -5.6537804e-04  -2.0486663e-03
  -8.4078259e-02  -8.0750338e-02  -1.0266133e-01   1.9039232e-03  -2.3404628e-04  -2.0550149e-03
  -4.0874093e-02  -6.2792474e-04  -7.1573163e-02   1.4515632e-03  -7.1640260e-04  -1.4094947e-03
  -3.6131957e-02  -1.7043307e-01  -7.8281995e-02   2.4927533e-03  -5.7984465e-04  -1.6116842e-03
  -2.7516177e-02  -1.5373174e-01  -1.3443592e-01   2.4077837e-03  -7.7580832e-04  -1.7290067e-03
  -4.4520580e-02   4.6985319e-02  -1.4537712e-01   1.3688844e-03  -8.8758666e-04  -2.2336272e-03
  -5.5196938e-02  -3.0811094e-02  -1.7032479e-01   1.1387945e-03  -5.5832508e-04  -2.6010333e-03
  -5.7996901e-02  -2.7906541e-02  -1.8285168e-01   1.6892945e-03  -5.2293090e-04  -2.0533799e-03
  -3.4092768e-02  -4.3045648e-02  -1.5698727e-01   1.5979386e-03  -8.9312253e-04  -2.1103760e-03
  -2.8225659e-02  -5.7245687e-02  -1.4408313e-01   1.6525516e-03  -9.1946819e-04  -2.0932903e-03
  -4.2704899e-02  -8.2576545e-02  -1.5613614e-01   1.6099617e-03  -7.9857409e-04  -2.2067567e-03
  -2.2788451e-02  -4.6490446e-02  -6.8910301e-02   2.2016463e-03  -1.2012076e-03  -1.9529613e-03
  -4.1304931e-02  -2.6217258e-02  -1.1557787e-01   1.5215653e-03  -1.0556096e-03  -2.6643262e-03
  -5.8528706e-02  -1.7532475e-01  -1.2270856e-01   2.9501465e-03  -8.5735583e-04  -2.7851112e-03
  -7.0947274e-02   1.1207823e-02  -1.3682354e-01   2.3132191e-03  -1.0931424e-03  -3.0724891e-03
  -5.3873230e-02  -8.2250357e-02  -1.3807140e-01   2.2403371e-03  -1.2300206e-03  -2.8499257e-03
  -4.2190069e-02  -1.1682140e-01  -1.9199145e-01   2.7597447e-03  -1.2758073e-03  -2.6712815e-03
  -4.6072795e-02  -5.0752995e-02  -1.2772587e-01   2.9057116e-03  -1.4691125e-03  -3.0647612e-03
  -5.9179950e-02  -2.4090815e-02  -1.6765457e-01   2.2548135e-03  -1.3665319e-03  -3.1116197e-03
  -6.7633469e-02  -9.5454358e-02  -2.0648495e-01   2.3727878e-03  -1.1466740e-03  -3.2294473e-03
  -4.7067329e-02  -9.6279014e-02  -1.8437653e-01   2.4411594e-03  -1.3842445e-03  -3.0697583e-03
  -5.0786552e-02  -4.1376521e-02  -1.2174967e-01   2.3400587e-03  -1.3505424e-03  -3.2897595e-03
  -4.6339922e-02  -1.5100969e-01  -1.5620185e-01   2.2149997e-03  -1.2536003e-03  -3.5955539e-03
  -3.2717239e-02  -1.2316038e-01  -1.8765509e-01   2.9980125e-03  -1.4633185e-03  -2.8739138e-03
  -4.4390823e-02  -4.1515552e-02  -8.5768012e-02   3.4907001e-03  -1.5447064e-03  -3.0211312e-03
  -6.7004783e-02  -1.5657308e-01  -1.3543212e-01   3.4805778e-03  -1.2421993e-03  -3.8136535e-03
  -7.3231188e-02  -7.6540029e-02  -1.7192127e-01   3.7420026e-03  -1.3079755e-03  -3.4658765e-03
  -2.1344814e-02  -2.7312330e-01  -2.3231677e-02   3.3762880e-03  -1.7293101e-03  -2.7293440e-03
  -1.7835757e-03  -4.3079300e-01  -1.8513136e-01   4.9829898e-03  -1.7021520e-03  -2.3206931e-03
  -5.2692382e-02   9.8789784e-02  -1.6074225e-01   4.4481166e-03  -1.4940884e-03  -3.2154318e-03
  -2.9018758e-02  -1.2370761e-01  -1.4882935e-01   4.4752091e-03  -1.4864607e-03  -3.4037085e-03
  -3.9654107e-02  -1.0606722e-01  -1.9769389e-01   3.3953791e-03  -1.0343586e-03  -3.9246095e-03
  -2.7007714e-02  -4.0228994e-02  -2.1965152e-01   2.4709927e-03  -1.1889877e-03  -3.4166558e-03
  -3.4570864e-02   1.1694474e-03  -2.0274749e-01   3.0117998e-03  -1.5376775e-03  -3.7898255e-03
  -5.7882505e-02  -8.3691845e-02  -1.8062136e-01   3.0533462e-03  -1.2425629e-03  -4.0979498e-03
  -5.7983136e-02  -1.2755433e-01  -1.3875649e-01   3.3544416e-03  -1.3181598e-03  -4.2239476e-03
  -5.3220183e-02  -1.0332127e-01  -1.9156692e-01   3.4425001e-03  -1.2248139e-03  -4.1985015e-03
  -4.3235871e-02  -6.3937156e-02  -1.0724395e-01   4.8905843e-03  -1.7987294e-03  -3.9356198e-03
  -5.1362415e-02  -1.7034282e-01  -1.3091926e-01   4.0894407e-03  -1.3715972e-03  -4.2440547e-03
  -6.8285977e-02  -9.6038834e-02  -1.3856440e-01   4.2499022e-03  -1.1141287e-03  -4.1913827e-03
  -6.5484156e-02  -6.6725654e-02  -1.2142685e-01   4.7027984e-03  -1.3513232e-03  -4.1151337e-03
  -6.3093411e-02  -7.5829752e-02  -9.7560114e-02   4.7693983e-03  -1.3377559e-03  -4.1119441e-03
  -7.5707358e-02  -1.5336928e-01  -1.4753543e-01   5.2395817e-03  -1.2525172e-03  -4.4450225e-03
  -6.5325884e-02  -1.0722629e-01  -1.5774667e-01   4.3995718e-03  -1.2738020e-03  -4.3482483e-03
  -4.5291195e-02  -1.3879669e-01  -4.7670869e-02   6.6045490e-03  -1.7371302e-03  -4.2176492e-03
  -8.7609910e-02  -6.3320234e-02  -1.0143745e-01   5.2381958e-03  -1.1064887e-03  -4.8307986e-03
  -3.5994615e-02  -2.3287103e-01  -1.4976207e-01   7.2410617e-03  -1.5950071e-03  -3.8354993e-03
  -6.1154460e-02  -8.0922714e-02  -5.4578509e-02   6.6044578e-03  -1.6620977e-03  -4.3022527e-03
  -7.1242417e-02  -1.9348606e-01  -1.2523111e-01   6.3267464e-03  -1.6236596e-03  -4.9334086e-03
  -5.9216601e-02  -1.9981930e-01  -1.4743990e-01   6.2115691e-03  -1.8087354e-03  -4.7413584e-03
  -6.3506476e-02  -1.0338830e-01  -5.5956762e-02   7.5461108e-03  -1.9909090e-03  -4.5664328e-03
  -7.5219653e-02  -2.2279323e-01  -8.0784621e-02   8.1307611e-03  -1.7197290e-03  -5.2364864e-03
  -8.2081965e-02  -2.4028982e-01  -7.7939535e-02   1.0044359e-02  -1.8531095e-03  -4.9031879e-03
  -7.7115556e-02  -1.8877625e-01  -4.6270218e-02   1.0361461e-02  -2.0096486e-03  -4.5817288e-03
  -8.1895669e-02  -1.8925642e-01   2.0232466e-05   9.0190067e-03  -1.9086164e-03  -4.6295374e-03
  -7.6871707e-02  -2.2334979e-01  -3.9779445e-02   7.8738191e-03  -1.6072571e-03  -4.8809283e-03
  -7.4410405e-02  -1.5263584e-01  -7.1618551e-02   8.2132788e-03  -1.9454469e-03  -5.0540171e-03
  -5.2073952e-02  -2.1912386e-01   6.9216094e-03   9.4854548e-03  -2.2956439e-03  -4.6317417e-03
  -5.6949100e-02  -3.1147764e-01  -2.3532222e-02   9.3188219e-03  -1.9163701e-03  -4.9640024e-03
  -8.2703777e-02  -3.5226928e-01  -1.8530826e-03   9.9630832e-03  -1.5532331e-03  -5.2834701e-03
  -7.1005401e-02  -2.1600181e-01   1.9266127e-02   1.0701285e-02  -1.9754406e-03  -4.7857981e-03
  -7.0987388e-02  -2.9707748e-01   1.0147210e-02   9.5913199e-03  -1.8656101e-03  -4.7245237e-03
  -5.0469015e-02  -3.3710727e-01  -3.7209837e-02   1.0077378e-02  -2.0103361e-03  -4.7361987e-03
  -5.2210984e-02  -2.7637563e-01   1.0668017e-02   9.7978340e-03  -2.1454166e-03  -4.7243691e-03
  -6.7461924e-02  -3.1154435e-01   8.5299362e-02   9.2890817e-03  -1.8628205e-03  -4.4158578e-03
  -6.0555810e-02  -3.6169508e-01   2.0924236e-02   1.0174164e-02  -1.9505703e-03  -4.2106058e-03
  -5.3019827e-02  -3.2598807e-01   2.5756253e-02   1.0466681e-02  -2.1195507e-03  -3.9240535e-03
  -8.2659743e-02  -2.8695698e-01   2.9229277e-02   1.0003431e-02  -1.7443892e-03  -4.8134008e-03
  -6.4145065e-02  -2.7243091e-01  -2.1954258e-02   7.6424131e-03  -1.3928217e-03  -4.2616650e-03
  -2.1020787e-02  -3.1212876e-01   4.5741473e-02   8.9623135e-03  -1.7994508e-03  -3.4907942e-03
  -4.5762423e-02  -2.3934474e-01   7.1726283e-03   9.0169907e-03  -1.9531683e-03  -3.7999153e-03
  -7.8635206e-02  -3.3129573e-01  -2.9778001e-02   9.6375701e-03  -1.4306953e-03  -4.5330733e-03
  -5.3312555e-02  -3.3196681e-01  -7.0753839e-03   1.0556605e-02  -1.8813624e-03  -4.4622764e-03
  -6.0510673e-02  -3.0881543e-01   1.8551932e-02   1.0059869e-02  -1.8264356e-03  -4.0445276e-03
  -6.6874067e-02  -3.3591625e-01   2.6578771e-02   1.0254187e-02  -1.9248385e-03  -4.6205205e-03
  -7.7556682e-02  -2.4985264e-01  -1.5296148e-02   9.0863350e-03  -1.9385546e-03  -4.9065022e-03
  -6.3825187e-02  -2.9701662e-01   2.1974487e-02   1.0902553e-02  -2.2280668e-03  -4.9506149e-03
  -5.3838534e-02  -4.2177181e-01   1.1295494e-02   1.1317394e-02  -2.3851326e-03  -4.7472499e-03
  -7.8439346e-02  -3.2840245e-01  -7.7182496e-03   1.1306431e-02  -2.0857336e-03  -4.8673836e-03
  -7.9643094e-02  -3.6535230e-01  -1.0293176e-02   1.2362375e-02  -2.2140784e-03  -4.9496156e-03
  -9.1653530e-02  -3.0177623e-01   1.4919918e-02   1.1960372e-02  -2.1338050e-03  -5.0847852e-03
  -6.1809970e-02  -4.2390403e-01   3.5355447e-02   1.2337881e-02  -2.4571245e-03  -4.5090165e-03
  -6.9729348e-02  -3.7487992e-01  -1.0958325e-02   1.2503154e-02  -2.4417070e-03  -4.3992133e-03
  -5.3886312e-02  -3.7493358e-01   3.6958987e-02   1.3094844e-02  -2.6481155e-03  -4.4919104e-03
  -6.3723301e-02  -3.2263989e-01   1.9697214e-02   1.1559481e-02  -2.5477679e-03  -4.7280541e-03
  -8.9349339e-02  -3.8271171e-01  -3.1620312e-02   1.2069782e-02  -1.9146134e-03  -5.0095673e-03
  -6.0752830e-02  -3.6093551e-01   6.8659927e-04   1.2774143e-02  -2.3473515e-03  -4.2041682e-03
  -7.5842316e-02  -2.9697011e-01   7.1662634e-02   1.2243542e-02  -2.2961925e-03  -4.8405002e-03
  -7.0451309e-02  -4.4347226e-01  -3.3835707e-02   1.1941743e-02  -2.0747781e-03  -4.9771655e-03
  -6.5029504e-02  -3.1242677e-01  -1.2973780e-02   1.1826176e-02  -2.5075684e-03  -4.8441640e-03
  -5.0297201e-02  -3.4646011e-01   3.3452226e-02   1.2438171e-02  -2.6874302e-03  -4.5655210e-03
  -6.9592893e-02  -2.8311483e-01   4.2552392e-02   1.2237216e-02  -2.4275402e-03  -4.9659839e-03
  -7.8306012e-02  -3.7161815e-01   8.5223402e-04   1.2269600e-02  -2.1202418e-03  -5.1363870e-03
  -6.2888958e-02  -3.8407154e-01   2.9203088e-02   1.2384757e-02  -2.1850953e-03  -4.4719163e-03
  -5.5987430e-02  -3.5291688e-01   6.9751201e-02   1.2747898e-02  -2.3256973e-03  -4.5937581e-03
  -6.5518248e-02  -4.2290308e-01   5.2431715e-02   1.3118135e-02  -2.3812432e-03  -4.8292888e-03
  -5.8165096e-02  -3.8391794e-01   3.2218894e-02   1.2833612e-02  -2.3643205e-03  -4.6299569e-03
  -3.7012580e-02  -3.8858335e-01   9.8248754e-02   1.4173007e-02  -2.9636666e-03  -4.4714962e-03
  -4.5984658e-02  -4.2462385e-01   6.9375510e-02   1.3463489e-02  -2.5753797e-03  -4.7442189e-03
  -6.7553398e-02  -3.6550763e-01  -1.5923288e-04   1.3081144e-02  -2.2362606e-03  -4.8838427e-03
  -5.6177366e-02  -3.7226515e-01   1.9161459e-02   1.3184561e-02  -2.3576246e-03  -4.9724677e-03
  -7.0267327e-02  -3.2479482e-01   6.9853255e-02   1.3131059e-02  -2.4272083e-03  -5.0312511e-03
  -7.0279747e-02  -3.5370268e-01   1.3241346e-02   1.3065410e-02  -2.4852698e-03  -5.0021576e-03
  -5.2832210e-02  -3.2775508e-01   1.5693867e-02   1.3557885e-02  -2.7111188e-03  -4.7329490e-03
  -5.4705451e-02  -3.3591014e-01   5.6325832e-02   1.3105506e-02  -2.8321785e-03  -4.7050766e-03
  -6.3728804e-02  -4.1031384e-01   6.3816695e-02   1.3495817e-02  -2.6986412e-03  -4.9476103e-03
  -6.6680359e-02  -4.9808034e-01   1.3552930e-02   1.4173507e-02  -2.4374358e-03  -5.0958908e-03
  -5.4791919e-02  -3.5235949e-01   9.6338170e-02   1.4023112e-02  -2.8558401e-03  -4.5816786e-03
  -4.3856121e-02  -4.4422478e-01   1.0078055e-01   1.4020281e-02  -3.0634360e-03  -4.8841010e-03
  -6.7001562e-02  -3.8297838e-01   8.0149840e-02   1.3267831e-02  -2.7892316e-03  -5.0814321e-03
  -4.7765629e-02  -4.5800293e-01   3.2150723e-02   1.4092640e-02  -2.7289238e-03  -4.6645606e-03
  -6.1807925e-02  -3.4892301e-01   8.7386316e-02   1.3810794e-02  -2.9285717e-03  -4.7472164e-03
  -6.8637904e-02  -5.0351139e-01   9.0610816e-02   1.4131344e-02  -2.8198286e-03  -5.0444441e-03
  -8.4064810e-02  -5.0554420e-01   7.1105093e-02   1.5479537e-02  -2.8550336e-03  -5.3357936e-03
  -6.5663135e-02  -4.2054419e-01   1.0034039e-01   1.4090833e-02  -3.1828085e-03  -4.8194987e-03
  -7.3059563e-02  -4.2691643e-01   1.0488554e-01   1.4302733e-02  -3.0581334e-03  -5.1046901e-03
  -8.3445451e-02  -4.1628004e-01   6.4612427e-02   1.3946276e-02  -2.8650574e-03  -5.2965686e-03
  -7.1931549e-02  -4.4495225e-01   2.9141852e-02   1.4364440e-02  -2.8687510e-03  -4.6311108e-03
  -5.7935012e-02  -4.0324944e-01   1.2863506e-01   1.4580158e-02  -3.1116447e-03  -4.5841097e-03
  -5.4147485e-02  -5.3933851e-01   5.4966414e-02   1.4459387e-02  -2.7863496e-03  -4.7882124e-03
  -2.8628711e-02  -5.0439453e-01   1.4863030e-02   1.4650795e-02  -3.0518445e-03  -4.3054947e-03
  -2.7315567e-02  -3.6790136e-01   6.9288178e-02   1.4011306e-02  -3.0530883e-03  -4.1595795e-03
  -3.4261156e-02  -4.6178582e-01  -4.7268135e-03   1.4250157e-02  -2.6539485e-03  -4.5377211e-03
  -2.7939109e-02  -4.1268835e-01  -1.3474539e-02   1.4723369e-02  -2.4693031e-03  -3.6345236e-03
  -2.4343330e-02  -3.4535292e-01   7.1868715e-02   1.4657514e-02  -2.9200900e-03  -3.8970844e-03
  -3.9054422e-02  -4.1237131e-01   5.1657027e-02   1.4614223e-02  -2.5659992e-03  -4.4384166e-03
  -1.6570102e-02  -4.6584580e-01   4.4427510e-02   1.5370563e-02  -2.8212189e-03  -4.4721039e-03
  -2.5627303e-02  -3.5215204e-01   8.4592087e-02   1.4767028e-02  -2.9304344e-03  -4.3030092e-03
  -1.9603206e-02  -4.4063117e-01   4.1561692e-02   1.5189359e-02  -2.7609009e-03  -3.8748414e-03
   1.8382913e-03  -4.3974935e-01   1.1067806e-01   1.5967656e-02  -3.2241207e-03  -3.8983498e-03
  -2.7491756e-02  -4.4141529e-01   9.8351245e-02   1.5814889e-02  -2.9569726e-03  -4.1924272e-03
  -3.3982235e-02  -4.7314454e-01   8.9626451e-02   1.6255471e-02  -2.9382104e-03  -4.7153504e-03
  -2.0446176e-02  -4.7489806e-01   1.0123835e-01   1.5837462e-02  -3.2377435e-03  -4.5385772e-03
  -1.9415321e-02  -5.3286384e-01   3.6540192e-02   1.5589941e-02  -3.1255763e-03  -4.5595642e-03
  -1.6268813e-02  -4.5979622e-01   1.0773955e-01   1.5477162e-02  -3.3101659e-03  -4.2910444e-03
  -3.5868719e-02  -4.0429207e-01   8.9178266e-02   1.5027720e-02  -3.1437576e-03  -4.4710753e-03
  -3.7010001e-02  -5.6025434e-01   2.1578867e-02   1.6081145e-02  -3.0777355e-03  -4.8873349e-03
  -3.0379033e-02  -4.3332071e-01   8.9058297e-02   1.4842555e-02  -3.1235019e-03  -4.5141331e-03
  -2.5261111e-02  -4.2681316e-01   3.7165948e-02   1.4788911e-02  -3.3115694e-03  -4.8462698e-03
  -4.4264862e-02  -4.5989915e-01   4.7317394e-05   1.5742415e-02  -2.9114016e-03  -4.8208982e-03
  -3.3286183e-02  -3.9308574e-01   9.7515474e-02   1.5699711e-02  -3.2879175e-03  -4.6264760e-03
  -2.2539326e-02  -5.1812303e-01   1.1195062e-01   1.5566600e-02  -3.3474602e-03  -4.6606247e-03
  -4.6519273e-02  -5.1581447e-01   5.0490149e-02   1.5757917e-02  -2.8951455e-03  -4.9605154e-03
  -3.3580691e-02  -4.8678391e-01   7.6410745e-02   1.6125127e-02  -3.2715353e-03  -4.8380537e-03
  -2.7591936e-02  -4.2222600e-01   1.3235330e-01   1.5479009e-02  -3.3568111e-03  -4.8266503e-03
  -1.7400252e-02  -5.2378590e-01   9.6087639e-02   1.6251263e-02  -3.4320502e-03  -4.4780486e-03
  -3.6051580e-02  -5.6021282e-01   7.0630428e-02   1.6575207e-02  -3.1046860e-03  -4.4259420e-03
  -2.7632582e-02  -4.7294932e-01   1.2444927e-01   1.6659133e-02  -3.3590366e-03  -4.5100888e-03
  -3.3706254e-02  -5.5369171e-01   1.0831708e-01   1.5919060e-02  -3.3558959e-03  -4.9606980e-03
  -3.9854764e-02  -4.9917652e-01   8.9578308e-02   1.6217434e-02  -3.3277378e-03  -4.7898647e-03
  -2.6097264e-02  -5.1846433e-01   1.2388698e-01   1.5941651e-02  -3.4467448e-03  -4.4880554e-03
  -2.3322112e-02  -4.1978760e-01   1.7557801e-01   1.5283926e-02  -3.6031163e-03  -4.4949373e-03
  -3.6947789e-02  -6.0325516e-01   1.3356807e-01   1.6312212e-02  -3.2341757e-03  -4.7114485e-03
  -4.2342329e-03  -5.5930474e-01   1.2048116e-01   1.7485144e-02  -3.5148030e-03  -3.7396871e-03
   8.1566718e-03  -4.7494011e-01   1.4784317e-01   1.6780512e-02  -3.5156691e-03  -3.8248182e-03
   2.7313875e-03  -6.0131051e-01   1.8022199e-02   1.6597301e-02  -3.1493612e-03  -4.2736711e-03
  -2.0640811e-02  -4.3190442e-01   3.3384188e-02   1.6542266e-02  -2.8217210e-03  -4.1232111e-03
   4.1307375e-03  -5.0638817e-01   2.8408415e-02   1.7051367e-02  -2.9209717e-03  -3.6274104e-03
  -5.8343226e-03  -4.9266867e-01   6.3285495e-02   1.6577640e-02  -2.8050536e-03  -3.8057127e-03
  -1.0478390e-02  -5.6486033e-01   4.2118151e-02   1.6938607e-02  -2.9232482e-03  -4.5344531e-03
   9.6883310e-03  -5.7109720e-01   4.4562548e-02   1.6880756e-02  -3.1500847e-03  -4.0855832e-03
   8.8816340e-03  -4.7287340e-01   9.3950049e-02   1.7722583e-02  -3.6911383e-03  -3.8720994e-03
   1.1832500e-02  -6.1235568e-01   1.1596001e-01   1.8348311e-02  -4.2321016e-03  -4.5636018e-03
  -1.4875292e-02  -6.3941230e-01   8.7212216e-02   1.8290282e-02  -3.2942807e-03  -4.8085891e-03
  -7.5695955e-03  -6.5229935e-01   1.3190820e-01   1.9035488e-02  -3.5460392e-03  -4.7027938e-03
  -3.3248395e-03  -5.5108892e-01   1.8675766e-01   1.8721526e-02  -3.8167374e-03  -4.4608725e-03
   7.9012405e-03  -6.1278591e-01   1.6108160e-01   1.9107086e-02  -4.0512407e-03  -4.2740616e-03
   1.1531386e-02  -5.9919328e-01   1.8389220e-01   1.9196964e-02  -4.2651554e-03  -4.2654269e-03
   7.7065924e-03  -6.1080351e-01   1.3746483e-01   1.8852200e-02  -4.3045912e-03  -4.3613807e-03
  -1.5363669e-02  -6.8507767e-01   8.4738850e-02   1.9895552e-02  -3.7901471e-03  -4.5855586e-03
  -1.9705392e-02  -5.6982911e-01   1.2995756e-01   1.9789529e-02  -4.0129080e-03  -4.5315064e-03
  -1.0191370e-02  -5.8320569e-01   1.2971249e-01   1.9805808e-02  -3.9915562e-03  -4.3835551e-03
  -3.1470503e-03  -5.7639090e-01   3.3243778e-02   1.9252075e-02  -3.9793566e-03  -4.3341385e-03
  -4.8595142e-03  -5.9895122e-01  -2.3118311e-02   1.9544401e-02  -3.7321406e-03  -4.2414882e-03
  -2.6366514e-03  -5.7757287e-01   1.2108986e-02   1.9332940e-02  -3.6276586e-03  -4.2178811e-03
  -1.8890173e-02  -4.9135668e-01   1.8048309e-02   1.8113966e-02  -3.2564612e-03  -4.2793510e-03
  -2.6641710e-02  -5.3013073e-01   2.4418812e-03   1.7723262e-02  -3.0408332e-03  -4.4342682e-03
   1.0239409e-02  -5.2545895e-01   3.9535205e-02   1.9820946e-02  -3.6352393e-03  -3.6294199e-03
   1.5533149e-02  -5.3234147e-01   6.7703337e-02   1.9422469e-02  -3.7347851e-03  -3.8419342e-03
   9.1991462e-03  -5.5619511e-01   7.4736415e-02   1.9370223e-02  -3.5205455e-03  -3.9144825e-03
   2.2093714e-02  -6.1114495e-01   9.2209752e-02   1.9966229e-02  -3.8578085e-03  -3.9020420e-03
   4.0669175e-03  -5.9189304e-01   1.3559037e-01   1.9984584e-02  -3.6357779e-03  -3.9922851e-03
   1.5941508e-02  -6.3528531e-01   1.1422220e-01   2.0731025e-02  -3.9040698e-03  -3.7933318e-03
   2.1076470e-02  -5.3521821e-01   1.4005006e-01   1.9934491e-02  -4.2632206e-03  -3.7596225e-03
   1.8820881e-02  -5.5685490e-01   1.6438507e-01   1.9475013e-02  -4.2114968e-03  -3.7729187e-03
   2.8940118e-02  -6.8712690e-01   1.3268102e-01   2.0233423e-02  -4.1455221e-03  -3.8371738e-03
   8.2055964e-03  -5.6791593e-01   1.6985984e-01   1.9658121e-02  -3.9742118e-03  -4.0315836e-03
   1.5948947e-02  -6.8578081e-01   8.2028021e-02   2.0005909e-02  -4.3030465e-03  -4.5132770e-03
   2.4386461e-02  -6.1991176e-01   1.0020613e-01   1.9665761e-02  -4.1508281e-03  -3.8622029e-03
   1.6538022e-02  -5.5853986e-01   1.2787732e-01   1.9002145e-02  -4.0790044e-03  -4.2011800e-03
   9.7587452e-04  -6.4327585e-01   4.7686243e-02   1.9127011e-02  -3.6081886e-03  -4.4891119e-03
   1.0454849e-02  -6.2138873e-01   4.4085305e-02   1.9583199e-02  -3.8521851e-03  -4.0892660e-03
  -2.2687649e-03  -5.2474365e-01   9.3123426e-02   1.9569677e-02  -3.8159562e-03  -4.4108281e-03
   2.5556476e-02  -6.4559003e-01   3.8710880e-02   1.8817305e-02  -3.9302759e-03  -4.2127054e-03
   9.6723480e-03  -5.9715712e-01   3.5043798e-02   1.8774567e-02  -3.7529436e-03  -4.3139675e-03
  -7.0254604e-03  -6.1962824e-01   4.9820569e-02   2.0358498e-02  -3.7470191e-03  -4.2521819e-03
  -2.7217278e-03  -5.1316620e-01   1.1318560e-01   2.0141876e-02  -4.0029248e-03  -4.0572016e-03
   1.3683842e-02  -6.4141302e-01   1.2027082e-01   2.0001300e-02  -4.0585609e-03  -4.0409735e-03
   1.4969955e-02  -5.8912085e-01   1.7983793e-01   2.0163641e-02  -4.1310143e-03  -4.1020423e-03
  -2.7836108e-04  -6.1648558e-01   1.4145189e-01   2.0408065e-02  -4.0125504e-03  -4.3083305e-03
   6.7311484e-03  -5.0115846e-01   1.8257289e-01   2.0656978e-02  -4.4971987e-03  -4.0177343e-03
   6.7026132e-03  -7.5274048e-01   1.6413468e-01   2.1165807e-02  -4.1517937e-03  -4.1068755e-03
   2.9975425e-02  -6.0494502e-01   2.4771591e-01   1.9901466e-02  -4.3477493e-03  -3.7310102e-03
   2.7966608e-02  -7.2175166e-01   1.5174209e-01   2.1139770e-02  -4.4698051e-03  -4.0164750e-03
   4.1162891e-02  -7.3514031e-01   1.9829480e-01   2.1275401e-02  -4.5209461e-03  -3.6782993e-03
   2.2270014e-02  -6.2599498e-01   1.7967358e-01   2.0899077e-02  -4.4490618e-03  -3.8220865e-03
   1.0940338e-02  -6.8414459e-01   1.4394165e-01   2.2005482e-02  -4.2767653e-03  -3.7086931e-03
   3.1091668e-02  -6.6819719e-01   2.0259833e-01   2.1005424e-02  -4.5826053e-03  -3.5033685e-03
   2.7713567e-02  -6.8142291e-01   1.8242057e-01   2.0676811e-02  -4.5995166e-03  -3.7591059e-03
   2.0612965e-02  -7.0019735e-01   1.0819121e-01   2.0859465e-02  -4.4772528e-03  -3.6888251e-03
   1.7269620e-02  -7.3629875e-01   7.0889545e-02   2.2234931e-02  -4.1930765e-03  -3.6936083e-03
   3.5371269e-02  -6.7617062e-01   1.2743493e-01   2.2270849e-02  -4.5399365e-03  -3.5354403e-03
   2.1221030e-02  -6.6765783e-01   1.1745182e-01   2.1749447e-02  -4.5136619e-03  -3.9310002e-03
  -5.1869988e-03  -7.3136876e-01   5.5715224e-02   2.2433103e-02  -4.0086419e-03  -4.2413164e-03
   1.3586404e-02  -5.9983234e-01   1.1867422e-01   2.1459801e-02  -4.4780044e-03  -3.6231882e-03
   4.8340063e-03  -7.0740202e-01   7.0148381e-02   2.1821015e-02  -4.4076139e-03  -4.0917054e-03
   3.7308543e-02  -7.3389294e-01   1.1200182e-01   2.1811932e-02  -4.4822585e-03  -3.6783026e-03
   2.1112562e-02  -6.1350968e-01   1.1785395e-01   2.1115865e-02  -4.4389679e-03  -3.7932810e-03
   1.9830339e-02  -6.3687847e-01   8.0796699e-02   2.0972606e-02  -4.2529092e-03  -3.7025856e-03
   2.9846035e-02  -6.1489291e-01   9.4115046e-02   2.0996618e-02  -4.3539647e-03  -3.4378029e-03
   3.0533214e-02  -6.9855684e-01   9.4666835e-02   2.1623511e-02  -4.2997744e-03  -3.5526360e-03
   2.7462869e-02  -6.3074874e-01   4.1288390e-02   2.1904505e-02  -4.4159997e-03  -3.5331190e-03
   3.7727069e-02  -6.1836181e-01   1.2922925e-01   2.1515783e-02  -4.6223898e-03  -3.3269659e-03
   2.9579125e-02  -6.0794107e-01   6.6374122e-02   2.1511228e-02  -4.4616156e-03  -3.4613660e-03
   9.9414135e-03  -6.7896786e-01   4.7543797e-02   2.2111581e-02  -4.0837550e-03  -3.6409543e-03
   1.1688768e-02  -5.9889871e-01   7.3390951e-02   2.1610845e-02  -4.2614791e-03  -3.7618859e-03
   1.7794905e-02  -6.7708822e-01  -3.2319548e-03   2.2289460e-02  -4.3197469e-03  -3.6531641e-03
  -4.6891132e-03  -6.1400954e-01   1.3806672e-02   2.1998742e-02  -4.1692678e-03  -4.2815727e-03
   9.8138337e-05  -5.9025842e-01   3.9233192e-02   2.1623062e-02  -4.2756126e-03  -4.3031566e-03
   7.6489944e-03  -6.5476780e-01  -3.6754329e-03   2.1782480e-02  -4.0159543e-03  -4.0835238e-03
   1.1887192e-02  -6.1179954e-01  -3.9420434e-02   2.2187805e-02  -3.8788631e-03  -3.6451526e-03
   2.4145680e-02  -7.0537667e-01   1.2617652e-02   2.1954379e-02  -3.7829135e-03  -3.9753839e-03
   2.8748768e-02  -5.0858588e-01   3.4919611e-02   2.1407276e-02  -4.0521987e-03  -3.6361890e-03
   1.6163436e-02  -6.5048933e-01  -7.9770427e-03   2.1428120e-02  -3.5157476e-03  -3.8043787e-03
   3.1106774e-02  -6.2336261e-01   7.2187523e-02   2.1834841e-02  -4.2220503e-03  -3.6960775e-03
   2.2722599e-02  -6.6240244e-01   4.1540925e-02   2.1358951e-02  -4.0762917e-03  -4.0558109e-03
   4.4683299e-02  -6.7589514e-01   1.0030525e-01   2.2303892e-02  -4.3262286e-03  -3.4749510e-03
   8.8025004e-02  -7.1093824e-01   1.2279621e-01   2.2960011e-02  -5.1501963e-03  -2.5021794e-03
   8.4911649e-02  -8.7994241e-01   7.0038656e-02   2.3996819e-02  -4.9134215e-03  -3.0049306e-03
   7.1489920e-02  -7.0709091e-01   1.0996337e-01   2.3156232e-02  -4.9181084e-03  -2.9978665e-03
   7.9021344e-02  -7.4638851e-01   8.0038319e-02   2.3367651e-02  -5.0822516e-03  -2.7548494e-03
   8.1176030e-02  -6.8534593e-01   1.5548287e-01   2.2862370e-02  -5.3067452e-03  -2.7158868e-03
   8.8305014e-02  -7.2277856e-01   1.4942722e-01   2.2476668e-02  -5.2053524e-03  -2.9399359e-03
   6.5163248e-02  -7.8653370e-01   7.7138124e-02   2.3180803e-02  -4.6352653e-03  -3.1725564e-03
   6.7450336e-02  -7.2207413e-01   8.5740806e-02   2.2788579e-02  -4.6717659e-03  -3.0212499e-03
   7.6037795e-02  -6.5395653e-01   1.7114125e-01   2.3205314e-02  -5.1186760e-03  -2.8583969e-03
   8.1644909e-02  -7.1022787e-01   1.2505932e-01   2.2647973e-02  -5.0094156e-03  -2.8285561e-03
   7.9030854e-02  -7.1186494e-01   1.0602382e-01   2.2730877e-02  -5.0428382e-03  -3.0317779e-03
   5.6432167e-02  -6.7086557e-01   1.2373542e-01   2.2841679e-02  -4.8950835e-03  -3.4821633e-03
   4.5283729e-02  -7.2659611e-01   9.3760292e-02   2.3311679e-02  -4.5305199e-03  -3.1956214e-03
   7.2562584e-02  -7.4715399e-01   1.7943811e-01   2.3933644e-02  -5.1516259e-03  -2.8682834e-03
   7.5248331e-02  -7.9830941e-01   1.6387126e-01   2.3702189e-02  -4.9830321e-03  -3.3431816e-03
   5.7832019e-02  -7.4255427e-01   1.1709933e-01   2.3570104e-02  -4.9106269e-03  -3.2871474e-03
   6.9444959e-02  -7.2610942e-01   1.7983407e-01   2.3048699e-02  -5.1918519e-03  -3.0426675e-03
   5.8587152e-02  -7.8403817e-01   1.3725537e-01   2.3032319e-02  -4.9682161e-03  -3.2401563e-03
   6.1350823e-02  -7.6217030e-01   8.4891673e-02   2.3137898e-02  -4.9630303e-03  -3.3564957e-03
   7.1352881e-02  -7.4498684e-01   1.6047776e-01   2.2650837e-02  -5.2860028e-03  -3.0471420e-03
   5.8672927e-02  -6.9762368e-01   1.2891544e-01   2.2012679e-02  -5.2982526e-03  -3.4144266e-03
   4.7296041e-02  -7.5119358e-01   8.0103191e-02   2.2451890e-02  -4.7673456e-03  -3.3494424e-03
   5.6940265e-02  -7.2639887e-01   1.1033959e-01   2.3155759e-02  -4.8928948e-03  -3.1376831e-03
   5.8950562e-02  -6.7614229e-01   1.2019419e-01   2.2224791e-02  -4.8940477e-03  -3.3865046e-03
   5.1690992e-02  -7.1442751e-01   7.9237115e-02   2.1855764e-02  -4.7681873e-03  -3.8141642e-03
   2.7428657e-02  -6.8104782e-01   6.3413376e-02   2.2481852e-02  -4.4788969e-03  -3.9279066e-03
   4.1740298e-02  -6.7444007e-01   1.4081761e-01   2.2525307e-02  -4.7693241e-03  -3.3600972e-03
   4.8033471e-02  -7.5438726e-01   1.2506354e-01   2.2166669e-02  -4.8440478e-03  -3.3491736e-03
   6.1394602e-02  -7.3948837e-01   1.4695266e-01   2.2712861e-02  -5.1657435e-03  -3.2104118e-03
   6.3429123e-02  -6.7622098e-01   2.0625039e-01   2.2422030e-02  -5.1911554e-03  -3.0990002e-03
   4.3340525e-02  -6.4196435e-01   1.7434485e-01   2.2013993e-02  -5.1128735e-03  -3.4999778e-03
   4.7898879e-02  -8.4830636e-01   1.2511180e-01   2.3114471e-02  -4.7964791e-03  -3.2936131e-03
   5.0148872e-02  -6.4846990e-01   2.1282017e-01   2.1938866e-02  -4.8529154e-03  -3.1934131e-03
   8.0778595e-02  -8.2445101e-01   1.5117214e-01   2.2660494e-02  -5.1316114e-03  -2.8568672e-03
   8.1184320e-02  -7.4307710e-01   1.6731568e-01   2.2015958e-02  -5.3945949e-03  -2.9361347e-03
   7.2519959e-02  -6.7755905e-01   1.7473343e-01   2.1338119e-02  -5.2623566e-03  -3.0070512e-03
   5.8202971e-02  -7.4491270e-01   9.7401173e-02   2.1542298e-02  -4.9611576e-03  -3.1336451e-03
   4.8249071e-02  -7.3860827e-01   1.1375933e-01   2.2369874e-02  -4.7631054e-03  -3.2079139e-03
   5.5985256e-02  -6.5635356e-01   1.5592698e-01   2.2247230e-02  -4.9361275e-03  -3.1865439e-03
   6.8311259e-02  -7.0842128e-01   1.3733898e-01   2.1922582e-02  -5.0743853e-03  -3.2585334e-03
   4.6765048e-02  -6.6832580e-01   1.3231252e-01   2.2068061e-02  -4.8848570e-03  -3.2095084e-03
   7.1431183e-02  -6.9683502e-01   1.4322795e-01   2.2593744e-02  -5.0473532e-03  -2.6925847e-03
   7.0327501e-02  -6.8568031e-01   1.9159347e-01   2.2967850e-02  -5.2137448e-03  -2.6020456e-03
   7.8113660e-02  -7.2868528e-01   1.9149631e-01   2.1652639e-02  -5.2951608e-03  -2.8440021e-03
   9.1101567e-02  -8.2280904e-01   2.2786540e-01   2.2430671e-02  -5.2455025e-03  -2.8622198e-03
   6.7518433e-02  -7.4535536e-01   2.6814301e-01   2.1988117e-02  -5.1140759e-03  -3.0970352e-03
