   0.0000000e+00   0.0000000e+00   0.0000000e+00   0.0000000e+00   0.0000000e+00   0.0000000e+00
   5.4050308e-04   6.5293755e-02  -5.3090711e-02  -4.9322109e-04  -3.6420533e-05   1.3145619e-04
  -3.1014587e-02   2.3962968e-02  -8.6574300e-02  -4.6144297e-05   4.1770499e-04  -1.6097151e-04
  -1.6775115e-02   5.8364482e-02  -5.0667654e-02  -7.3536633e-04   1.3978521e-04   1.2782017e-05
  -2.8672304e-02   7.2175564e-02  -6.5938427e-02  -7.2273241e-04   3.9339469e-04   4.2691379e-05
  -3.7725592e-02   1.1205285e-01  -1.2093181e-01  -3.5330759e-04   4.7553875e-04   9.2244226e-06
  -4.0115221e-02   4.9575386e-02  -5.2628359e-02  -3.0129676e-04   4.2948139e-04  -1.0921019e-04
  -2.4423229e-02   6.6615270e-02  -5.7177974e-02  -1.1105540e-03   3.0746715e-04   4.9796895e-05
  -4.5940608e-02   4.1380844e-02  -1.5753400e-01  -4.1280529e-04   5.2244814e-04   2.5375264e-05
  -5.3730503e-02   4.7564131e-02  -8.5878056e-02   1.9169971e-04   7.0384718e-04  -5.1112752e-04
  -6.7938040e-02   4.5037693e-02  -9.8032553e-02  -5.0720354e-04   7.0441687e-04  -4.7606261e-04
  -6.2188069e-02  -6.1859899e-02  -1.6791497e-01   3.2879817e-04   4.3982173e-04  -8.4087186e-04
  -7.3331698e-02  -3.7444492e-02  -1.5839656e-01   1.4790659e-03   7.4705785e-04  -1.0037173e-03
  -4.8071183e-02   1.6305922e-01  -6.3973899e-02  -7.1325309e-04   4.7042800e-04  -5.5681259e-04
  -7.9093223e-02   1.4956497e-02  -1.0387164e-01  -3.2248634e-04   6.8962972e-04  -8.9035115e-04
  -9.5684676e-02  -7.0385366e-02  -1.4862183e-01   8.6960958e-04   7.6207923e-04  -1.0236340e-03
  -6.7120221e-02   9.7259630e-02  -9.2524963e-02  -4.0061640e-05   4.8211140e-04  -9.4920385e-04
  -8.2074080e-02   4.7380661e-03  -1.0555270e-01  -5.2914055e-04   3.8895579e-04  -9.3847914e-04
  -8.2862155e-02  -8.6583334e-02  -1.5493544e-01   1.2161768e-03   4.7795421e-04  -1.0775473e-03
  -5.0348796e-02   1.4536626e-01  -8.9441994e-02  -1.0004429e-04   1.7751278e-04  -8.5311562e-04
  -5.7498782e-02  -6.9742594e-02  -1.9431612e-01   1.2733467e-03   5.7910698e-05  -1.0238716e-03
  -5.7687313e-02  -1.7704120e-01  -1.9259386e-01   2.4812193e-03   8.2925127e-05  -9.1831992e-04
  -1.4177028e-02  -1.2335241e-02  -1.3108702e-01   8.8512277e-04  -2.6223296e-04  -6.7250880e-04
  -1.3336661e-02  -7.8310500e-02  -1.2670769e-01   9.0834692e-04  -3.6086212e-04  -8.8743349e-04
   1.4837116e-02  -4.3785459e-02  -1.7566759e-01   9.5116270e-04  -6.2639295e-04  -8.6505146e-04
   6.0508288e-03   5.3792703e-03  -1.8016410e-01   1.1368184e-03  -5.3881720e-04  -9.2344503e-04
  -8.0234766e-04   5.0843567e-02  -1.6580027e-01   1.0285082e-03  -4.7505438e-04  -8.4117364e-04
   2.9603116e-02  -8.2004775e-02  -1.2819358e-01   1.1470527e-03  -9.5694678e-04  -9.8100741e-04
   2.8439608e-02  -3.5758580e-02  -1.1178115e-01   1.1564657e-03  -8.3982403e-04  -1.0486611e-03
   1.3015171e-02   6.2356495e-02  -1.0469088e-01   1.1601923e-03  -5.4156932e-04  -9.3218958e-04
   1.1357096e-02   1.2130793e-02  -8.4649274e-02   1.0547137e-03  -6.4979447e-04  -1.0054867e-03
   1.3712186e-02  -8.8129186e-02  -9.5941164e-02   3.8099335e-04  -9.3125560e-04  -9.7505059e-04
   1.9894256e-02   3.3067300e-02  -1.5199355e-01   8.5107088e-04  -9.9442340e-04  -1.1466742e-03
  -7.5397218e-04  -5.2004009e-02  -1.3950949e-01   1.9851682e-03  -7.0485973e-04  -1.3120680e-03
   1.8753229e-02  -8.3104172e-03  -9.2195843e-02   7.4669020e-04  -8.9599225e-04  -1.1430496e-03
   1.7953981e-02   4.6806470e-02  -8.8137055e-02   4.1348450e-04  -8.4375494e-04  -1.1584499e-03
  -7.4204384e-03   4.5675336e-03  -9.8603920e-02   1.3319520e-03  -5.6770487e-04  -1.3649410e-03
   1.4966467e-03   3.5733486e-03  -4.0334814e-02   4.6351160e-04  -8.4477644e-04  -1.5044381e-03
   8.9530986e-03   5.3510791e-03  -4.8601600e-02  -1.4133658e-04  -9.9464390e-04  -1.6060960e-03
   1.5255283e-02   6.1298630e-02  -1.0467540e-01   4.4608567e-04  -9.9991657e-04  -1.6303457e-03
   8.5979736e-03   4.2199969e-02  -6.2517683e-02   5.0228779e-04  -8.4481870e-04  -1.6593155e-03
   1.5606107e-02   9.8428591e-02  -7.9183176e-02  -2.7550478e-05  -1.0302708e-03  -1.4369985e-03
   8.0795269e-03   3.3812912e-02  -1.1339758e-01   2.3816499e-04  -1.0256086e-03  -1.6248255e-03
  -1.9216063e-02   1.2812750e-02  -6.3915239e-02   6.9167127e-04  -6.3344733e-04  -1.8534738e-03
  -8.7008442e-04   9.8036246e-02  -2.6348949e-02  -4.1937239e-04  -8.7323235e-04  -1.7126643e-03
  -2.7606586e-03  -3.7749612e-02  -8.2528758e-02   1.7300309e-04  -8.9893003e-04  -1.7561856e-03
  -2.1657868e-02   1.6621442e-02  -5.7185727e-02   2.1290395e-04  -4.1167994e-04  -1.8526332e-03
   1.7025064e-02   7.7233834e-02  -6.4759156e-02  -5.4244646e-04  -9.2113280e-04  -1.6618380e-03
   2.0852831e-03   8.0231129e-02  -1.3909756e-01  -1.3963266e-04  -8.8144350e-04  -1.7120955e-03
  -1.3202892e-02   9.4917984e-02  -7.3328045e-02  -3.6604071e-05  -7.5107427e-04  -1.7280231e-03
  -7.3353984e-04   7.0139220e-02  -6.4593940e-02  -2.9914581e-04  -9.2395691e-04  -1.6913734e-03
  -1.5110197e-02  -5.9429736e-03  -9.8515044e-02   8.6069679e-04  -7.5340095e-04  -1.8987559e-03
  -1.1088516e-02   6.6132668e-02  -2.8337142e-02   1.4444490e-04  -6.6805911e-04  -1.9313458e-03
   2.3222579e-03   1.0569015e-01  -5.9964734e-02  -4.4570359e-04  -8.7742620e-04  -1.8337671e-03
  -4.5768303e-02  -6.5255060e-03  -1.0003764e-01   8.6554186e-04  -2.3728593e-04  -2.0953148e-03
   5.3769132e-03   6.3858621e-02  -8.7666283e-02   8.9599125e-04  -8.3931419e-04  -1.9299672e-03
  -2.5619626e-03  -2.4057847e-02  -7.7366988e-02   4.1392248e-04  -6.5538028e-04  -2.0419219e-03
  -2.2525589e-02  -2.0130207e-02  -1.4606754e-01   1.6255523e-03   1.3046934e-05  -2.0233270e-03
  -8.1558489e-03   1.0563656e-01  -5.8097989e-02   4.7773542e-04  -1.0663315e-04  -2.0302922e-03
  -1.8961011e-03   6.1359706e-02  -5.2788118e-02  -1.2985005e-04  -3.8186177e-04  -1.8833901e-03
  -1.8093193e-02  -3.5906315e-02  -1.2210760e-01   3.9542029e-04  -4.6606148e-04  -2.1642416e-03
  -2.5015267e-02   3.4165463e-02  -1.0387156e-01   8.2240109e-04  -2.7093542e-04  -2.3920473e-03
  -1.5782528e-02   6.8451736e-02  -7.1624685e-02  -8.5073109e-04  -6.0339319e-04  -2.1576152e-03
  -1.5528114e-02   3.6339107e-02  -1.3972795e-01  -2.9882863e-04  -7.3901042e-04  -2.0716586e-03
  -2.3868681e-02  -9.5157258e-03  -9.9027677e-02   6.5259925e-04  -5.2682298e-04  -2.2629944e-03
  -5.0228459e-03   1.3947009e-02  -6.2830551e-02  -4.1027131e-04  -8.3741718e-04  -2.0960683e-03
   1.1106014e-02   4.3119932e-02  -1.3707057e-01   1.5117251e-04  -1.0286166e-03  -1.9557421e-03
  -9.7870454e-03   4.3639802e-02  -1.1371156e-01   6.7202666e-04  -6.6324216e-04  -2.0557067e-03
  -5.4603918e-03   1.1033108e-01  -8.8867772e-02  -6.1862718e-04  -6.5876309e-04  -1.8809257e-03
  -1.5043361e-02   8.5699897e-02  -1.5393205e-01  -1.7149682e-04  -4.9462586e-04  -1.9888222e-03
  -3.2505734e-02   4.2999397e-02  -1.4146181e-01   7.7129188e-04  -2.8318386e-04  -2.2150951e-03
  -1.7859916e-02   8.7147281e-02  -9.5171456e-02  -8.9325774e-05  -2.8770223e-04  -1.8689857e-03
  -3.6659855e-02   1.8537625e-02  -8.2660191e-02  -3.2680061e-04  -6.1579342e-05  -1.9449526e-03
  -5.6719908e-02   6.8446939e-02  -1.6300403e-01  -2.2370953e-04   1.2449669e-04  -1.9164941e-03
  -3.3499164e-02   9.2246821e-03  -8.7926026e-02   1.0000602e-04  -2.3827841e-04  -2.1708010e-03
  -3.0756937e-02   5.7821944e-02  -1.1961940e-01  -3.2753081e-04  -2.8554035e-04  -2.1733886e-03
  -4.2785390e-02   5.0717903e-02  -1.6144010e-01   2.7652197e-04  -1.6785755e-04  -2.2997568e-03
  -3.4595246e-03   1.8047136e-01  -6.9508376e-02  -7.2798823e-04  -4.8388110e-04  -2.2199913e-03
  -1.1709544e-02   1.0142178e-01  -1.2712513e-01  -4.8673284e-04  -5.6368392e-04  -2.2483432e-03
  -1.0147211e-02  -5.0879859e-03  -9.8986181e-02   6.2308143e-04  -6.4080216e-04  -2.4283242e-03
  -2.1061260e-03   1.3535270e-01  -7.4545933e-02  -1.1462876e-03  -7.5195058e-04  -2.2064389e-03
  -3.5303029e-03   2.9977110e-02  -1.8415688e-01   6.9828626e-05  -7.1890610e-04  -2.3035281e-03
   5.2372440e-03   2.5143998e-02  -1.2410078e-01   5.0405589e-04  -6.4691248e-04  -2.5034374e-03
   2.8925226e-02   1.0784917e-01  -1.0367456e-01  -3.6299825e-04  -9.2328685e-04  -2.3043628e-03
   2.3144910e-02   1.1523074e-02  -1.6636469e-01   4.6887505e-04  -9.4061693e-04  -2.3887858e-03
   2.6372009e-02   3.3198029e-02  -1.2658901e-01   7.0726315e-04  -8.9817617e-04  -2.5834227e-03
   2.3693048e-02  -7.5110818e-04  -1.0722191e-01   7.5421533e-04  -9.1255817e-04  -2.6521465e-03
  -5.1515888e-03  -6.0486142e-02  -1.9681776e-01   1.7942546e-03  -5.7953380e-04  -2.8653092e-03
  -1.2789684e-02  -1.7249762e-02  -1.6496051e-01   2.1019299e-03  -1.9513281e-04  -2.6695369e-03
  -2.0606801e-02  -4.4397505e-02  -1.4445701e-01   1.4112218e-03  -2.4508257e-04  -2.6449009e-03
  -1.6732877e-02  -1.1257054e-01  -1.9940731e-01   2.3929439e-03  -4.8901183e-04  -2.9028077e-03
  -2.4975908e-02  -3.1778606e-02  -1.3359546e-01   2.0029155e-03  -2.8207250e-04  -2.7326766e-03
  -4.1243708e-02  -8.9382105e-02  -1.3804095e-01   2.2696166e-03  -1.3417198e-04  -2.7913119e-03
  -4.1312112e-02  -9.6608486e-02  -2.3886014e-01   3.1638103e-03  -1.7796991e-04  -2.8828188e-03
  -2.3381348e-02  -5.8114157e-02  -1.6267509e-01   2.4073633e-03  -3.1555959e-04  -2.8530967e-03
  -2.3834267e-02  -1.3772007e-01  -1.9260998e-01   2.0384308e-03  -5.1850820e-04  -2.7268712e-03
  -3.2979059e-02  -1.5466724e-01  -2.4977376e-01   3.7543393e-03  -3.5991572e-04  -2.7892550e-03
  -1.9778962e-02  -1.9377092e-02  -1.6609060e-01   2.9210524e-03  -4.6455933e-04  -2.7760486e-03
  -3.3568828e-02  -1.0646325e-01  -1.8711594e-01   2.7799779e-03  -3.7271746e-04  -2.6613854e-03
  -1.5633264e-02  -2.1440043e-01  -2.2978466e-01   4.6904715e-03  -5.4131194e-04  -3.0586021e-03
   8.1392446e-03  -2.7169233e-02  -1.6288148e-01   3.4133944e-03  -6.5815446e-04  -2.7130388e-03
  -4.5833217e-03  -2.3575609e-01  -1.8633148e-01   3.5278668e-03  -6.8686386e-04  -2.5820719e-03
  -9.8052145e-03  -8.4153103e-02  -2.3708231e-01   3.9192442e-03  -5.5202164e-04  -2.6493966e-03
   1.8137525e-03  -1.3751343e-01  -1.8592821e-01   3.9318134e-03  -7.0346552e-04  -2.6503247e-03
  -2.1651821e-02  -1.1347714e-01  -1.6230522e-01   3.3826457e-03  -3.9405595e-04  -2.6908943e-03
  -3.7708550e-02  -1.4517882e-01  -2.1383453e-01   4.1395281e-03  -1.4066376e-04  -2.6658343e-03
  -3.5354206e-02  -1.8203279e-01  -1.9043252e-01   4.3441842e-03  -1.4358472e-04  -2.8291029e-03
  -2.4338090e-02  -9.6075634e-02  -1.7610629e-01   3.0783353e-03  -3.2670823e-04  -2.5723308e-03
  -3.5678684e-02  -1.7121818e-01  -1.9883392e-01   3.7682956e-03  -2.3595050e-04  -2.9131440e-03
  -2.8268098e-02  -2.4133764e-01  -1.5873399e-01   4.3101627e-03  -2.1959872e-04  -2.8743716e-03
  -6.6489012e-03  -1.2723321e-01  -1.2709638e-01   3.4434513e-03  -4.0087798e-04  -2.8297533e-03
  -4.7311135e-03  -8.4137061e-02  -1.7704968e-01   3.0106184e-03  -5.7231890e-04  -2.7765922e-03
  -2.4843964e-02  -1.9060008e-01  -2.2879299e-01   4.6216552e-03  -3.9299941e-04  -3.0541112e-03
   1.0088338e-02  -9.6674491e-02  -1.7095135e-01   3.3975410e-03  -8.0006633e-04  -2.8761641e-03
  -3.6828845e-03  -1.1268605e-01  -1.6526598e-01   2.6150101e-03  -6.6217497e-04  -2.8253051e-03
  -2.1617758e-03  -1.9643525e-01  -2.1838643e-01   4.0438263e-03  -6.4586288e-04  -3.0222626e-03
  -1.5303979e-02  -1.3591381e-01  -1.4555831e-01   3.4671370e-03  -4.4567287e-04  -2.9576457e-03
   4.0175551e-03  -7.8242906e-02  -1.7235269e-01   2.3833807e-03  -7.5899599e-04  -2.5475186e-03
   6.8910880e-03  -1.5590170e-01  -2.2315103e-01   3.0397981e-03  -8.9482355e-04  -2.7469337e-03
  -1.3663156e-03  -7.0748333e-02  -1.8905195e-01   2.4274714e-03  -7.1830903e-04  -2.8585076e-03
  -1.4235590e-02  -6.2797581e-02  -1.5583319e-01   1.9350521e-03  -5.3234850e-04  -2.8684906e-03
  -1.2590750e-02  -6.0246720e-02  -1.8067786e-01   2.4860216e-03  -4.7752207e-04  -2.9078656e-03
  -2.2073153e-02  -1.1540653e-01  -1.6954215e-01   2.4528528e-03  -4.9140932e-04  -2.9935881e-03
  -8.6099877e-03  -5.2883772e-02  -1.5822497e-01   1.1641501e-03  -7.6412454e-04  -2.7880371e-03
  -2.3244658e-02  -2.5951703e-03  -2.1801700e-01   9.2867819e-04  -5.7007494e-04  -2.4923213e-03
  -3.3912112e-02  -1.4382179e-01  -2.3979736e-01   3.0667833e-03  -3.6260604e-04  -3.0311432e-03
  -1.2962737e-02   9.7500292e-02  -1.9182157e-01   1.4224573e-03  -3.9397679e-04  -2.6940534e-03
  -3.6541950e-02  -2.8696261e-02  -1.8895967e-01   1.4535335e-03  -2.1870474e-04  -2.8395347e-03
  -4.6689280e-02  -6.5202191e-02  -1.9136214e-01   2.4319117e-03  -1.5525978e-04  -3.0964610e-03
  -2.8624665e-02  -3.3161374e-03  -1.5092014e-01   1.2094414e-03  -3.2291839e-04  -2.8698442e-03
  -5.9158886e-02  -1.7229583e-02  -1.9085336e-01   7.6669482e-04  -2.7137630e-05  -3.0110848e-03
  -8.0257277e-02  -1.2229730e-01  -2.5519930e-01   2.9384446e-03   2.6427297e-04  -3.2280081e-03
  -4.5278036e-02   2.2018957e-02  -1.6175751e-01   1.3839487e-03  -3.3554571e-05  -3.1646628e-03
  -3.9454809e-02   6.9112306e-02  -1.6769577e-01   1.1932081e-03  -4.4505828e-06  -3.1417174e-03
  -7.5679988e-02  -6.0279317e-02  -1.9068349e-01   2.1576331e-03   1.2354547e-04  -3.2154612e-03
  -4.8182429e-02   1.2808671e-02  -1.4696199e-01   9.9175553e-04  -1.8798781e-04  -2.9409445e-03
  -5.1898357e-02   2.4862163e-02  -1.9453425e-01   1.1423564e-03  -1.2644872e-04  -3.0550398e-03
  -7.9476034e-02  -4.1088901e-01  -6.9236821e-02   3.1607026e-03   1.5140099e-04  -3.9787769e-03
  -3.4469646e-02  -2.2823272e-01  -4.0179287e-01   3.1546291e-03  -4.2345662e-04  -4.0058567e-03
  -4.6688218e-02  -2.7853278e-03  -6.5775434e-01   5.5164384e-03  -2.8150322e-04  -3.2834642e-03
  -3.8877773e-02  -1.4801714e-01  -6.5311262e-01   4.9115318e-03  -3.3928681e-04  -3.3273589e-03
  -4.4769062e-02  -1.5266949e-01  -6.1067497e-01   4.8486451e-03  -8.9438352e-06  -3.2555782e-03
  -1.2819506e-02  -9.8907564e-02  -5.4574098e-01   4.3394276e-03  -2.4208229e-04  -3.0906459e-03
  -3.3074735e-02  -1.5520934e-01  -4.8053661e-01   4.9611045e-03   1.0046759e-04  -3.2723522e-03
  -3.5979800e-02  -1.2855078e-01  -4.7799734e-01   3.6713486e-03  -4.5942756e-05  -3.0852482e-03
  -4.6847240e-02  -1.4943946e-01  -4.9486673e-01   4.0361883e-03   7.1391855e-05  -3.0075267e-03
  -3.8494399e-02  -1.3670805e-01  -4.1356463e-01   4.3049337e-03   3.5927349e-05  -3.2060053e-03
  -5.4794745e-02  -5.2415552e-02  -4.0279870e-01   2.7610479e-03   2.4069483e-04  -2.9902244e-03
  -5.9978324e-02  -1.0742887e-01  -4.0942572e-01   3.1381056e-03   2.8687098e-04  -3.1029458e-03
  -4.7452249e-02   7.4165254e-02  -3.2362969e-01   2.3585504e-03   2.4575203e-04  -3.4300176e-03
  -6.5026357e-02   1.1967666e-02  -3.3776496e-01   1.5095515e-03   1.4648777e-04  -3.3945152e-03
  -7.5644490e-02   5.8929863e-02  -3.8192903e-01   1.7949158e-03   1.7890857e-04  -3.4214060e-03
  -8.3017158e-02   7.2847676e-02  -3.4882177e-01   1.2699012e-03   1.7351269e-04  -3.5298048e-03
  -9.6627468e-02   3.2930698e-02  -3.3489225e-01   1.1368558e-03   4.2333200e-04  -3.4635424e-03
  -8.3361167e-02   8.5233217e-02  -3.5044718e-01   1.1523045e-03   3.6391354e-04  -3.4697031e-03
  -9.5453614e-02   1.2879462e-02  -3.5196442e-01   1.8830074e-03   3.9909653e-04  -3.5855825e-03
  -9.3088199e-02   1.4682776e-01  -3.1664882e-01   8.5265441e-04   2.6319629e-04  -3.5684312e-03
  -9.4606215e-02   6.0375267e-02  -3.6202313e-01   1.0189684e-03   1.1479164e-04  -3.5898058e-03
  -9.2319078e-02   1.1803791e-02  -3.1308589e-01   2.0865129e-03   1.9286403e-04  -3.8911031e-03
  -9.0383588e-02   1.0701064e-01  -3.1443729e-01   8.5056589e-04   2.2318737e-04  -3.4845832e-03
  -1.0345650e-01  -4.7203865e-02  -4.1232290e-01   1.6159120e-03   1.0048093e-04  -3.4989522e-03
  -8.7188746e-02   9.8518341e-02  -3.0609638e-01   1.5749449e-03   2.2099498e-04  -3.6847147e-03
  -1.1754617e-01   1.2593528e-01  -3.0618074e-01   4.9413952e-04   6.6253981e-04  -3.5154344e-03
  -1.2315004e-01   6.8338408e-02  -3.8579081e-01   1.6877895e-03   5.0748603e-04  -3.5041816e-03
  -9.5581038e-02   1.0615203e-01  -3.1026913e-01   1.6072377e-03   3.4622312e-04  -3.6303179e-03
  -1.1534834e-01   3.7345656e-02  -3.3394724e-01   7.4362198e-04   3.7998761e-04  -3.4448509e-03
  -1.1489649e-01  -3.2246169e-02  -3.8202694e-01   1.6839600e-03   2.2436465e-04  -3.6479541e-03
  -1.0702717e-01   6.5326249e-02  -2.9551897e-01   1.7833823e-03   3.5000794e-04  -3.7187217e-03
  -1.1228595e-01   4.6638606e-02  -3.4569612e-01   1.0173087e-03   2.6597248e-04  -3.3465725e-03
  -1.2808113e-01   8.5421079e-02  -4.1640142e-01   1.5544687e-03   2.9765205e-04  -3.4213932e-03
  -1.1944780e-01   1.1470912e-01  -3.3682809e-01   1.8089966e-03   2.6182816e-04  -3.8305049e-03
  -1.1228374e-01   1.0560493e-01  -3.7683148e-01   9.9952388e-04   2.4200312e-04  -3.3713593e-03
  -1.1696852e-01   1.5315330e-02  -4.4761039e-01   1.5204813e-03   1.0983220e-04  -3.4587287e-03
  -1.0183064e-01   9.7683840e-02  -3.5028168e-01   1.4977889e-03   1.9702437e-04  -3.5849681e-03
  -1.1060706e-01   7.8829231e-02  -4.0405895e-01   8.3497142e-04   1.4596690e-04  -3.5350051e-03
  -1.4635784e-01  -3.0091450e-02  -4.5774594e-01   2.2026535e-03   4.1430395e-04  -3.7370548e-03
  -1.0810825e-01   1.2403867e-01  -3.7978819e-01   1.1941151e-03   1.0489761e-04  -3.6657235e-03
  -1.1519741e-01   4.5165957e-02  -4.1650250e-01   1.3990664e-03   1.3473245e-04  -3.6868215e-03
  -1.3949160e-01   9.0486554e-02  -4.3227505e-01   1.4426285e-03   4.7072567e-04  -3.6426478e-03
  -1.1338018e-01   1.1859749e-01  -3.6290009e-01   1.3154072e-03   3.1637392e-04  -3.6324710e-03
  -1.1554758e-01   8.4503478e-02  -4.2481933e-01   1.1410363e-03   4.0709260e-04  -3.3988685e-03
  -1.4097353e-01  -2.5742541e-02  -4.4912361e-01   1.9384750e-03   6.0969980e-04  -3.5330938e-03
  -1.2387557e-01   7.1442456e-02  -3.7705293e-01   1.7113930e-03   6.2123593e-04  -3.6126568e-03
  -1.1017328e-01   6.0234946e-02  -3.9498384e-01   1.4816271e-03   3.9313838e-04  -3.5853270e-03
  -1.3435106e-01   3.2801300e-02  -4.5930178e-01   1.9947854e-03   5.5873103e-04  -3.5659656e-03
  -1.2303648e-01   5.1947548e-02  -3.8972902e-01   1.9194455e-03   5.5579046e-04  -3.8751098e-03
  -1.4187327e-01   3.3998259e-02  -4.1833222e-01   1.4530226e-03   8.2581456e-04  -3.8555246e-03
  -1.5612302e-01  -6.1402428e-02  -4.4638353e-01   2.4600694e-03   9.1320249e-04  -3.9563006e-03
  -1.1380499e-01   7.5426551e-02  -3.8323826e-01   1.4274073e-03   4.7963513e-04  -3.8571773e-03
  -1.1826566e-01  -9.9746596e-03  -4.3858782e-01   1.4655072e-03   3.6812851e-04  -3.7957967e-03
  -1.2332081e-01  -3.2760440e-02  -4.6618036e-01   2.8602122e-03   3.3716003e-04  -3.8872751e-03
  -1.0665867e-01   1.1713744e-01  -4.2178444e-01   1.6937539e-03   2.4228232e-04  -3.6602504e-03
  -1.3142127e-01  -1.0916996e-02  -4.5630767e-01   1.9443745e-03   4.4798326e-04  -3.6657084e-03
  -1.4364188e-01  -4.6992376e-02  -4.9448311e-01   2.9839997e-03   5.3950119e-04  -3.9687047e-03
  -1.2022039e-01   1.0401748e-01  -4.2487170e-01   2.0067695e-03   3.3109934e-04  -3.8333879e-03
  -1.3911997e-01  -8.8985118e-02  -4.1546041e-01   2.5534863e-03   4.9632203e-04  -4.0373077e-03
  -1.3906103e-01  -6.6891226e-02  -4.8743548e-01   3.3780585e-03   4.2901508e-04  -4.0484535e-03
  -1.1382434e-01   7.9265608e-02  -3.9573466e-01   2.2493027e-03   2.1541562e-04  -4.0116646e-03
  -1.2671931e-01   1.0118468e-01  -4.4009643e-01   2.0586274e-03   3.8272295e-04  -3.8988742e-03
  -1.4313050e-01  -2.9474545e-02  -4.9300984e-01   3.4858241e-03   4.6419691e-04  -4.2214680e-03
  -1.2334929e-01   3.3755057e-02  -4.1789334e-01   3.1116239e-03   3.8054452e-04  -4.2399461e-03
  -1.2816072e-01   2.1764027e-03  -3.9263995e-01   2.0660527e-03   4.2942067e-04  -4.0748972e-03
  -1.1230226e-01  -1.9393861e-02  -4.6264574e-01   2.7628389e-03   2.2689844e-04  -3.8889570e-03
  -1.1427454e-01  -1.5754295e-02  -3.8864911e-01   2.5552170e-03   2.6425928e-04  -4.0144241e-03
  -1.2207303e-01   2.4519986e-02  -4.2467291e-01   1.9730017e-03   3.8019483e-04  -4.0329245e-03
  -1.1166369e-01   8.5773518e-02  -4.9396348e-01   2.7811074e-03   2.8266185e-04  -4.0297156e-03
  -1.0331589e-01   7.1698508e-02  -3.9964178e-01   2.4080797e-03   2.4183704e-04  -4.1277250e-03
  -9.2796651e-02   4.9748872e-02  -4.1211906e-01   1.9574769e-03   1.1614083e-04  -4.0553482e-03
  -1.1361129e-01   3.3934857e-03  -4.4296672e-01   2.7556954e-03   2.9937031e-04  -4.1276125e-03
  -7.7620022e-02   5.6473896e-02  -3.9492305e-01   2.2382058e-03   3.4188506e-07  -4.0367705e-03
  -9.3929960e-02   1.8636855e-03  -4.3162772e-01   1.8872607e-03   1.3404182e-04  -3.9029371e-03
  -1.1097655e-01  -2.9535484e-02  -4.7450987e-01   2.9417309e-03   2.7351062e-04  -4.1499779e-03
  -8.2480259e-02   7.6344612e-02  -4.0473493e-01   2.2592311e-03   8.3863699e-05  -3.9316277e-03
  -7.7067057e-02   2.6311499e-02  -4.5807512e-01   2.4188726e-03  -5.5491799e-05  -4.0494984e-03
  -9.3460009e-02  -1.8237695e-02  -4.2111679e-01   2.8113289e-03   1.0991808e-04  -3.9761208e-03
  -8.0019112e-02   1.0047799e-01  -4.2329463e-01   2.0586133e-03   1.1007053e-04  -3.8625480e-03
  -9.0687707e-02  -2.6416739e-02  -4.9520583e-01   2.9866263e-03   1.6405391e-05  -3.9803144e-03
  -7.6752470e-02   9.2536624e-02  -4.2467452e-01   2.3740031e-03  -5.0934020e-05  -4.1665986e-03
  -8.7006520e-02   8.2328486e-02  -4.1772892e-01   1.7513648e-03   1.3557492e-04  -4.0147917e-03
  -8.6662538e-02   5.0768990e-04  -4.2028269e-01   2.6084256e-03   7.1695156e-05  -4.1996087e-03
  -6.6585118e-02   1.0850990e-01  -4.0580033e-01   1.5480603e-03  -7.5594424e-05  -4.1068980e-03
  -8.1961434e-02   3.7038354e-02  -4.9911133e-01   1.4508552e-03  -9.4845343e-05  -3.9543750e-03
  -9.3629034e-02  -3.9479899e-02  -5.0512853e-01   2.8741471e-03   8.3356566e-05  -4.2754391e-03
  -8.4442942e-02   1.0740163e-01  -4.6212946e-01   1.6456605e-03   6.2913926e-06  -4.0007621e-03
  -9.5272682e-02   9.6509089e-03  -5.0173033e-01   1.6050704e-03  -9.0823219e-05  -4.0782181e-03
  -9.4733992e-02   1.8107187e-02  -5.0307337e-01   2.5228681e-03   6.7804585e-05  -4.2097769e-03
  -7.3993041e-02   1.2072378e-01  -4.6180111e-01   1.8632737e-03  -6.0943707e-05  -4.0266865e-03
  -8.5158531e-02   5.9538622e-02  -4.9148422e-01   1.9102153e-03  -2.5761347e-05  -4.2152128e-03
  -9.6853992e-02  -2.3506340e-02  -4.9340267e-01   2.9300052e-03   1.7426400e-04  -4.3676531e-03
  -8.1023096e-02   7.6605604e-02  -4.4243827e-01   1.4725931e-03   3.1151808e-05  -4.0622120e-03
  -8.3308792e-02   7.1466148e-02  -5.0285377e-01   1.8435604e-03  -4.8107111e-05  -3.9998030e-03
  -8.8695561e-02   6.8156301e-03  -4.7498180e-01   2.3108502e-03  -2.6778959e-05  -4.0534053e-03
  -8.6890107e-02   8.5517836e-02  -4.1270261e-01   1.3088906e-03   7.0329774e-05  -4.0380822e-03
  -9.9086259e-02   8.9576994e-02  -4.7483166e-01   9.9092505e-04   1.0237515e-04  -3.9464409e-03
  -8.6294343e-02   7.7975780e-02  -4.0930639e-01   1.4730850e-03   9.4108267e-05  -4.2910037e-03
  -9.5863567e-02   7.2203512e-02  -4.5838602e-01   1.1379006e-03   2.4157230e-04  -4.0883224e-03
  -1.1683138e-01   1.9899006e-02  -5.0400973e-01   2.4755727e-03   3.9562297e-04  -4.3532388e-03
  -1.2298617e-01   1.0142915e-01  -4.6046623e-01   1.5531332e-03   4.7809600e-04  -4.1624454e-03
  -1.1454100e-01   1.8006948e-02  -5.2637542e-01   1.8252061e-03   2.9411723e-04  -4.2519159e-03
  -1.0987547e-01   3.9395396e-02  -4.8960413e-01   1.8620675e-03   2.9053559e-04  -4.3837372e-03
  -1.2066267e-01   1.2033685e-01  -4.7257770e-01   9.8040006e-04   5.9611054e-04  -4.1505416e-03
  -1.2001811e-01   6.8856110e-02  -5.4153815e-01   1.7769520e-03   4.5608607e-04  -4.2443247e-03
  -1.1527969e-01   5.3527573e-02  -4.9018791e-01   1.6863334e-03   2.7015629e-04  -4.4200121e-03
  -1.3031422e-01   5.1267140e-02  -5.0394187e-01   9.4338295e-04   4.0960244e-04  -4.3700107e-03
  -1.5089151e-01  -2.9582405e-02  -5.7374711e-01   2.0347491e-03   5.0441978e-04  -4.4645240e-03
  -1.1903110e-01   1.2354725e-01  -4.9263050e-01   2.1054649e-03   3.5921390e-04  -4.2915260e-03
  -1.3652242e-01   7.4442253e-02  -5.3402536e-01   1.9166583e-03   3.9608669e-04  -4.4425113e-03
  -1.4310429e-01   1.0712270e-02  -5.3424972e-01   2.8042399e-03   3.7335561e-04  -4.5089821e-03
  -1.2782701e-01   9.0221161e-02  -4.8053741e-01   2.1312144e-03   2.9850449e-04  -4.3308177e-03
  -1.3407129e-01  -5.3175825e-03  -5.0855988e-01   2.7679261e-03   3.7356052e-04  -4.6360709e-03
  -1.4074304e-01  -2.3326430e-02  -5.3392391e-01   3.9505993e-03   4.6010459e-04  -4.7030066e-03
  -1.1999774e-01   1.5375847e-02  -4.7848284e-01   3.1475909e-03   2.5998829e-04  -4.6020271e-03
  -1.3021921e-01  -6.8705821e-02  -5.2572818e-01   3.4357412e-03   1.8748003e-04  -4.6505036e-03
  -1.3232011e-01  -1.4565788e-01  -5.2348939e-01   4.7525870e-03   2.2036610e-04  -4.9446734e-03
  -1.0036455e-01  -5.3506898e-03  -4.8410510e-01   3.7532621e-03   1.8858818e-05  -4.4892478e-03
  -1.0859581e-01  -8.2064583e-02  -5.6268822e-01   3.7235704e-03  -2.8228610e-05  -4.5033363e-03
  -1.0508470e-01  -1.0476691e-01  -5.4194871e-01   4.5517944e-03  -8.1037901e-05  -4.7434916e-03
  -1.0801045e-01  -3.2740800e-02  -5.2113602e-01   3.4288398e-03   1.1417737e-04  -4.5252516e-03
  -9.0102082e-02  -1.8023408e-01  -5.9629490e-01   5.1983764e-03  -1.5503050e-04  -4.6512436e-03
  -9.1642579e-02  -4.4045903e-02  -5.0760669e-01   3.9465726e-03  -1.9724688e-06  -4.7793673e-03
  -9.7118596e-02  -6.9278692e-02  -5.7304552e-01   3.4294787e-03   3.4132879e-05  -4.6286279e-03
  -1.0519569e-01  -1.2876921e-01  -6.0391008e-01   4.5282876e-03   1.1203618e-04  -4.7532328e-03
  -9.5996904e-02  -2.1401096e-02  -5.7174259e-01   3.9542583e-03   8.6827827e-05  -4.7593970e-03
  -9.8271669e-02  -1.0358183e-01  -6.4181274e-01   4.3725125e-03  -7.4922188e-05  -4.7967643e-03
  -1.0973452e-01  -1.1017566e-01  -5.8374043e-01   3.8225007e-03   2.2057691e-05  -4.7190999e-03
  -1.1503380e-01  -8.4099419e-02  -5.8026623e-01   3.6587948e-03   1.9418693e-04  -4.9333541e-03
  -1.3326878e-01  -1.4995423e-01  -6.2202127e-01   4.5541421e-03   3.2729740e-04  -4.6950284e-03
  -1.1469851e-01  -1.5884695e-02  -5.6105316e-01   3.7888135e-03   1.4502546e-04  -4.7623837e-03
  -1.2308925e-01  -4.1254562e-02  -6.2527100e-01   4.2113497e-03   1.7692740e-04  -4.7581173e-03
  -1.2211078e-01  -1.0275605e-01  -5.9724869e-01   4.2926469e-03   2.9734123e-05  -4.7362744e-03
  -1.2915471e-01  -8.5084154e-02  -5.6506607e-01   3.8744177e-03   1.9095837e-04  -4.7601085e-03
  -1.4301571e-01  -2.0556940e-01  -5.9771968e-01   5.4215512e-03   4.1090647e-04  -5.1357026e-03
  -1.3023628e-01  -1.3540901e-02  -5.3005202e-01   3.9208834e-03   3.1922748e-04  -5.0752745e-03
  -1.3940320e-01  -1.7684211e-01  -5.8210791e-01   4.0666602e-03   2.0638468e-04  -5.0806565e-03
  -1.5010805e-01  -1.3945925e-01  -5.9876270e-01   4.4264427e-03   2.9495572e-04  -5.2281003e-03
  -1.3336708e-01  -1.5158649e-02  -5.3600249e-01   3.5035550e-03   2.2618593e-04  -5.1043944e-03
  -1.4650206e-01  -2.2420490e-01  -6.2324990e-01   4.9155844e-03   1.2033751e-04  -5.4245479e-03
  -1.5214959e-01  -2.3127169e-01  -6.3781360e-01   5.7018048e-03   1.3436318e-04  -5.5967401e-03
  -7.7172682e-02  -5.1355209e-01  -9.4819591e-01   9.8694703e-03  -7.9634936e-04  -5.3919666e-03
  -3.8853532e-02  -3.0926539e-01  -7.5528532e-01   6.7306540e-03  -9.0986093e-04  -5.3307327e-03
  -6.5067045e-02  -2.5130334e-01  -7.4870009e-01   5.9263823e-03  -6.0718017e-04  -5.2546126e-03
  -7.6472846e-02  -3.3246253e-01  -7.6586409e-01   7.2017549e-03  -4.3259164e-04  -5.4307254e-03
  -4.3577250e-02  -1.3430743e-01  -6.8200460e-01   6.3471526e-03  -5.4713769e-04  -5.0712306e-03
  -4.5840803e-02  -2.6300630e-01  -7.3739919e-01   6.1517641e-03  -8.4195274e-04  -5.0945151e-03
  -5.7705002e-02  -2.9963859e-01  -7.6209701e-01   6.9515973e-03  -8.8891812e-04  -5.4126349e-03
  -5.0347032e-02  -1.5648507e-01  -7.1154930e-01   6.1981689e-03  -8.9527455e-04  -5.2374035e-03
  -7.3857168e-02  -2.9532211e-01  -7.1771885e-01   6.1739109e-03  -7.6175609e-04  -5.3922267e-03
  -6.7780367e-02  -2.5178939e-01  -7.0686222e-01   6.6356228e-03  -7.6085126e-04  -5.4274124e-03
  -6.5843149e-02  -2.1031510e-01  -6.5903385e-01   5.7751007e-03  -9.4203694e-04  -5.3515219e-03
  -7.4731509e-02  -1.6862031e-01  -7.0925637e-01   5.4624197e-03  -9.0145714e-04  -5.4874950e-03
  -9.2266798e-02  -2.7778994e-01  -6.9974489e-01   6.2477154e-03  -7.5436783e-04  -5.6496368e-03
  -6.5202624e-02  -8.3838204e-02  -6.5787772e-01   5.0691084e-03  -8.8296596e-04  -5.5533212e-03
  -8.1308410e-02  -2.0094512e-01  -6.8860548e-01   5.3046602e-03  -8.9171690e-04  -5.6286702e-03
  -8.1592394e-02  -7.8549301e-02  -6.3147398e-01   4.5839544e-03  -8.0697598e-04  -5.6934360e-03
  -9.2330979e-02  -1.4972013e-01  -7.3320909e-01   4.7852331e-03  -8.8998866e-04  -5.5583080e-03
  -8.8620709e-02  -2.5973236e-01  -6.4286800e-01   5.3527246e-03  -9.8752213e-04  -5.9133250e-03
  -9.3210697e-02  -1.0744108e-01  -6.8813493e-01   5.0904666e-03  -9.7549158e-04  -5.7948200e-03
  -1.1860671e-01  -2.1690343e-01  -7.2701595e-01   5.8669828e-03  -7.8890654e-04  -6.0593755e-03
  -7.1303992e-02  -2.6103985e-02  -7.0393432e-01   4.6406228e-03  -1.0150701e-03  -5.8400377e-03
  -7.3977618e-02  -1.0632044e-01  -7.5573730e-01   4.8531728e-03  -1.0779683e-03  -5.7210966e-03
  -8.7170918e-02  -1.4760750e-01  -7.0464499e-01   4.7899199e-03  -1.1337074e-03  -5.8234613e-03
  -1.0665581e-01  -1.7973528e-01  -6.9121640e-01   4.3241072e-03  -9.6667948e-04  -5.7461548e-03
  -9.9738303e-02  -2.1674111e-01  -6.8346059e-01   5.2479858e-03  -1.0140706e-03  -5.8469543e-03
  -7.3337027e-02  -1.8336550e-02  -6.0421246e-01   4.0525520e-03  -9.6911793e-04  -5.4986033e-03
  -1.0503227e-01  -1.4017902e-01  -7.2318757e-01   4.2945128e-03  -9.5321819e-04  -5.5994911e-03
  -9.4103209e-02  -1.8712728e-01  -6.4549873e-01   5.3950270e-03  -1.0640089e-03  -6.0233551e-03
  -1.0181735e-01  -7.7884603e-02  -7.0517534e-01   4.6177737e-03  -9.4720947e-04  -5.6638916e-03
  -1.3436223e-01  -2.3293875e-01  -6.9255669e-01   5.5427494e-03  -7.6279011e-04  -5.9261849e-03
  -1.2259513e-01  -9.8839222e-02  -6.9931931e-01   4.4518981e-03  -7.9297937e-04  -6.0070178e-03
  -1.2343180e-01  -2.3992774e-01  -7.4832191e-01   5.5281779e-03  -8.7463303e-04  -5.9364135e-03
  -9.9518168e-02   1.5462934e-02  -6.5450685e-01   4.0990691e-03  -7.8469979e-04  -5.7815247e-03
  -1.2120961e-01  -1.2676325e-01  -7.5686170e-01   4.9907299e-03  -7.9334411e-04  -5.8249837e-03
  -1.0861969e-01  -1.4801011e-01  -7.2284626e-01   5.2701575e-03  -7.9343937e-04  -6.0309208e-03
  -9.1208466e-02  -1.7195472e-01  -7.2404185e-01   5.1812049e-03  -9.5030825e-04  -5.8280211e-03
  -1.0717160e-01  -2.2725731e-01  -7.7633911e-01   5.6085646e-03  -9.9687041e-04  -5.9321871e-03
  -7.3478781e-02  -7.2879541e-02  -7.1337153e-01   4.4819692e-03  -1.2378371e-03  -5.5772262e-03
  -9.7566365e-02  -1.4163310e-01  -7.9331107e-01   4.6410021e-03  -1.1327197e-03  -5.5944027e-03
  -1.1307589e-01  -1.7240792e-01  -7.4602524e-01   5.6171435e-03  -8.2501977e-04  -5.9493744e-03
  -1.0761556e-01  -8.5670838e-02  -7.3819892e-01   4.6572981e-03  -7.6418924e-04  -5.7014933e-03
  -1.1945835e-01  -2.3015695e-01  -7.7745606e-01   5.3931799e-03  -8.7483633e-04  -5.9866731e-03
  -1.0538200e-01  -2.7168098e-02  -6.9701650e-01   4.7046078e-03  -6.6617919e-04  -5.8666374e-03
  -1.0634160e-01  -1.2114251e-01  -7.7714909e-01   5.0467636e-03  -7.1429728e-04  -5.9465129e-03
  -1.0127717e-01  -1.0297801e-01  -7.1542882e-01   5.0429938e-03  -7.3078592e-04  -6.0158728e-03
  -1.0895297e-01  -6.2377480e-02  -7.7632629e-01   4.5807800e-03  -7.1084901e-04  -5.9141962e-03
  -1.0497878e-01  -1.8578412e-01  -7.5918339e-01   5.2145318e-03  -9.7720328e-04  -6.0623873e-03
  -8.9380338e-02  -4.1780774e-02  -7.0126826e-01   4.4650219e-03  -1.0350979e-03  -5.9208204e-03
  -1.1965156e-01  -1.0627867e-01  -7.7967043e-01   5.1108289e-03  -7.8925536e-04  -6.2079762e-03
  -1.0081014e-01  -2.9685694e-02  -7.0245044e-01   4.6960391e-03  -9.4889714e-04  -6.1528537e-03
  -1.0482650e-01  -1.4929955e-01  -7.7285940e-01   4.9603906e-03  -1.0399562e-03  -6.1259247e-03
  -1.1644419e-01  -1.9094417e-01  -7.5048234e-01   5.6756388e-03  -9.3886433e-04  -6.4151041e-03
  -1.1879686e-01  -1.0516663e-01  -7.4593525e-01   4.5012324e-03  -8.5526644e-04  -6.0281241e-03
  -1.3027014e-01  -9.4409097e-02  -8.3125313e-01   4.5093665e-03  -9.6805556e-04  -6.0850125e-03
  -1.1149033e-01  -9.2511805e-02  -7.6849994e-01   4.9675165e-03  -1.0944825e-03  -6.3035033e-03
  -1.2168266e-01  -4.2935295e-02  -8.0906447e-01   4.4958475e-03  -8.6754217e-04  -6.0046056e-03
  -1.3628439e-01  -1.8230671e-01  -8.6293118e-01   6.0180159e-03  -8.7243516e-04  -6.2130353e-03
  -1.0363326e-01  -1.2939897e-02  -7.9066272e-01   5.5092277e-03  -9.9718117e-04  -5.9870546e-03
  -1.1696335e-01  -2.6221522e-01  -8.5070880e-01   6.5433837e-03  -1.0486678e-03  -6.2451585e-03
  -1.2575067e-01  -3.1677894e-01  -8.6113876e-01   7.5007350e-03  -8.3291280e-04  -6.2651545e-03
  -1.0738977e-01  -1.6136471e-01  -8.3229740e-01   6.5183326e-03  -7.9626926e-04  -5.9587529e-03
  -1.2470552e-01  -2.5809069e-01  -9.2910811e-01   7.3057071e-03  -7.7390514e-04  -6.0272984e-03
  -1.0915351e-01  -1.7052891e-01  -8.0637168e-01   6.8635361e-03  -6.4788525e-04  -5.9728893e-03
