   0.0000000e+00   0.0000000e+00   0.0000000e+00   0.0000000e+00   0.0000000e+00   0.0000000e+00
   6.8977644e-03   6.0427935e-02   5.5998053e-02  -7.0630848e-04  -1.6245048e-04   6.4350094e-04
   1.1413052e-02  -1.2326940e-03  -1.0249637e-01  -1.0009669e-03   1.0885738e-04   6.0028042e-04
   1.2492546e-02   4.8293260e-02   7.6179329e-02  -2.3102284e-04   2.1026607e-04   7.7990467e-04
  -8.3450258e-04   4.5540277e-03  -8.7583910e-02  -4.1292963e-04  -1.7772220e-04   7.5924064e-04
   1.2053790e-02   1.5112202e-01   9.6003149e-02  -7.1192446e-04  -1.6188973e-04   9.5074445e-04
   2.3507064e-02  -6.9465418e-02  -1.0773450e-01  -2.0417324e-03  -9.1413800e-05   8.4847769e-04
   3.2686676e-02   1.5988528e-01  -8.6615959e-02  -1.1265192e-03   4.1560145e-04   8.2852482e-04
   2.9519473e-03  -1.2822772e-01   2.5772836e-02  -1.2270976e-03  -8.9928225e-04   2.9030761e-04
   1.4991195e-02  -6.9807428e-02  -1.2998242e-01  -9.8944818e-04  -3.0146643e-04   6.8673939e-04
  -4.5011171e-03  -7.4721837e-03   7.2076045e-02  -2.7152808e-04  -9.9289303e-04  -1.5755727e-04
   6.1681673e-03   7.5145588e-02  -8.5834203e-02  -1.2357811e-03  -1.7070569e-04   3.2973632e-04
   8.6482580e-03   4.8186021e-02   6.9459361e-02  -7.4916951e-04  -7.1865724e-04   2.9055414e-04
   4.6461773e-02   2.8561532e-02  -1.1355088e-01  -7.6265306e-04   3.9828108e-04   4.5568359e-04
   2.4786384e-02  -1.5954738e-02   1.3611328e-02   2.7827543e-04  -9.5505189e-04   4.4778155e-04
   2.3558826e-02  -4.1454438e-02  -1.3270626e-01  -1.3990486e-03  -6.7010931e-04   8.2979064e-04
   2.0029180e-02   3.2703053e-02   9.3936047e-02  -6.2043126e-04  -1.1925538e-03   6.0356151e-04
   3.0146942e-02  -6.2593411e-02  -1.5377827e-01  -1.5976389e-03  -4.1528905e-04   1.0352970e-03
   4.0669334e-02   1.2741254e-02   8.7145439e-02  -8.3720465e-04  -7.7441076e-04   1.0335946e-03
   6.3797046e-02   7.3030842e-04  -5.5856103e-02  -1.7366318e-03   1.5385236e-04   1.6721737e-03
   5.1738521e-02  -7.8671533e-02  -4.3902244e-02  -1.3989804e-03  -6.7610191e-04   1.5510738e-03
   7.6363827e-02   2.1430702e-02  -2.1314512e-02  -2.3479726e-03  -3.0455038e-04   2.4045426e-03
   5.5956433e-02  -8.8466461e-02  -8.6168441e-02  -1.6583704e-03  -4.9627937e-04   1.6776898e-03
   4.3980588e-02  -3.4764513e-02  -2.8333225e-02  -9.9160903e-04  -1.2040422e-03   1.8350822e-03
   5.4034558e-02   4.2963755e-02  -1.6309359e-01  -6.1630141e-04  -7.2610322e-04   2.3121269e-03
   5.1035687e-02  -7.1503554e-02  -8.6060143e-02  -9.9448586e-04  -1.5765747e-03   2.4566325e-03
   6.1635113e-02   4.3331955e-02  -7.7228018e-02  -1.1767849e-03  -1.2388122e-03   2.9819594e-03
   5.9862429e-02  -4.3910849e-02  -1.4355268e-01   1.1372869e-03  -7.5977137e-04   1.9594052e-03
   5.3752837e-02   2.0224290e-01  -7.2126756e-02  -1.0175968e-03  -7.2705208e-04   2.3892597e-03
   4.8142956e-02  -8.0436203e-02  -1.3230195e-01  -1.5785736e-03  -1.4398109e-03   2.5069896e-03
   6.0050592e-02   5.1125183e-02  -4.3807472e-02  -1.1948686e-03  -1.1077438e-03   2.8152459e-03
   5.8278073e-02  -3.4903288e-02  -1.7946095e-01  -1.6863919e-03  -1.0499444e-03   2.8348502e-03
   6.3093832e-02   5.3119495e-02   7.1251532e-02  -1.5048544e-03  -1.1120882e-03   2.5754543e-03
   6.4917270e-02  -6.7436597e-02  -1.0574938e-01  -1.4298013e-03  -1.0608742e-03   2.6297193e-03
   3.5269371e-02  -6.7826665e-02   3.5142558e-02  -7.3949006e-04  -1.7331214e-03   1.9384945e-03
   4.4029745e-02  -2.4438951e-02  -1.8178876e-01  -7.8514037e-04  -7.8666082e-04   1.8212539e-03
   5.5430661e-02   9.3121441e-02  -5.0147628e-02  -1.5982971e-03  -1.0179445e-03   2.4327040e-03
   4.1163557e-02  -4.4975513e-02  -1.1459653e-01  -1.1536064e-03  -1.1280268e-03   2.1706624e-03
   5.3184564e-02   5.1737825e-02   7.4238088e-02  -8.9629714e-04  -1.4862594e-03   2.4054094e-03
   5.6852693e-02  -1.9258627e-02  -1.4000778e-01  -9.9636471e-04  -1.2978091e-03   2.4667791e-03
   6.5875285e-02   5.6353943e-02   3.8151852e-02  -1.8355781e-03  -1.2247830e-03   2.3280405e-03
   6.3478741e-02  -5.7092176e-02  -1.1485050e-01  -1.5696430e-03  -1.0531448e-03   2.6918497e-03
   6.1800966e-02   5.3002969e-02  -1.9580407e-02  -1.0712903e-03  -1.4834319e-03   2.5621189e-03
   5.5598835e-02   9.5631343e-03  -1.0158937e-01  -6.9958342e-04  -1.0471248e-03   2.5099978e-03
   4.5763397e-02  -1.2232990e-01  -1.3970464e-01  -6.7240900e-04  -1.5600000e-03   2.2336121e-03
   4.3226259e-02   8.3098616e-02   4.9996797e-02  -1.0615721e-03  -1.9185142e-03   2.5129055e-03
   3.1773293e-02  -1.1695956e-01  -1.3470622e-01  -8.1579091e-04  -1.8934862e-03   2.1978824e-03
   3.8685712e-02   1.7880543e-01   9.1634017e-02  -1.2872274e-03  -1.2018889e-03   2.1373322e-03
   3.0749713e-02  -5.1021008e-02  -1.2379334e-01  -1.3482373e-03  -1.5764073e-03   2.0086581e-03
   2.6607115e-02  -1.4617614e-01  -3.8423103e-02  -1.1310922e-03  -2.0149029e-03   1.7417596e-03
   1.6074170e-02  -8.7508841e-02  -2.6499725e-01   4.2210589e-04  -1.4292037e-03   1.3049899e-03
   3.2760503e-02   1.5898725e-01  -1.5582626e-01  -1.2957074e-03  -1.4335605e-03   1.9167390e-03
   3.5850995e-02   1.2643921e-01   1.3257077e-03  -1.1968702e-03  -1.5251954e-03   1.9454531e-03
   3.6098012e-02  -7.0231910e-02  -2.1113738e-01  -1.5178819e-03  -1.4428912e-03   1.8607581e-03
   5.1606873e-02   8.5789270e-02  -1.1503201e-02  -1.6290151e-03  -1.1860581e-03   1.9596406e-03
   4.4118928e-02  -2.1750252e-01  -1.0869180e-01  -1.5280177e-03  -1.6130599e-03   1.8991689e-03
   5.3462753e-02   1.2773928e-02  -2.2658850e-01  -1.3598479e-03  -1.4029299e-03   2.1906560e-03
   4.0470119e-02  -2.0888863e-02  -3.7486732e-02  -1.1187661e-03  -2.2672295e-03   1.8696657e-03
   5.8961546e-02  -1.0200172e-02  -1.2481970e-01  -1.7871902e-03  -1.5348361e-03   2.2080685e-03
   5.4565098e-02  -4.8317299e-02  -3.6709668e-02  -1.6350430e-03  -1.8330998e-03   1.9646544e-03
   7.4724806e-02  -8.1186893e-03  -9.6149207e-02  -1.0779718e-03  -1.0125825e-03   2.3175333e-03
   7.2041858e-02  -1.1899921e-01  -6.9563988e-02  -2.2407610e-03  -1.6735013e-03   2.2617703e-03
   4.7130758e-02   9.2525096e-02  -2.3642662e-02  -1.2336295e-03  -1.2850844e-03   2.1484935e-03
   1.2205350e-01  -2.6762421e-01   1.3688494e-01   6.2813927e-03  -9.3432388e-04   1.2970517e-03
   8.2842623e-02  -3.1708086e-01  -4.1602818e-01   1.4003256e-02   4.2896117e-04  -1.2893725e-03
   7.4706710e-02   6.7351859e-01  -1.9698333e-01   1.0349332e-02   1.9339602e-03  -9.7572902e-04
   8.7762607e-02   5.0850266e-01  -2.3935668e-01   3.2835949e-03   4.3520178e-04   1.7752712e-03
   1.1758224e-01   3.4571155e-01  -1.8988168e-01   3.8809603e-04   1.4218154e-03   2.2494686e-03
   1.1760117e-01  -9.7895817e-02  -2.8398298e-01  -5.0941380e-03  -3.4624296e-04   3.0866543e-03
   1.3081687e-01  -1.8810979e-01  -3.9144829e-01  -4.7538650e-03  -3.8280759e-04   3.1123718e-03
   1.5978386e-01   6.2158893e-03  -1.6859558e-01  -4.8081998e-03   3.1454852e-04   3.5733109e-03
   1.4139090e-01  -3.0951369e-01  -2.2700566e-01  -4.6284599e-03  -8.4558420e-04   3.1692966e-03
   1.2663706e-01  -8.6744891e-03  -1.2038315e-01  -3.5701736e-03  -5.5971327e-04   3.0117193e-03
   1.3733184e-01  -2.4845952e-01  -1.9543790e-01  -4.3889516e-03  -7.8657090e-04   3.2987542e-03
   1.5372495e-01  -5.7683467e-02  -1.9586402e-01  -7.2473064e-03  -2.9103662e-04   3.5030297e-03
   1.3784148e-01  -2.0190671e-01  -1.1817477e-01  -5.3094490e-03  -1.4508174e-03   3.4820195e-03
   1.3754388e-01  -1.4171895e-01  -2.3893583e-01  -5.0803239e-03  -6.4663897e-04   3.5418248e-03
   1.1994765e-01  -1.9190842e-01  -1.2768915e-01  -4.0394619e-03  -1.1308327e-03   2.8052767e-03
   1.2426845e-01  -1.2072035e-01  -2.6867818e-01  -5.5148811e-03  -4.7248652e-04   2.9854963e-03
   1.0874980e-01  -1.4608344e-01  -2.5730197e-02  -4.6246247e-03  -1.4971741e-03   2.5651503e-03
   1.1971069e-01  -1.8983982e-01  -2.2607501e-01  -4.7886545e-03  -1.1235644e-03   2.6556004e-03
   1.2405020e-01  -7.8037642e-02   2.7638841e-02  -3.5556612e-03  -1.2735981e-03   2.7154132e-03
   1.1177709e-01  -1.9606316e-01  -2.1779066e-01  -2.8947591e-03  -1.2419628e-03   2.1340820e-03
   1.3506169e-01   1.7066514e-01  -2.1744007e-01  -1.8128022e-03  -8.8116353e-04   2.8608525e-03
   1.4168337e-01  -1.3277429e-01  -2.5190553e-01  -4.0076290e-03  -1.7026129e-03   3.4266600e-03
   1.3676880e-01  -5.5697950e-02  -1.8431352e-01  -1.6520667e-03  -1.7167199e-03   3.2802156e-03
   1.2994552e-01  -1.4913603e-01  -1.9107905e-01  -2.9011926e-03  -1.9003666e-03   3.0442176e-03
   1.4039630e-01   2.2527804e-02   9.7959251e-03  -2.9328263e-03  -1.6722567e-03   3.2670526e-03
   1.3946633e-01  -9.1736389e-02  -1.8678109e-01  -2.2331285e-03  -1.5111593e-03   3.2024467e-03
   1.1177900e-01   2.1039626e-01  -1.0136436e-01   8.0870652e-04  -1.2239793e-03   2.7909975e-03
   9.9790482e-02  -1.7285619e-01  -1.8909272e-01  -1.8827865e-03  -2.2169829e-03   2.9379392e-03
   1.0544391e-01  -2.1801936e-02  -1.1570649e-02  -1.9507993e-03  -2.2091932e-03   2.9838009e-03
   8.5164314e-02  -1.0817113e-01  -2.5736979e-01  -5.2571052e-04  -1.8678364e-03   2.2217349e-03
   9.4953282e-02   1.1698032e-01   2.0469726e-02  -1.2494064e-03  -1.8649297e-03   2.4992592e-03
   9.7477545e-02  -4.1284522e-04  -1.8702228e-01  -7.4172013e-04  -1.8914797e-03   2.6649035e-03
   8.4764123e-02   5.6412233e-02   7.6902579e-02   4.8942398e-04  -1.8254552e-03   2.1225448e-03
   9.3592076e-02  -7.5028731e-03  -5.8200326e-02   1.6092574e-05  -1.3756594e-03   2.2254657e-03
   9.0046862e-02  -3.7013600e-02  -6.2038041e-03  -1.0972340e-03  -2.1233030e-03   2.0275930e-03
   8.9542430e-02   1.3268824e-01  -3.0315998e-02  -3.9061843e-05  -1.8302724e-03   2.2331684e-03
   9.1011830e-02  -3.0801422e-02  -6.2681148e-02  -3.5207737e-06  -2.0495697e-03   2.1941715e-03
   8.1346184e-02  -1.0563914e-01  -4.3363354e-02  -1.2296041e-03  -2.6064266e-03   2.0567420e-03
   1.0845195e-01   7.8034095e-03  -2.8995421e-01   2.5131678e-03  -1.6517308e-03   2.1915915e-03
   1.1496045e-01   2.1076793e-01  -9.8267950e-02  -2.4820729e-04  -2.4468034e-03   2.8983302e-03
   9.8871465e-02  -6.9144369e-02  -1.9402738e-01  -9.8291582e-05  -2.7024803e-03   2.4275624e-03
   1.1190059e-01   1.0729363e-01  -3.0277603e-02  -1.4511251e-03  -2.3405968e-03   2.8377426e-03
   1.1731364e-01  -1.0524971e-01  -2.3762657e-01  -2.0812520e-03  -2.5602810e-03   2.7693520e-03
   1.5408938e-01   1.6653301e-01  -9.0886111e-02  -2.8285743e-03  -1.1844368e-03   3.7800603e-03
   1.7272370e-01   6.6013929e-03  -1.8525402e-01   3.7791055e-03  -9.0981956e-04   2.2529202e-03
   1.5746825e-01   2.7145053e-02  -2.5682894e-01   1.8943870e-03  -2.0064009e-03   2.9992083e-03
   1.3780437e-01   2.4957503e-03  -1.3603109e-01   4.2901493e-04  -2.4958649e-03   2.7864064e-03
   1.6212732e-01   7.7827847e-02  -1.2714686e-01  -6.4400582e-04  -1.9579882e-03   3.4988628e-03
   1.5504869e-01  -3.7115603e-02  -1.9602649e-01  -5.3944566e-04  -2.2581144e-03   3.2072931e-03
   1.5408893e-01  -2.7035926e-02  -6.2311545e-02  -8.5830308e-04  -2.5653750e-03   3.4212700e-03
   1.2256969e-01  -1.5236447e-01  -3.3243773e-01  -1.8109946e-04  -2.5866343e-03   2.6661204e-03
   1.4384191e-01   1.4886898e-01  -2.5975954e-01  -1.1606793e-03  -2.1512851e-03   3.3346544e-03
   1.2835389e-01   1.0017506e-02  -1.6422637e-01  -5.2760712e-04  -2.9584480e-03   3.1130608e-03
   1.3991321e-01   2.3564455e-02  -1.7208888e-01  -8.7761596e-04  -2.4160308e-03   3.3317503e-03
   1.1921438e-01  -9.0818959e-02  -2.2856311e-01  -6.7671235e-04  -3.0795100e-03   3.0389361e-03
   1.2939133e-01   2.5614859e-02  -9.1874526e-02  -6.4666175e-04  -2.9543183e-03   3.1704545e-03
   1.1733025e-01  -1.1403463e-01  -2.7482420e-01   5.7281300e-04  -3.1993630e-03   2.4664483e-03
   1.3049806e-01   2.3566119e-01  -1.7938417e-01  -1.6213643e-03  -2.4630404e-03   2.5689870e-03
   1.4377256e-01  -1.3209048e-01  -3.6934261e-01  -3.3533421e-03  -2.9842325e-03   3.0146710e-03
   1.3577333e-01  -1.6564514e-02  -1.4979851e-01  -2.7186070e-03  -3.2887533e-03   3.2613570e-03
   1.2623006e-01  -1.3314188e-01  -3.5524642e-01  -1.5925484e-03  -3.1577567e-03   2.9179720e-03
   1.4846216e-01   2.3539095e-01  -1.6165027e-01  -1.6761814e-03  -2.4044309e-03   3.3462006e-03
   1.5861901e-01  -8.2345413e-02  -2.5225015e-01  -1.3720375e-03  -3.1183101e-03   3.6314733e-03
   1.3615283e-01  -9.7416457e-02  -2.8402347e-01   6.9916866e-05  -3.2869131e-03   3.0505308e-03
   1.1888127e-01  -5.0749620e-02  -2.2625401e-01  -7.6141246e-04  -3.6135016e-03   2.8495696e-03
   1.3777725e-01   3.8597429e-02  -1.9803288e-01  -1.3108175e-03  -2.9576498e-03   3.3641511e-03
   1.3283783e-01  -1.1078384e-01  -2.6506354e-01  -1.4951107e-03  -3.0454514e-03   2.9053893e-03
   1.3164012e-01  -6.1867351e-02  -7.7405580e-02  -1.0310901e-03  -3.4388931e-03   3.4185802e-03
   9.9443260e-02  -2.9308657e-01  -3.5424930e-01   2.4266898e-03  -3.6263989e-03   2.7798862e-03
   9.6000439e-02   2.4253475e-01  -1.6593004e-01   1.4772436e-04  -2.9561662e-03   2.7520941e-03
   1.1425149e-01   1.3499906e-01  -2.3965201e-01  -7.7428192e-04  -2.9449119e-03   3.1867381e-03
   1.0491915e-01  -9.1736445e-02  -2.0187703e-01  -8.4633879e-04  -3.3784217e-03   2.6637050e-03
   1.1664369e-01  -1.7812734e-04  -2.3370502e-01  -7.7019231e-04  -2.9615617e-03   3.0789159e-03
   1.0995856e-01  -1.3959057e-01  -1.6542096e-01  -1.6512350e-03  -3.4090091e-03   2.8001195e-03
   8.3410230e-02  -9.5395897e-02  -2.5770073e-01  -3.4979000e-03  -3.4535201e-03   2.7688557e-03
   8.9660835e-02  -8.5595293e-02  -7.7899687e-02  -2.3029680e-03  -3.8330913e-03   2.8976864e-03
   8.9270358e-02  -6.9748343e-02  -2.7453915e-01  -3.3877186e-03  -3.5419485e-03   2.8658287e-03
   9.3665441e-02   2.3853580e-04  -9.5596131e-02  -2.0287015e-03  -4.1068893e-03   3.0992337e-03
   7.3124670e-02  -7.9025720e-02  -2.7940624e-01  -2.3219332e-03  -3.6789388e-03   2.7918571e-03
   8.4263155e-02   7.4613325e-03  -1.2056747e-01  -8.6903942e-04  -3.7553073e-03   2.6712536e-03
   8.4121204e-02  -3.7277101e-02  -2.2200349e-01  -2.4950278e-03  -3.4840299e-03   2.9135814e-03
   7.8063951e-02  -1.1927189e-01  -1.9104454e-01  -8.6786091e-04  -3.8616041e-03   2.5389486e-03
   8.9531487e-02   1.5538164e-02  -2.2006899e-01  -2.1179692e-03  -3.2788036e-03   3.1071633e-03
   9.1666149e-02  -6.9464590e-02  -1.8439775e-01  -1.8028261e-03  -3.8125810e-03   3.0363127e-03
   1.0136753e-01  -6.8957424e-03  -2.2909489e-01  -1.9088700e-03  -3.3086570e-03   3.2225986e-03
   9.8923366e-02  -1.2172269e-01  -2.3200599e-01  -1.5450992e-03  -3.6915449e-03   3.1749109e-03
   1.1459851e-01  -4.2018548e-02  -1.5869670e-01  -3.3593818e-03  -3.3747261e-03   3.5934641e-03
   1.1084492e-01  -3.1934557e-01  -2.8846569e-01  -6.6955543e-04  -3.9137011e-03   2.7724664e-03
   1.0267051e-01   1.1559631e-01  -2.2709959e-01  -4.6957520e-04  -3.7831018e-03   3.0383501e-03
   1.0442599e-01   1.2314771e-01  -7.7896914e-02  -8.8719092e-04  -3.7925749e-03   3.1243661e-03
   1.0340326e-01  -7.4705613e-02  -2.1268112e-01  -1.2873589e-03  -3.6908377e-03   3.0365016e-03
   1.1288365e-01   1.3084298e-01  -1.6708613e-01  -6.1688258e-04  -3.1074357e-03   3.2246553e-03
   1.0314968e-01  -3.6996723e-02  -1.1965613e-01  -1.1218674e-03  -4.1317613e-03   3.0903725e-03
   9.1083783e-02  -1.5295856e-01  -3.1762699e-01  -8.3908937e-04  -4.1107853e-03   2.8800552e-03
   7.8313256e-02   4.7010342e-02  -7.7685592e-02  -4.5170775e-04  -4.1621612e-03   2.6217063e-03
   9.3654042e-02  -5.9538920e-02  -2.4420971e-01  -1.8376345e-03  -3.9580167e-03   3.1575497e-03
   9.2786842e-02  -4.3330775e-02  -1.3454940e-01  -1.4259824e-03  -4.1090639e-03   3.0257790e-03
   9.3891878e-02  -5.0439357e-02  -2.9042209e-01  -2.1275300e-03  -3.5494135e-03   3.3098378e-03
   8.8935894e-02  -4.7559215e-02  -1.3370633e-01  -2.4862610e-03  -3.9597752e-03   2.9824452e-03
   9.8058958e-02  -6.9987067e-02  -2.1709256e-01  -2.5674872e-03  -3.5400317e-03   3.2122984e-03
   8.8134593e-02  -1.2675679e-01  -2.5515090e-01  -2.0013169e-03  -3.9068040e-03   2.9994602e-03
   8.2211464e-02  -9.0101954e-02  -8.5706985e-02  -1.1210066e-03  -4.2881937e-03   2.8036151e-03
   8.2366643e-02  -1.8205114e-01  -2.9729916e-01  -2.0433981e-03  -3.7599915e-03   3.0565909e-03
   6.9690651e-02   6.9833372e-02  -1.1644126e-01  -5.7785655e-04  -3.5622181e-03   2.6251318e-03
   7.9962953e-02  -5.8668970e-02  -2.5978187e-01  -2.0484685e-03  -3.2498093e-03   2.7603040e-03
   1.0656389e-01   5.7134163e-02  -1.2450251e-01  -1.7837957e-03  -3.7958287e-03   3.4270162e-03
   1.0523690e-01  -8.4549743e-02  -2.9097841e-01  -1.8677932e-03  -3.6075484e-03   3.8240695e-03
   9.7521631e-02  -7.6064086e-02  -1.9347707e-01  -1.8468531e-03  -3.7737142e-03   3.2561152e-03
   9.9993579e-02  -3.7621107e-02  -2.1889578e-01  -1.5406295e-03  -4.0285500e-03   3.6530723e-03
   9.0668415e-02  -1.2717159e-01  -3.1030059e-01  -9.9683785e-04  -4.1486065e-03   3.3937665e-03
   9.3993185e-02   5.8397226e-02  -1.3764672e-01  -2.9294146e-03  -3.8511858e-03   3.6532710e-03
   9.7128117e-02  -9.2249551e-02  -3.5752489e-01  -3.1236969e-03  -3.9357681e-03   3.9237055e-03
   9.9527155e-02  -3.9028306e-03  -1.2462075e-01  -1.6853296e-03  -3.9431585e-03   3.4166421e-03
   9.7402555e-02  -8.6745700e-02  -3.6670335e-01  -2.1651671e-03  -4.1174235e-03   3.6545555e-03
   9.1847844e-02  -3.4810531e-02  -2.0670613e-01  -2.6405250e-03  -4.0663996e-03   3.1566871e-03
   9.9731843e-02  -5.9307310e-02  -2.9403996e-01  -2.3409596e-03  -3.5981726e-03   3.4307349e-03
   9.8366219e-02  -9.0572299e-02  -2.6445689e-01  -3.1312438e-03  -4.2082661e-03   3.4037304e-03
   9.6381755e-02  -8.3548496e-02  -1.9980328e-01  -3.4622477e-03  -4.4228885e-03   3.5302376e-03
   8.6587481e-02  -2.1528856e-01  -4.1560071e-01  -8.0760122e-04  -4.5504020e-03   2.9924192e-03
   6.1808788e-02   1.9291766e-01  -2.9580174e-01  -1.9290255e-03  -4.5966813e-03   2.7073032e-03
   8.3582888e-02   6.0298685e-02  -1.8003055e-01  -2.7184961e-03  -4.1995406e-03   2.9362374e-03
   9.9419293e-02  -2.9793753e-02  -2.5446350e-01  -3.2735966e-03  -4.0880244e-03   3.3683221e-03
   8.9465841e-02  -1.8031322e-01  -2.4768110e-01  -4.2017054e-03  -4.4510721e-03   3.1272654e-03
   8.9392948e-02  -8.7431719e-02  -1.9510349e-01  -2.8385217e-03  -4.4222063e-03   3.4282421e-03
   7.5297374e-02  -3.0950073e-01  -3.6738416e-01   2.2234391e-03  -4.8953242e-03   2.5764137e-03
   7.5070449e-02   7.3151919e-02  -3.6892473e-01  -1.0414911e-03  -4.5257293e-03   3.0331249e-03
   9.6869519e-02   1.3427557e-01  -2.4763982e-01  -2.9193356e-03  -4.4588014e-03   3.5559798e-03
   9.7720215e-02  -3.6700836e-02  -3.3646359e-01  -2.5923071e-03  -4.5492978e-03   3.3205531e-03
   1.1691032e-01   3.3929373e-02  -3.0795919e-01  -1.9225286e-03  -4.1665358e-03   3.8247459e-03
   9.4556039e-02  -1.6472368e-01  -3.2260512e-01  -1.3063835e-03  -4.5697822e-03   3.0738434e-03
   1.2776727e-01   1.3776804e-03  -3.6648483e-01  -1.7653588e-03  -4.0762880e-03   4.2984419e-03
   9.5831539e-02  -1.7116153e-01  -2.6755471e-01  -1.2684499e-03  -4.7961964e-03   3.2892146e-03
   9.7365050e-02  -2.1485770e-01  -2.6120017e-01  -3.5827802e-03  -5.1140746e-03   3.8218218e-03
   7.2213863e-02  -3.2140292e-01  -4.0271241e-01  -4.3994373e-03  -5.2365389e-03   3.5372582e-03
   8.9093741e-02   7.2964998e-02  -4.2271902e-01  -1.5545978e-03  -4.2299632e-03   3.1597119e-03
   1.1983409e-01   7.7057130e-02  -3.8158316e-01  -1.1378283e-03  -4.3076528e-03   4.0628497e-03
   1.0451169e-01   1.1157739e-02  -2.3230592e-01  -3.9899433e-04  -4.2030377e-03   3.1931224e-03
   1.0677393e-01  -7.7293787e-02  -3.9451415e-01  -2.1587449e-03  -4.2994662e-03   3.8578791e-03
   1.0096804e-01  -4.3429656e-02  -2.6703279e-01  -1.6580406e-03  -4.4775161e-03   3.4043260e-03
   1.2701356e-01  -2.6216950e-02  -3.7139087e-01  -3.0593385e-03  -4.0909179e-03   4.4024409e-03
   9.7980361e-02  -1.4640743e-01  -3.2608585e-01  -2.5301172e-03  -4.4787152e-03   3.6690823e-03
   1.1495523e-01  -8.9380890e-02  -3.2075510e-01  -3.3390719e-03  -4.3095450e-03   4.2859323e-03
   1.0571273e-01  -1.6547584e-01  -3.9139636e-01  -3.1662629e-03  -4.4031906e-03   3.8672406e-03
   1.0926315e-01  -4.1260886e-02  -2.4992764e-01  -3.0583163e-03  -4.4520876e-03   4.0286025e-03
   8.2892931e-02  -1.6368802e-01  -4.0387415e-01  -2.0669534e-03  -4.5393988e-03   3.5517091e-03
   1.0338881e-01   7.0849480e-02  -3.5574126e-01  -1.5239838e-03  -4.5930131e-03   3.9182270e-03
   1.0210117e-01  -7.5638985e-02  -3.2317013e-01  -2.4900396e-03  -4.8337507e-03   3.9249505e-03
   1.0510600e-01  -5.7628430e-02  -2.9632043e-01  -2.6639710e-03  -5.0063430e-03   4.2085478e-03
   9.5372595e-02  -1.2147883e-01  -4.4181086e-01  -2.0113424e-03  -5.1570477e-03   3.8419692e-03
   1.0673809e-01   1.6932405e-02  -1.8982245e-01  -2.9703192e-03  -4.4264700e-03   3.6723698e-03
   9.2065792e-02  -1.1997679e-01  -4.1511805e-01  -2.8644712e-03  -4.3980558e-03   3.5591020e-03
   9.1604638e-02   3.1941136e-02  -2.3670241e-01  -2.0201587e-03  -4.7094480e-03   3.5280870e-03
   9.0459708e-02  -1.0538766e-01  -4.3721231e-01  -2.4996148e-03  -4.6577479e-03   3.5663974e-03
   8.4784818e-02  -6.0286813e-02  -3.1045099e-01  -1.9998237e-03  -5.0258312e-03   3.4284196e-03
   9.4945074e-02  -6.9536414e-02  -4.4837631e-01  -1.9430328e-03  -4.8252832e-03   3.5408113e-03
   7.3604899e-02  -7.7803638e-02  -2.7719303e-01  -1.2278417e-03  -5.3965912e-03   3.2879346e-03
   8.6155739e-02  -4.1994050e-02  -3.3580132e-01  -2.5529549e-03  -5.0935547e-03   3.6316302e-03
   7.7213551e-02  -1.9911693e-01  -2.7866691e-01  -2.0228948e-03  -5.6685655e-03   3.4211240e-03
   7.1559549e-02  -2.0205007e-01  -5.2425843e-01   1.5944241e-03  -4.9788677e-03   2.8145149e-03
   4.7738220e-02   2.6684570e-01  -3.0152612e-01  -9.9897166e-04  -5.4993981e-03   2.6940650e-03
   8.7469024e-02   3.7229545e-02  -1.9317057e-01  -1.9218311e-03  -5.0860496e-03   3.1264566e-03
   8.1563340e-02  -1.5454276e-01  -4.1336281e-01  -9.6969506e-04  -5.2200126e-03   2.9227508e-03
   9.9465217e-02   1.8658206e-01  -2.1154819e-01  -1.2108390e-03  -4.9049081e-03   3.4485180e-03
   1.0009959e-01  -1.7345145e-01  -3.6619859e-01  -1.6072318e-03  -5.1988369e-03   3.4882781e-03
   1.1458635e-01   9.0075061e-02  -3.6193656e-01  -2.4752375e-03  -4.8270778e-03   4.0358124e-03
   1.0483009e-01  -1.1473968e-01  -2.4137735e-01  -1.4232550e-03  -5.6148755e-03   3.5953475e-03
   9.1765316e-02  -1.8559029e-01  -4.4009216e-01  -2.7647739e-03  -5.5244576e-03   3.5122469e-03
   7.2116203e-02  -3.1526479e-02  -2.6043084e-01  -3.0461493e-03  -5.4115555e-03   2.9018616e-03
   7.6685169e-02  -6.6183224e-02  -3.4753944e-01  -3.5650893e-03  -5.2689221e-03   3.2392829e-03
   6.5405192e-02  -1.1821667e-01  -4.0305633e-01  -2.3614124e-03  -5.3591922e-03   2.7719037e-03
   7.5252433e-02   4.8770035e-02  -3.8020739e-01  -2.0728869e-03  -5.1392044e-03   3.4461992e-03
   6.8853837e-02  -7.9272907e-02  -1.4407630e-01  -1.6484046e-03  -5.6047024e-03   3.1124428e-03
   6.8451535e-02  -7.3188124e-02  -1.3342887e-01  -1.9757675e-03  -5.1405554e-03   3.2411568e-03
   4.1292767e-02  -2.6524233e-01  -1.7240097e-01  -5.3314762e-04  -5.8669995e-03   2.5894795e-03
   6.0766342e-02   2.5077444e-02  -1.8233462e-01  -2.4841998e-03  -5.2144765e-03   3.0900035e-03
   8.0458819e-02   5.9957130e-02  -5.6403387e-02  -2.7365229e-03  -4.9048180e-03   2.9892884e-03
   5.8724971e-02  -1.8275275e-01  -2.6839624e-01  -2.8524036e-03  -5.3140920e-03   2.7133842e-03
   7.0523773e-02   4.0044464e-02  -1.4124698e-01  -2.8441676e-03  -4.9607069e-03   3.1216561e-03
   6.2716178e-02  -2.3831147e-01  -1.4009262e-01  -1.9234039e-03  -5.4674683e-03   2.4014395e-03
   5.5899047e-02  -1.1805179e-01  -3.1110797e-01  -6.6208135e-04  -5.2779222e-03   2.5339248e-03
   6.5884508e-02   1.7993712e-01  -8.0660724e-02  -2.5923445e-03  -5.6302487e-03   3.1442500e-03
   6.3653875e-02  -1.0333475e-01  -2.4798886e-01  -3.2478886e-03  -5.6041208e-03   2.8875551e-03
   6.0028912e-02   1.4188517e-02  -5.9964815e-02  -2.6917993e-03  -5.2824513e-03   2.4063144e-03
   5.5439819e-02  -1.3859060e-01  -3.2230600e-01  -8.0156905e-04  -5.0037716e-03   2.4849464e-03
   7.4087057e-02   1.1189498e-01  -2.8577865e-01  -2.0272190e-03  -5.2252409e-03   3.1730656e-03
   5.3067992e-02   5.2895994e-03  -1.7197342e-01  -1.3715304e-03  -5.8627775e-03   2.6180732e-03
   5.2423262e-02  -6.8611348e-02  -2.1449718e-01  -1.5775616e-03  -5.5309814e-03   2.5243839e-03
   2.8489547e-02  -1.7195523e-01  -3.0182185e-01  -1.6506756e-03  -5.9019848e-03   1.9826776e-03
   5.1784124e-02   1.0478668e-01  -1.4822929e-01  -1.8644920e-03  -5.1728204e-03   2.5761481e-03
   2.8902907e-02  -1.4970837e-01  -1.8286075e-01  -2.3740025e-03  -5.5653778e-03   1.9802126e-03
   4.7132780e-02  -2.2477084e-02  -2.3774267e-01  -2.8095340e-03  -5.1282296e-03   2.7499825e-03
   3.1277857e-02  -5.3318154e-02  -1.4727624e-01  -3.0774855e-04  -5.8382000e-03   2.2424861e-03
   4.4889766e-02  -2.9441118e-02  -3.9527229e-01   1.8562648e-04  -5.3407827e-03   2.7148062e-03
   3.0755219e-02  -6.4598498e-03  -1.8303543e-01  -8.5761997e-06  -5.9867884e-03   2.1478287e-03
   3.8010602e-02  -6.6992271e-02  -2.7121863e-01  -8.3952775e-04  -5.5819881e-03   2.5458595e-03
   3.5978109e-02  -5.8776151e-02  -2.1795377e-01  -8.1544421e-04  -5.5767116e-03   2.1303822e-03
   2.7274810e-02  -6.3939962e-02  -2.1667786e-01  -1.1380648e-03  -5.6377142e-03   2.5887941e-03
   4.5814077e-02   8.3162819e-04  -2.9738261e-01  -1.2384487e-04  -5.3379211e-03   3.1042393e-03
   3.5101653e-02  -6.0794243e-02  -1.6885035e-01  -6.2747815e-04  -5.9462477e-03   2.5854591e-03
   4.2094872e-02  -1.5170041e-04  -1.9661865e-01  -3.9516730e-04  -5.5720176e-03   2.7875097e-03
   3.0179277e-02  -2.3184445e-02  -2.1332148e-01   2.2874770e-04  -5.8731895e-03   2.3958440e-03
   5.3208054e-02   4.2876227e-02  -2.0140245e-01  -4.6795205e-04  -5.3907317e-03   3.0523403e-03
   4.1845354e-02  -6.8358939e-02  -2.9311018e-01  -1.3328186e-05  -5.5833666e-03   2.7595899e-03
   7.1253927e-02   1.3954767e-01  -2.1208222e-01  -1.3976393e-03  -5.0331418e-03   3.8507254e-03
   4.9098958e-02  -1.0272936e-01  -2.2122751e-01   7.7421846e-04  -5.9829913e-03   3.0912169e-03
   4.7131098e-02  -2.8369639e-02  -1.8280191e-01  -2.3661443e-04  -5.9339251e-03   3.2345885e-03
   2.2892044e-02  -9.0925766e-02  -2.6595652e-01   4.0009664e-04  -6.1309576e-03   2.5814238e-03
   3.6739497e-02   1.5832591e-01  -9.2649347e-02  -8.1882052e-04  -5.6230830e-03   3.1608150e-03
   4.6160807e-02  -9.7529500e-03  -2.7411776e-01   5.0628567e-06  -5.6710662e-03   3.0867156e-03
   7.7404769e-02   1.1140352e-01  -2.1260658e-01  -1.3220912e-03  -5.2811246e-03   3.0493126e-03
   8.7033170e-02  -6.9301092e-02  -4.2374155e-01  -8.4331037e-04  -5.5156034e-03   3.4224889e-03
   5.6535518e-02  -2.9520381e-02  -1.9692557e-01   1.2685751e-04  -5.6099542e-03   2.7217871e-03
   6.9288865e-02  -1.0504144e-01  -3.1995090e-01   3.9087300e-04  -5.7112935e-03   3.0501502e-03
   4.9372363e-02  -4.6848921e-02  -2.2781692e-01   1.6861807e-04  -5.4999709e-03   2.6530811e-03
   7.2142338e-02   2.3912820e-02  -2.7493792e-01  -1.7806133e-03  -5.4546210e-03   3.3823872e-03
   5.7339065e-02   4.2020314e-03  -2.2475224e-01  -1.1131701e-03  -5.8070739e-03   2.7284272e-03
   7.1787372e-02  -2.2874906e-03  -1.2778218e-01  -1.1294273e-04  -5.6916451e-03   2.9911862e-03
   6.1507280e-02  -1.6242883e-01  -3.2315397e-01   9.9704461e-04  -5.8965304e-03   2.8580912e-03
   7.4323078e-02   2.2146307e-01  -1.1371217e-01  -2.3447879e-04  -5.1606752e-03   3.2546725e-03
   7.0965608e-02  -2.8481551e-02  -2.3868096e-01   1.5933402e-03  -5.3450249e-03   3.1077355e-03
   7.3946885e-02   1.2191006e-02  -1.9852953e-01   7.4849962e-04  -5.4503262e-03   3.3556674e-03
   7.6002100e-02  -8.8169573e-03  -3.0259721e-01   1.0304503e-03  -5.3960639e-03   3.4455212e-03
   5.5873924e-02  -1.6546087e-02  -1.1328430e-01   1.7806423e-03  -5.7133021e-03   2.8678012e-03
   6.8137322e-02  -2.5465831e-02  -3.4776639e-01   8.3918367e-04  -5.0339921e-03   3.0273334e-03
   5.8989498e-02   6.4733085e-02  -1.3013835e-01   2.3111780e-04  -5.7464946e-03   2.8704423e-03
   6.5671771e-02   2.2020722e-02  -2.3351855e-01   2.8838693e-04  -5.4309036e-03   3.0667779e-03
   5.3685099e-02   1.9415589e-02  -1.9658521e-01   1.7212567e-03  -5.2673183e-03   2.4303410e-03
   7.6987997e-02   3.3539437e-02  -3.1259609e-01  -6.4039628e-04  -4.5836129e-03   2.8699737e-03
   7.3549356e-02   2.1067014e-02  -1.5662513e-01  -4.2264326e-04  -5.5913518e-03   2.9598350e-03
   5.9143907e-02  -1.5174802e-01  -3.1108971e-01  -9.1808554e-05  -5.5479475e-03   2.5921840e-03
   5.5395666e-02   5.5569782e-02  -9.8482282e-02  -8.9774826e-04  -5.3588905e-03   2.3516180e-03
   6.7552224e-02  -1.7851032e-01  -3.1919183e-01  -1.1384770e-03  -5.3207292e-03   2.3962550e-03
   7.7028895e-02   1.2632534e-01  -2.2658226e-01  -7.2341153e-05  -5.1466979e-03   2.8134861e-03
   5.6632020e-02  -5.3934073e-02  -2.7375647e-01  -5.3781761e-04  -5.4698307e-03   1.9975534e-03
   7.0890208e-02   7.4146381e-02  -1.8645444e-01  -7.6947351e-04  -5.0663493e-03   2.5579262e-03
   4.6507681e-02  -1.4928286e-01  -3.4729560e-01   1.3049745e-04  -5.2264523e-03   1.8400488e-03
   4.5252085e-02   6.5248490e-02  -1.2592814e-01  -1.6081650e-03  -4.9174903e-03   1.9993021e-03
   6.5645957e-02  -7.8581717e-02  -3.0479061e-01  -1.0216314e-03  -5.0255017e-03   2.4437560e-03
   6.2094670e-02   6.1331550e-02  -2.1901221e-01  -5.1610476e-04  -4.7187260e-03   2.3946935e-03
   4.6866875e-02  -1.1281551e-01  -3.1229207e-01   5.3139789e-04  -5.4417387e-03   1.9819169e-03
   4.6721165e-02  -5.1411883e-03  -2.8465014e-02   1.2634556e-03  -5.7760661e-03   2.2724097e-03
   2.7123039e-02  -2.4515808e-01  -3.5290615e-01   5.0490651e-03  -4.2498272e-03   9.0207458e-04
   5.2254606e-02   3.9418694e-01  -2.1894909e-02   2.1606918e-03  -3.6063629e-03   2.3058451e-03
   6.9157196e-02   1.4596990e-01  -2.2117648e-01   1.1648529e-03  -4.1288681e-03   2.5067034e-03
   7.9270276e-02   4.9473158e-02  -2.1859517e-01   1.2996084e-03  -4.7404466e-03   2.0936449e-03
   7.3842634e-02   2.5483150e-03  -3.3831382e-01   1.4175415e-03  -4.6940373e-03   2.4401988e-03
   8.0818873e-02   1.0628900e-01  -1.8493130e-01   1.1459183e-04  -4.2636555e-03   2.6674215e-03
   6.3005804e-02  -6.1262648e-02  -4.0957239e-01  -2.1296094e-05  -4.5267225e-03   2.7293202e-03
   6.0693229e-02   1.9980122e-01  -1.3214706e-01  -5.1069139e-05  -4.2464561e-03   2.5883532e-03
   6.7722644e-02  -4.7485674e-02  -3.9093450e-01  -5.1550877e-04  -4.3685027e-03   2.6196793e-03
   7.1814281e-02  -4.2028971e-02  -2.5267362e-01  -3.4518953e-05  -4.4328573e-03   2.4896568e-03
   6.9450285e-02  -5.6056549e-02  -4.6085263e-01   7.9312110e-04  -4.0668230e-03   2.3971263e-03
   7.1743529e-02   1.1767240e-01  -2.3953042e-01   1.8388197e-04  -4.7553399e-03   2.8685380e-03
   6.7990851e-02   3.8352536e-03  -3.8982180e-01  -8.6199944e-05  -4.7590377e-03   2.8877692e-03
   5.8091054e-02  -4.8294617e-02  -2.2332225e-01  -8.7793389e-04  -4.7746010e-03   2.4484142e-03
   7.1054269e-02  -4.7429562e-02  -4.7769260e-01   3.4519861e-03  -3.9358124e-03   1.9489134e-03
   9.7748408e-02   1.1152471e-01  -3.7774454e-01   1.5516133e-03  -4.6838862e-03   3.1292396e-03
   7.3505376e-02  -1.3128763e-02  -2.8819297e-01   1.8346092e-03  -5.0773788e-03   2.5483974e-03
   8.7424090e-02   5.5655418e-02  -2.7658425e-01   1.0869176e-03  -4.8075247e-03   3.0616232e-03
   7.1680150e-02  -8.0871974e-02  -3.4719557e-01   1.5210743e-03  -5.1229270e-03   2.4059833e-03
   7.6432763e-02   6.5687424e-02  -2.2937643e-01   4.2771887e-04  -4.9229133e-03   2.8968963e-03
   6.3747056e-02  -9.4062539e-02  -4.0805406e-01   7.9153436e-04  -4.8777920e-03   2.6476608e-03
   6.1647164e-02   7.4294168e-02  -2.1440228e-01   4.4277121e-04  -4.9310523e-03   2.7756260e-03
   5.8417168e-02  -7.8032994e-02  -4.8394209e-01   1.1331122e-04  -5.0039894e-03   2.9073048e-03
   4.8414818e-02   1.2358133e-01  -2.2884496e-01   1.9598473e-03  -5.0148943e-03   2.5550009e-03
   5.9140113e-02  -1.1366253e-02  -4.1796871e-01   1.0926618e-03  -4.6856655e-03   2.8985472e-03
   8.0794215e-02   1.4681369e-01  -3.8081166e-01   8.0918810e-04  -4.6351009e-03   3.1732744e-03
   5.5052305e-02  -4.9391423e-02  -3.9650513e-01   1.2503674e-03  -5.3285703e-03   2.6500098e-03
   5.9416103e-02   3.8930692e-02  -2.8833038e-01   1.3617987e-03  -5.4118294e-03   2.8740198e-03
   4.3829564e-02  -3.9007602e-02  -4.6078103e-01   1.6454778e-03  -5.2101299e-03   2.5237238e-03
   6.8466519e-02   2.0492786e-01  -3.9745450e-01  -1.5351665e-04  -4.4550274e-03   3.1316381e-03
   4.8441402e-02  -5.2760447e-02  -2.9179554e-01   1.4990434e-03  -5.9133467e-03   2.8849281e-03
   4.5672393e-02  -4.8578143e-02  -3.8965706e-01   4.8915960e-04  -5.4331739e-03   2.6945817e-03
   4.0155556e-02  -1.5815989e-02  -3.6087740e-01   2.1864023e-03  -5.6029205e-03   2.1060938e-03
   5.6120009e-02   1.5736760e-01  -3.6591245e-01   6.3382306e-04  -4.8592365e-03   2.9673751e-03
   4.6050425e-02  -3.6853743e-02  -3.2486754e-01   1.3689683e-03  -4.9426509e-03   2.4278622e-03
   5.6599002e-02   6.7516748e-02  -4.0324652e-01   1.1924621e-03  -4.4253646e-03   2.8662593e-03
   6.0954481e-02   4.7762098e-02  -2.7179783e-01   1.2357745e-03  -5.3347882e-03   3.0113706e-03
