   0.0000000e+00   0.0000000e+00   0.0000000e+00   0.0000000e+00   0.0000000e+00   0.0000000e+00
  -1.4961349e-02  -1.1623900e-02   5.2803563e-02  -6.4749978e-04   1.0248758e-04  -2.2697477e-04
  -3.2739255e-03   7.0818694e-02  -4.3589657e-02  -1.2824248e-03  -9.8765267e-05   1.4929278e-04
  -1.9250124e-02  -3.5693387e-02   2.3764553e-02  -8.2962987e-04   6.9563687e-05  -8.9931033e-05
  -3.8049385e-03   1.8894883e-02  -4.5464834e-02  -5.9638938e-04  -1.3238413e-04  -1.7039120e-04
  -1.5785864e-02  -3.0545754e-02   2.1056507e-02  -1.2371552e-03  -3.2033921e-05  -2.8546453e-04
  -2.9386752e-03  -2.5954377e-02  -2.3230876e-02  -8.4311742e-04  -1.6691420e-04  -6.4848434e-05
  -9.4238151e-03  -1.0687240e-01  -1.1360539e-03  -4.7690352e-04  -3.9743787e-05  -3.6992322e-04
  -2.0753308e-03  -5.1268923e-02  -2.2619492e-02  -9.7698898e-04  -1.6521487e-04  -2.9992147e-04
   4.3526322e-03  -1.4572544e-01  -3.6392051e-02  -6.3532920e-04  -2.6012018e-04  -4.5229856e-04
   2.2321752e-03  -4.8214439e-02   1.8107264e-02  -6.6892693e-04  -2.6978729e-04  -3.2716295e-04
  -4.1469678e-03  -5.0922797e-02  -2.7345231e-02  -7.4825910e-04  -1.5444499e-04  -3.8351460e-04
   6.8004569e-03   3.5665551e-02  -1.6956690e-02  -9.8156904e-04  -3.0105520e-04  -3.0599671e-04
   1.6180108e-02  -1.1929828e-01  -9.5837229e-03  -3.2828717e-04  -3.6313550e-04  -3.0817274e-04
   1.0527190e-02  -4.4056519e-02   6.4152841e-03  -6.9104329e-04  -3.1255016e-04  -5.2793315e-04
   1.5506362e-02  -7.6974559e-02  -2.9180775e-02  -4.8617673e-04  -4.5145168e-04  -3.6862832e-04
   1.6392593e-02  -1.7851398e-02   9.9455295e-03  -8.4535609e-04  -4.7578440e-04  -2.4777165e-04
   1.8301810e-02  -1.0210728e-01  -2.4547984e-02  -3.3943907e-04  -4.3405067e-04  -3.9431954e-04
  -7.1463146e-03   5.9555590e-03   5.3724086e-05  -8.9961286e-04  -1.8479562e-04  -5.7520046e-04
   5.4367145e-03  -4.2911801e-02  -3.5709577e-02  -8.2713052e-04  -3.8866324e-04  -4.0538979e-04
  -2.3443611e-03  -6.6478249e-03   5.3617645e-02  -1.0658162e-03  -2.7514946e-04  -4.4719048e-04
   1.8548506e-02  -1.0954875e-01  -3.7187434e-02  -5.1771876e-04  -4.3326975e-04  -5.1206515e-04
  -3.1655108e-03  -3.7338374e-02   1.0268248e-02  -6.0050995e-04  -2.5882018e-04  -4.8502387e-04
   1.0813521e-02  -8.2151905e-02   3.4192146e-02  -1.1539187e-03  -4.0478057e-04  -6.1173700e-04
   1.5494561e-02  -1.0612809e-01  -5.4610127e-02  -2.8307377e-05  -5.0114220e-04  -7.3933917e-04
   1.1085460e-02   2.6865762e-03   4.1900620e-02  -1.1411337e-03  -4.5201778e-04  -6.6238391e-04
   1.6209767e-02  -8.9572463e-02  -7.3079137e-03  -4.2107741e-04  -4.7351192e-04  -4.7091144e-04
   1.3633529e-02  -7.4991945e-02   1.5430781e-02  -3.7276842e-04  -4.3600942e-04  -6.8521071e-04
   3.8752794e-02  -6.4153741e-02   6.9105604e-02  -7.3146972e-04  -7.8036086e-04  -6.1150217e-04
   3.8716719e-02  -1.3029062e-01   1.9914571e-02  -2.3885094e-04  -7.0078565e-04  -6.0232403e-04
   2.2936995e-02  -5.1786848e-02   1.6989227e-02  -5.7819866e-04  -6.0288896e-04  -6.4130686e-04
   1.4877862e-02  -1.1477277e-01   5.8282833e-02  -2.4614481e-04  -4.9683391e-04  -4.5824612e-04
   2.6286580e-02  -9.8158484e-02   9.3748818e-03  -2.5798509e-04  -6.1704591e-04  -5.4669041e-04
   2.3735982e-02   1.9958143e-02   6.7250069e-02  -8.5334434e-04  -6.6541966e-04  -5.9936859e-04
   3.1265222e-02  -6.0614609e-02   4.0928809e-02  -6.2820127e-04  -6.7007900e-04  -5.4312070e-04
   8.5009297e-03  -5.0855064e-02  -1.8670484e-03  -5.6486183e-04  -4.6875969e-04  -6.6021976e-04
   3.7969931e-02  -2.1688136e-02   6.0960803e-02  -8.2835434e-04  -8.6946840e-04  -5.1065547e-04
   2.3561192e-02  -1.4967300e-01   3.4600642e-02  -6.2046422e-04  -6.1384017e-04  -7.0996284e-04
   1.9879482e-02   1.3385249e-02  -1.1568835e-02  -6.9193300e-04  -6.4412798e-04  -7.4957118e-04
   3.0408994e-02  -3.1268694e-02   8.0480046e-02  -9.1277038e-04  -8.0063549e-04  -7.2299498e-04
   1.5085861e-02  -5.2872671e-02   2.0443582e-02  -4.3023728e-04  -5.8488893e-04  -6.2189937e-04
   1.5058396e-02  -2.9804672e-02   7.5582764e-03  -6.8609746e-04  -6.7042588e-04  -7.8662125e-04
   4.3955425e-03  -2.6925483e-02   7.6725600e-02  -7.9874723e-04  -5.5185709e-04  -7.0230602e-04
   2.8160034e-02  -6.4412141e-02   4.6858691e-02  -6.8738465e-04  -7.4250551e-04  -6.8168766e-04
   2.3434161e-02  -6.5373216e-02   6.9626022e-03  -7.4578321e-04  -7.4498554e-04  -7.6031577e-04
   2.5208304e-05   6.5310091e-03   1.1580214e-01  -9.8239929e-04  -5.0871451e-04  -7.5587943e-04
   2.9703622e-02  -1.1795059e-01   6.3651925e-02  -7.8918872e-04  -7.7008906e-04  -7.9513957e-04
   3.1886933e-02  -3.6812749e-02   1.6490021e-03  -5.5244280e-04  -8.4799724e-04  -7.1199597e-04
   9.5212442e-04   7.1250139e-03   1.2916689e-01  -9.4688893e-04  -5.2851116e-04  -7.8531038e-04
   2.4824525e-02  -7.3334893e-02   4.7522875e-02  -6.0002308e-04  -7.5229332e-04  -7.8205165e-04
   1.2188404e-02  -6.1823595e-02   1.0690179e-02  -7.1799342e-04  -6.2955003e-04  -8.0635720e-04
   1.2861046e-02   1.8148505e-03   8.4536072e-02  -1.2093066e-03  -6.6688259e-04  -8.6498455e-04
   2.2408990e-02  -1.1882522e-01  -4.0284465e-03  -3.7906881e-04  -6.9746905e-04  -8.5315346e-04
   1.3480445e-02  -1.3556383e-01   5.0551906e-02  -1.0523444e-03  -6.1639413e-04  -9.1053456e-04
   1.5815157e-02   1.0810406e-01   7.9419599e-02  -1.4559448e-03  -8.1150083e-04  -8.0526888e-04
   9.9498729e-03  -5.2356388e-02   1.0987180e-02  -3.1529432e-04  -7.1353992e-04  -7.2118473e-04
   4.3172342e-03  -4.3285992e-02   7.4402356e-02  -9.2154832e-04  -5.9773752e-04  -8.7191356e-04
  -3.8723778e-04  -5.5554399e-02   1.3426184e-01  -1.2186306e-03  -5.2385378e-04  -8.1256471e-04
   2.5925936e-02  -6.2242564e-02   2.5441351e-02  -5.5187018e-04  -8.0468879e-04  -8.4679682e-04
   1.2800256e-02  -3.7154966e-02   9.9883271e-02  -8.9655302e-04  -7.0883625e-04  -9.1770477e-04
   7.1586359e-03  -3.3228177e-02   6.9551669e-02  -8.9973171e-04  -6.3302954e-04  -7.5065007e-04
   1.2596804e-02  -4.5811637e-03   7.3458669e-03  -9.1495475e-04  -7.2229417e-04  -9.2605917e-04
   2.5660671e-02   9.9725748e-02   7.6280516e-02  -1.3489375e-03  -9.0762482e-04  -8.9180127e-04
   1.8025862e-02  -2.9716250e-02   9.4766340e-02  -1.0011603e-03  -7.1524112e-04  -9.0527038e-04
   1.9354371e-02  -4.0790386e-02   7.9021612e-03  -9.3382074e-04  -7.8013840e-04  -8.7688106e-04
   3.4097017e-03  -1.3115660e-02   1.4178434e-01  -9.6289014e-04  -6.5098533e-04  -8.9147820e-04
   2.9808595e-02  -1.0464246e-01  -7.1892716e-02   5.2614020e-04  -1.0533366e-03  -9.9242072e-04
   1.4718153e-02  -3.7034203e-02   2.4373226e-02  -8.2725417e-04  -8.1724555e-04  -8.7141585e-04
   2.7179640e-02  -1.9257359e-02  -2.1763181e-02  -7.3519826e-04  -9.0294317e-04  -8.9053894e-04
   3.9257876e-02  -8.7602620e-03   8.7636107e-02  -1.0143532e-03  -1.0847448e-03  -7.9939259e-04
   3.4841896e-02   6.3654748e-03   3.7506816e-02  -5.9513229e-04  -9.9348009e-04  -8.5139193e-04
   3.8502887e-02  -1.3229486e-02   3.6362681e-03  -6.3134743e-04  -1.0153641e-03  -8.7776209e-04
   3.2932045e-02   2.7708507e-02   6.1145625e-02  -1.1445121e-03  -9.3442103e-04  -7.0486197e-04
   4.8914425e-02  -1.3540818e-01  -1.7408078e-02  -3.2717391e-04  -1.0815941e-03  -8.2155670e-04
   2.2508345e-02  -2.0407213e-02   7.0364085e-02  -1.2533228e-03  -8.1503096e-04  -9.9130765e-04
   3.8225583e-02  -9.4519428e-03  -2.8666701e-02  -7.3536877e-04  -1.0381024e-03  -7.3819543e-04
   3.5556109e-02  -3.7128953e-02   8.3283875e-02  -8.8215276e-04  -9.6027877e-04  -9.2166522e-04
   3.2186728e-02  -2.9277354e-02  -9.5484465e-03  -1.0675278e-03  -9.6682011e-04  -7.9100440e-04
   5.0639642e-02  -5.8036007e-02   1.5498275e-02  -9.4373427e-04  -1.1770469e-03  -8.8413887e-04
   3.4687408e-02  -5.0066570e-02   7.7758853e-02  -9.1595599e-04  -9.4114689e-04  -8.6233236e-04
   3.9759829e-02  -6.2491932e-02  -2.4450661e-02  -6.9010735e-04  -9.8506211e-04  -7.2529091e-04
   4.4365162e-02  -8.4768367e-03   8.6378708e-02  -1.0890470e-03  -1.0573479e-03  -8.0546457e-04
   3.6169460e-02  -1.0366748e-02   5.2481261e-02  -8.6449593e-04  -9.7352725e-04  -8.5728422e-04
   5.9559290e-02  -8.8055157e-02   2.9502395e-03  -8.1594412e-04  -1.2288028e-03  -7.7059471e-04
   3.0471957e-02  -4.0357417e-02   9.7921919e-02  -1.1360600e-03  -9.4618400e-04  -7.7190906e-04
   3.8867182e-02  -6.3452696e-02   8.0847647e-02  -1.3892525e-03  -1.0224135e-03  -8.7526866e-04
   4.8758773e-02  -6.8043222e-03   8.3848950e-02  -1.3302672e-03  -1.2114392e-03  -9.0998786e-04
   3.0611007e-02  -1.9338207e-02   1.4725160e-01  -1.1374034e-03  -1.0272729e-03  -9.5586165e-04
   4.4324349e-02   3.4974474e-02   1.4765493e-01  -1.8452337e-03  -1.1608147e-03  -9.1010611e-04
   5.2936630e-02  -8.6468053e-02   1.0084515e-01  -7.9377402e-04  -1.1480686e-03  -9.6388410e-04
   4.1582300e-02  -2.7008419e-02   1.5518470e-01  -1.1368761e-03  -1.0386399e-03  -9.8110274e-04
   4.9669485e-02   2.6262426e-02   1.4551560e-01  -1.4252916e-03  -1.1542770e-03  -7.8019925e-04
   5.7255607e-02  -1.2297909e-02   7.9681655e-02  -5.4977901e-04  -1.2974352e-03  -8.4919678e-04
   4.2152008e-02   5.7433714e-02   1.4750315e-01  -1.7083712e-03  -1.2186165e-03  -9.8532007e-04
   4.2001625e-02   5.6528239e-04   9.2573920e-02  -1.4237018e-03  -1.2036858e-03  -8.1959899e-04
   4.2950875e-02  -5.3682618e-03   9.8594551e-02  -1.4144391e-03  -1.1600073e-03  -1.0560111e-03
   5.6683483e-02   1.4391341e-01   1.4400618e-01  -2.2727454e-03  -1.3641990e-03  -1.0470717e-03
   6.5781275e-02  -7.9459791e-02   5.8975943e-02  -1.0576672e-03  -1.3902569e-03  -7.8533080e-04
   4.1758436e-02   1.9263060e-02   1.6286065e-01  -1.7966061e-03  -1.2026899e-03  -9.3820034e-04
   5.1017312e-02   4.6280975e-02   1.1366221e-01  -2.1290380e-03  -1.3649082e-03  -8.8992251e-04
   5.0848104e-02  -1.9070828e-02   1.0627811e-01  -1.4997371e-03  -1.2863280e-03  -9.1591019e-04
   4.8674961e-02   9.1381732e-02   1.7378218e-01  -2.7362444e-03  -1.2306797e-03  -9.3392747e-04
   5.1484896e-02   4.5770168e-02   1.2006016e-01  -2.3047438e-03  -1.2820402e-03  -7.6751087e-04
   5.4392176e-02   4.3766024e-02   1.4752961e-01  -2.0175170e-03  -1.3135776e-03  -1.0521801e-03
   5.6738579e-02   1.3919235e-01   1.7205609e-01  -3.0787287e-03  -1.3688531e-03  -9.8275747e-04
   5.3960385e-02   3.5052606e-03   1.3185993e-01  -2.1326576e-03  -1.3213031e-03  -7.8175017e-04
   5.9874260e-02   3.2616112e-02   1.6649436e-01  -2.3327061e-03  -1.4393555e-03  -1.1120280e-03
   7.3027737e-02   1.3854979e-01   1.9162661e-01  -3.1318624e-03  -1.5812291e-03  -9.2177100e-04
   6.9320285e-02  -9.2935759e-02   1.4127248e-01  -1.7194288e-03  -1.4702045e-03  -8.2283403e-04
   7.3233365e-02   1.4745668e-02   2.4739209e-01  -2.6864577e-03  -1.4762377e-03  -9.2628142e-04
   7.2358391e-02   9.4325182e-02   1.8526658e-01  -2.7549358e-03  -1.6061817e-03  -9.5259806e-04
   4.7302969e-02   3.6142647e-02   1.9061679e-01  -1.8030657e-03  -1.3505049e-03  -1.0646970e-03
   6.2008565e-02   1.4187704e-01   2.4316349e-01  -2.7532673e-03  -1.5697085e-03  -1.0714513e-03
   7.2186110e-02   4.2725334e-02   2.2318885e-01  -2.5895777e-03  -1.6600329e-03  -8.4301052e-04
   7.0954884e-02   2.3931435e-04   2.4816954e-01  -2.3810432e-03  -1.5910001e-03  -1.1058541e-03
   8.6426799e-02   1.6301214e-01   2.7117895e-01  -3.6429883e-03  -1.8187815e-03  -1.0402970e-03
   8.0469547e-02   2.5489580e-02   2.3773902e-01  -2.7720820e-03  -1.7072447e-03  -8.6778553e-04
   6.9028994e-02   5.1388751e-02   2.5019218e-01  -2.9730189e-03  -1.6234129e-03  -1.1081692e-03
   8.3752606e-02   1.5834737e-01   2.7461996e-01  -3.4793224e-03  -1.8755216e-03  -9.8278521e-04
   9.4327931e-02   5.9165776e-02   1.8455766e-01  -2.6919118e-03  -1.8918819e-03  -9.4197797e-04
   8.2718267e-02   7.9490388e-02   2.2490273e-01  -3.0252975e-03  -1.7908849e-03  -1.0417522e-03
   7.8777189e-02   8.6579569e-02   2.5289752e-01  -2.8843313e-03  -1.7851968e-03  -6.9983371e-04
   7.3870726e-02   2.8172149e-02   1.8244220e-01  -2.4064857e-03  -1.7289912e-03  -1.0806822e-03
   8.2375515e-02   1.0479706e-01   2.5619106e-01  -3.3598851e-03  -1.8570835e-03  -1.0872531e-03
   8.2538702e-02   1.0604334e-01   2.3218291e-01  -3.4541679e-03  -1.9085357e-03  -6.5267790e-04
   7.1855943e-02   8.1050967e-02   2.5696567e-01  -3.0621916e-03  -1.7729251e-03  -1.0161726e-03
   8.1005144e-02   2.1626086e-01   2.6782363e-01  -4.4237189e-03  -1.8626910e-03  -8.0130482e-04
   7.7685359e-02   1.2414096e-01   2.1551324e-01  -3.2792214e-03  -1.8336369e-03  -6.4179383e-04
   6.2340006e-02   1.2672975e-01   3.2316414e-01  -3.3861510e-03  -1.7406072e-03  -9.9619077e-04
   6.6487622e-02   1.8445524e-01   2.1927148e-01  -3.4196746e-03  -1.8476978e-03  -9.0682466e-04
   5.4916937e-02   6.6242727e-02   2.9317336e-01  -3.5784706e-03  -1.6644064e-03  -7.6272806e-04
   8.3143693e-02   9.7796150e-02   2.6122434e-01  -3.6876662e-03  -1.9389672e-03  -8.7876100e-04
   8.4061303e-02   1.2016418e-01   2.6807210e-01  -3.9648604e-03  -2.0096837e-03  -9.6186692e-04
   4.8862808e-02   1.7986144e-01   2.9236954e-01  -3.5852786e-03  -1.6586269e-03  -8.0304242e-04
   7.9934845e-02   7.0604247e-02   2.4156516e-01  -3.1256818e-03  -1.9785822e-03  -8.9582625e-04
   7.1620734e-02   1.5293433e-01   3.1176024e-01  -4.0120231e-03  -1.8923169e-03  -9.9704532e-04
   7.8460148e-02   7.1641729e-02   2.6321922e-01  -3.7398232e-03  -1.8888852e-03  -7.2993653e-04
   8.7616548e-02  -7.1457582e-03   2.7106448e-01  -3.0738757e-03  -1.9482785e-03  -9.7326512e-04
   9.4705772e-02   1.8781484e-01   2.6730028e-01  -4.0565318e-03  -2.1220092e-03  -8.9315669e-04
   9.3128628e-02   1.0525418e-01   2.3115618e-01  -3.2612468e-03  -2.1345655e-03  -7.5659730e-04
   8.1970948e-02   1.9481858e-01   3.3261068e-01  -3.8576018e-03  -2.0363794e-03  -1.0064274e-03
   9.5077280e-02   1.9559628e-01   2.5026096e-01  -4.6323574e-03  -2.1005645e-03  -8.3442260e-04
   1.0230400e-01   1.3670966e-01   2.7909760e-01  -4.2772093e-03  -2.1903107e-03  -5.0663596e-04
   8.2814624e-02   2.0148753e-01   3.3345895e-01  -4.3954148e-03  -2.0302865e-03  -1.0045890e-03
   9.6461582e-02   2.2298962e-01   2.3742233e-01  -4.6706227e-03  -2.2386202e-03  -8.1324119e-04
   7.4166444e-02   1.4316526e-01   2.8139615e-01  -4.1013156e-03  -2.0219314e-03  -9.4677685e-04
   7.9663690e-02   1.9759335e-01   3.1524840e-01  -4.2297877e-03  -2.0317172e-03  -9.1524231e-04
   8.1638840e-02   1.6274313e-01   2.4065840e-01  -4.0318150e-03  -2.0836469e-03  -8.6431555e-04
   9.5757607e-02   1.9478335e-01   3.2310547e-01  -4.5329943e-03  -2.2591921e-03  -7.9935298e-04
   9.9762694e-02   9.6220219e-02   2.7044763e-01  -4.1115018e-03  -2.2137388e-03  -8.1182533e-04
   7.9989507e-02   1.6767518e-01   2.8847950e-01  -4.3128620e-03  -1.9994778e-03  -9.2293334e-04
   1.0012012e-01   2.3293264e-01   3.0849339e-01  -5.0433291e-03  -2.1917963e-03  -8.1232276e-04
   8.5425169e-02   1.5215214e-01   2.6503026e-01  -3.9702172e-03  -2.0517186e-03  -8.1186297e-04
   6.9893695e-02   1.7641939e-01   3.4734360e-01  -4.2853794e-03  -1.8474117e-03  -1.0550287e-03
   9.8185864e-02   2.5278888e-01   2.8759077e-01  -4.9785270e-03  -2.1728841e-03  -9.4633472e-04
   8.8447648e-02   1.0318962e-01   2.8645654e-01  -3.8815778e-03  -2.0872085e-03  -7.9405363e-04
   9.1258117e-02   1.7344458e-01   3.4979366e-01  -4.4565582e-03  -2.0563425e-03  -7.9822340e-04
   7.5799816e-02   2.3289981e-01   2.9033553e-01  -4.9355422e-03  -1.9252774e-03  -7.2766946e-04
   7.2295982e-02   1.3730120e-01   3.1323856e-01  -4.1695140e-03  -1.9235271e-03  -7.4673868e-04
   7.9625156e-02   1.8629924e-01   3.5215523e-01  -4.6228506e-03  -1.9089786e-03  -8.7094892e-04
   8.8087473e-02   2.1542914e-01   2.5460469e-01  -4.6980602e-03  -2.0417973e-03  -8.1810066e-04
   7.0269080e-02   1.3840651e-01   3.8072288e-01  -4.7071363e-03  -1.8611769e-03  -8.8782377e-04
   8.3333752e-02   2.2764833e-01   3.5016235e-01  -4.7020463e-03  -2.0273373e-03  -9.3022974e-04
   1.0582533e-01   1.7909193e-01   3.4402382e-01  -4.9731141e-03  -2.3383744e-03  -7.2972112e-04
   7.6081045e-02   3.0203350e-01   3.8961746e-01  -5.2910515e-03  -2.0205174e-03  -7.7312882e-04
   8.8078033e-02   2.2771713e-01   2.9220499e-01  -5.0920688e-03  -2.1494667e-03  -6.5458053e-04
   7.4726593e-02   2.3737791e-01   3.9216673e-01  -5.5637422e-03  -2.0111829e-03  -7.0231058e-04
   8.7471758e-02   2.1576501e-01   3.4648133e-01  -5.1480342e-03  -2.1176452e-03  -8.7512056e-04
   1.0398905e-01   1.6414768e-01   3.6766080e-01  -5.2865320e-03  -2.2954811e-03  -5.9745111e-04
   8.3023786e-02   2.5431635e-01   4.4013295e-01  -5.4779246e-03  -2.1007869e-03  -6.5402876e-04
   9.0876876e-02   1.9836356e-01   3.5905416e-01  -5.2857930e-03  -2.1520820e-03  -6.8168481e-04
   1.0715538e-01   2.2596809e-01   4.3668830e-01  -5.6838128e-03  -2.3428129e-03  -6.9680501e-04
   9.6219629e-02   1.8721237e-01   3.7729299e-01  -4.6391292e-03  -2.2156669e-03  -8.6776178e-04
   1.0784574e-01   1.7765537e-01   3.8674195e-01  -5.3806034e-03  -2.3601895e-03  -7.3212308e-04
   9.8838097e-02   2.8199040e-01   4.2061721e-01  -5.4214996e-03  -2.3046661e-03  -6.1263604e-04
   8.9576623e-02   2.3701198e-01   3.5818066e-01  -4.9062460e-03  -2.1836790e-03  -9.3187824e-04
   1.0002540e-01   3.4830040e-01   4.2128613e-01  -5.8408387e-03  -2.3919790e-03  -7.5065020e-04
   8.9932520e-02   1.5874288e-01   2.8234515e-01  -4.3149460e-03  -2.2942702e-03  -8.0631120e-04
   1.0208714e-01   2.1719915e-01   3.2329140e-01  -4.4849480e-03  -2.3104418e-03  -8.5196140e-04
   8.2502572e-02   1.4216809e-01   3.2443732e-01  -4.4295157e-03  -2.1388152e-03  -9.2326373e-04
   8.9356647e-02   2.2087902e-01   3.9007490e-01  -4.7878970e-03  -2.2067115e-03  -9.2173897e-04
   1.0204364e-01   2.5550089e-01   2.9597970e-01  -5.0445959e-03  -2.3104735e-03  -9.1507637e-04
   8.3428338e-02   6.7981587e-02   3.6717417e-01  -4.1650297e-03  -2.0300642e-03  -9.8521262e-04
   9.3533180e-02   1.9730678e-01   3.5821433e-01  -4.7183541e-03  -2.1649214e-03  -9.2526304e-04
   1.1320243e-01   1.8432670e-01   3.1608856e-01  -4.6639866e-03  -2.3991996e-03  -7.9834210e-04
   1.0206815e-01   1.7974830e-01   3.9380404e-01  -4.8853688e-03  -2.2664807e-03  -8.1711718e-04
   1.0441927e-01   1.4021665e-01   3.0968150e-01  -4.3602405e-03  -2.3216631e-03  -8.6541630e-04
   9.2268485e-02   2.1123053e-01   4.2580255e-01  -5.1192414e-03  -2.2672822e-03  -8.7454692e-04
   9.3608711e-02   2.7868166e-01   3.2850839e-01  -4.8295358e-03  -2.2490033e-03  -4.5586827e-04
   9.9864495e-02   1.8827118e-01   4.1166891e-01  -5.0014793e-03  -2.2691487e-03  -7.6931373e-04
   1.0055992e-01   2.2910872e-01   3.6219319e-01  -5.0809553e-03  -2.3077642e-03  -7.4843825e-04
   1.2084930e-01   2.2524284e-01   3.4495385e-01  -5.2797508e-03  -2.5551780e-03  -7.5119630e-04
   1.2102286e-01   1.9645264e-01   4.1636287e-01  -5.5056932e-03  -2.5077133e-03  -5.8802144e-04
   1.2418757e-01   1.5231524e-01   3.2610676e-01  -4.4764511e-03  -2.5172021e-03  -7.5261414e-04
   1.0842397e-01   1.6975558e-01   3.8550456e-01  -5.3292178e-03  -2.3296651e-03  -6.5841664e-04
   1.4824458e-01   2.8293543e-01   4.1479361e-01  -5.8673763e-03  -2.8452057e-03  -6.3218898e-04
   1.4947943e-01   1.5944220e-01   3.9014833e-01  -4.4596518e-03  -2.8463949e-03  -5.2966692e-04
   1.3779270e-01   2.6313287e-01   4.6153234e-01  -5.5349358e-03  -2.7010726e-03  -5.7328954e-04
   1.7803914e-01   2.8026991e-01   3.9108751e-01  -5.7596736e-03  -3.2051334e-03  -5.8887919e-04
   1.4965252e-01   2.0172126e-01   4.5080452e-01  -5.6309480e-03  -2.9202740e-03  -7.9827104e-04
   1.4391158e-01   2.5001446e-01   4.6857793e-01  -6.0421878e-03  -2.8703707e-03  -7.5261811e-04
   1.5602887e-01   2.2474514e-01   3.9342298e-01  -5.7773293e-03  -3.0490181e-03  -6.9964024e-04
   1.5174384e-01   2.7566285e-01   4.8082301e-01  -5.9773447e-03  -3.0252007e-03  -5.5687883e-04
   1.5047256e-01   2.4372489e-01   4.0539798e-01  -5.6811362e-03  -3.0084330e-03  -7.9403984e-04
   1.5698552e-01   2.7706756e-01   3.9249441e-01  -5.8497629e-03  -3.1423451e-03  -7.0898562e-04
   1.3115676e-01   3.2512051e-01   4.7183889e-01  -6.0546005e-03  -2.8514436e-03  -5.8040808e-04
   1.5257869e-01   2.2942087e-01   4.1973695e-01  -5.6772893e-03  -3.0253973e-03  -6.8586004e-04
   1.5311102e-01   1.9409622e-01   4.2952775e-01  -6.2011565e-03  -3.0277624e-03  -6.8802939e-04
   1.4279888e-01   3.0243573e-01   4.5829242e-01  -6.4322351e-03  -2.9640443e-03  -7.5562099e-04
   1.3101335e-01   2.1989429e-01   3.7341699e-01  -4.9645106e-03  -2.8454843e-03  -8.5997405e-04
   1.4906241e-01   3.1665791e-01   5.2543333e-01  -6.0576191e-03  -3.0808480e-03  -6.3322620e-04
   1.4751030e-01   2.7529557e-01   4.9873056e-01  -5.5466197e-03  -3.0658093e-03  -4.7580669e-04
   1.5107534e-01   2.3850193e-01   5.0975252e-01  -5.7309102e-03  -3.0471586e-03  -4.2125111e-04
   1.6419672e-01   2.5423582e-01   5.4851539e-01  -6.7680469e-03  -3.1659875e-03  -5.3474529e-04
   1.6228175e-01   2.4542771e-01   4.6687792e-01  -5.4824942e-03  -3.1840853e-03  -4.3426003e-04
   1.4815610e-01   2.1481260e-01   5.6106059e-01  -5.9157508e-03  -2.9808889e-03  -5.3665562e-04
   2.0710189e-01   3.2723526e-01   4.8855737e-01  -6.5701757e-03  -3.6675553e-03  -1.1038319e-04
   1.7415044e-01   1.6646209e-01   5.6552008e-01  -6.1968428e-03  -3.3107041e-03  -4.3299824e-04
   1.5857994e-01   2.6160715e-01   5.5974179e-01  -6.1107096e-03  -3.0826085e-03  -4.6038531e-04
   1.7974184e-01   2.3193884e-01   4.9837192e-01  -5.9691618e-03  -3.3692965e-03  -5.0465871e-04
   1.7280618e-01   3.6104486e-01   6.1348156e-01  -6.8080646e-03  -3.3424307e-03  -1.4645946e-04
   1.8504682e-01   2.1621003e-01   4.7899097e-01  -6.2273519e-03  -3.3395259e-03  -3.7006573e-04
   2.0254189e-01   2.7043707e-01   4.7332971e-01  -6.1601741e-03  -3.5933591e-03  -3.0150690e-04
   1.9246476e-01   2.7984411e-01   5.9533830e-01  -6.4682925e-03  -3.5103753e-03  -3.5841411e-05
   1.8098257e-01   1.5989976e-01   5.8250012e-01  -5.6786491e-03  -3.2161054e-03   1.2874710e-04
   2.0587703e-01   3.0179124e-01   5.6777484e-01  -6.5169707e-03  -3.6337110e-03  -7.4778833e-05
   2.0012463e-01   3.2501521e-01   5.6913990e-01  -6.3919496e-03  -3.5492938e-03  -8.6299981e-05
   2.1520431e-01   2.9941185e-01   4.2428118e-01  -6.0241893e-03  -3.6968418e-03  -1.1139460e-04
   1.7140737e-01   2.7422137e-01   5.6699982e-01  -6.1928389e-03  -3.3216395e-03  -1.8280115e-04
   1.6919141e-01   2.8078481e-01   5.1056073e-01  -6.0043414e-03  -3.2800751e-03  -4.1259689e-04
   1.9585078e-01   2.7312966e-01   4.9296525e-01  -6.4633248e-03  -3.5376755e-03  -2.4169480e-04
   1.6740063e-01   3.4200278e-01   5.7835197e-01  -6.6189484e-03  -3.2111506e-03  -5.1483667e-04
   1.8826292e-01   3.5648786e-01   5.0329796e-01  -6.5573603e-03  -3.5186899e-03  -4.1988299e-04
   1.8094461e-01   2.5630238e-01   5.6021979e-01  -5.8552132e-03  -3.4640315e-03  -1.7215919e-04
   1.7085204e-01   3.4206952e-01   5.8283125e-01  -6.6799490e-03  -3.3340929e-03  -3.5863467e-04
   2.0006580e-01   2.7854672e-01   5.6785225e-01  -6.6378027e-03  -3.6097237e-03   2.3174407e-05
   1.9297849e-01   3.1123067e-01   6.7044664e-01  -6.8387175e-03  -3.5320737e-03  -2.8224837e-04
   2.0932627e-01   2.8910167e-01   5.7624794e-01  -6.5369497e-03  -3.6943120e-03  -2.1102707e-04
   1.8341778e-01   2.6786119e-01   6.2765717e-01  -6.2300933e-03  -3.3447858e-03  -2.3725825e-04
   1.8944492e-01   2.6442893e-01   5.4019656e-01  -5.9762237e-03  -3.3524353e-03  -2.2118057e-04
   2.0465578e-01   2.3903578e-01   5.5461252e-01  -5.5237870e-03  -3.6684410e-03  -3.8511782e-04
   1.9482328e-01   1.8615327e-01   5.9278872e-01  -5.3824139e-03  -3.4760704e-03  -3.9132008e-04
   2.0759585e-01   2.6086243e-01   5.3627831e-01  -5.9400166e-03  -3.7050008e-03  -1.1666800e-04
   1.9146420e-01   2.5666593e-01   6.2063617e-01  -6.0473075e-03  -3.5400113e-03   8.3401118e-05
   2.0130240e-01   2.4237438e-01   4.9498893e-01  -5.8039368e-03  -3.5444534e-03  -2.3607463e-04
   1.6424260e-01   2.9524729e-01   5.5129051e-01  -6.1713498e-03  -3.2643762e-03  -4.5774214e-04
   1.8511948e-01   3.2375853e-01   6.0017133e-01  -6.5726289e-03  -3.5268575e-03  -1.9865088e-04
   1.8391072e-01   2.3265929e-01   5.1466029e-01  -5.6726860e-03  -3.4535170e-03  -4.9458160e-04
   1.6890924e-01   2.8808919e-01   6.0297477e-01  -6.5332912e-03  -3.3000475e-03  -5.1672056e-04
   2.3052760e-01   2.7264755e-01   5.3899504e-01  -6.3607743e-03  -4.0220686e-03  -2.3521445e-05
   1.8393269e-01   2.1700810e-01   5.7295921e-01  -5.8214990e-03  -3.4512053e-03  -3.8108040e-04
   1.7890853e-01   2.9598356e-01   5.9972529e-01  -6.9650170e-03  -3.3125991e-03  -4.6208196e-05
   1.7953307e-01   2.5973249e-01   4.5364334e-01  -5.6539473e-03  -3.3692769e-03  -2.0427969e-04
   1.6198821e-01   2.5207751e-01   5.8935442e-01  -5.7261008e-03  -3.1053490e-03  -5.3853204e-04
   1.8372665e-01   2.4785490e-01   5.1797464e-01  -6.1321803e-03  -3.3481675e-03  -8.7862903e-05
   1.7288593e-01   2.8685826e-01   6.1306715e-01  -6.2297714e-03  -3.3081477e-03  -3.9428400e-04
   1.9767005e-01   2.5353512e-01   5.4625933e-01  -5.6913621e-03  -3.5660910e-03   1.6402996e-04
   1.9175208e-01   2.7676417e-01   6.4407808e-01  -6.4364105e-03  -3.5126353e-03  -1.6664869e-04
   1.7072969e-01   4.0149193e-01   4.6939026e-01  -7.4661514e-03  -3.3056738e-03  -1.0755468e-04
   1.7807706e-01   2.9396392e-01   6.1026148e-01  -6.8990820e-03  -3.3464100e-03  -3.5426015e-04
   1.8245408e-01   3.1315367e-01   6.1777197e-01  -6.6184220e-03  -3.3829333e-03  -1.8883913e-04
   2.0934444e-01   2.9004375e-01   4.9984719e-01  -6.2844685e-03  -3.7144626e-03  -1.8657312e-04
   1.4765418e-01   2.6318365e-01   6.4337166e-01  -5.8289847e-03  -3.0072800e-03  -1.6842260e-04
   1.5516411e-01   3.1649802e-01   6.0953087e-01  -6.9597782e-03  -3.0130750e-03  -2.3319911e-04
   1.7344928e-01   2.8004724e-01   6.1407621e-01  -7.7879307e-03  -3.2504865e-03  -2.4242637e-04
   1.8924994e-01   2.6415767e-01   5.7959491e-01  -6.6811049e-03  -3.4537627e-03   7.5712473e-05
   1.6125966e-01   2.3049271e-01   6.0702550e-01  -6.1101734e-03  -3.0986147e-03  -3.3880015e-04
   1.6720961e-01   3.6603140e-01   5.9232691e-01  -6.6342104e-03  -3.2025844e-03  -4.5772357e-04
   1.7291664e-01   2.3698408e-01   5.5574886e-01  -5.9720983e-03  -3.2867793e-03   2.2526664e-05
   1.5883326e-01   2.6165856e-01   6.9342548e-01  -6.1616270e-03  -3.0722267e-03  -2.9221674e-04
   1.7348844e-01   2.6534962e-01   5.5032745e-01  -5.9666117e-03  -3.1832390e-03  -1.9840627e-04
   1.5815509e-01   2.6455195e-01   7.1035767e-01  -6.3575971e-03  -3.0763518e-03  -6.6252458e-04
   1.6727251e-01   3.1496727e-01   6.0344996e-01  -7.1398276e-03  -3.2067439e-03  -1.8599710e-04
   1.7050139e-01   2.8068306e-01   6.8652262e-01  -7.2290950e-03  -3.2262319e-03  -4.1027422e-04
   1.7966134e-01   3.0497410e-01   5.2310097e-01  -6.9360338e-03  -3.3229891e-03  -4.7086249e-04
   2.0232570e-01   3.3558268e-01   5.7863149e-01  -6.7590293e-03  -3.6493145e-03  -5.7450781e-04
   1.7282724e-01   2.8387725e-01   5.8976350e-01  -6.4472246e-03  -3.2062934e-03  -5.7936849e-04
   1.9095046e-01   2.5673724e-01   4.9030060e-01  -6.5147204e-03  -3.3880258e-03  -4.6217037e-04
   1.7235594e-01   3.2465119e-01   6.4239362e-01  -6.7242578e-03  -3.2667686e-03  -3.1826359e-04
   1.8451852e-01   3.1930660e-01   5.8044785e-01  -6.3925298e-03  -3.4400969e-03  -5.4355186e-04
   2.0164720e-01   3.5701780e-01   4.6110221e-01  -6.6891194e-03  -3.6081526e-03  -4.9370214e-04
   1.7421974e-01   3.5006860e-01   5.8056854e-01  -6.4901890e-03  -3.2993953e-03  -6.1066453e-04
   1.8843233e-01   2.8090082e-01   5.6396868e-01  -6.2765256e-03  -3.3918524e-03  -3.1054798e-04
   1.9114819e-01   3.5934549e-01   5.2696007e-01  -6.7887874e-03  -3.5555331e-03  -5.8413181e-04
   1.7951543e-01   2.7859765e-01   5.9135949e-01  -6.2354823e-03  -3.4127349e-03  -5.0111858e-04
   1.5898852e-01   3.9072265e-01   5.6765186e-01  -6.9617977e-03  -3.2051976e-03  -5.8915216e-04
   1.7283894e-01   3.0536632e-01   4.6809867e-01  -6.4853641e-03  -3.3371252e-03  -3.9735387e-04
   1.6769603e-01   3.3641440e-01   5.9429297e-01  -6.4622650e-03  -3.2927376e-03  -4.0737679e-04
   1.6071217e-01   3.8414598e-01   5.0118986e-01  -6.7484736e-03  -3.2732309e-03  -5.3547568e-04
   1.7832953e-01   3.6140083e-01   5.2276095e-01  -6.6660489e-03  -3.4904180e-03  -6.1066501e-04
   1.7910304e-01   3.3068730e-01   5.5631469e-01  -7.0528283e-03  -3.3894491e-03  -3.1195489e-04
   1.6752310e-01   2.5810497e-01   4.8070299e-01  -5.9335692e-03  -3.2735107e-03  -7.3076016e-04
   1.5616078e-01   3.3318478e-01   5.7648696e-01  -6.9472173e-03  -3.2510248e-03  -5.6408494e-04
   1.9807240e-01   3.8233064e-01   5.1141130e-01  -6.9390331e-03  -3.7299641e-03  -3.0509329e-04
   1.5133731e-01   2.7524161e-01   5.5343110e-01  -6.2478757e-03  -3.1719412e-03  -4.4367534e-04
   1.5073084e-01   3.2425413e-01   5.5863147e-01  -6.6857049e-03  -3.2873924e-03  -7.0480652e-04
   1.7038884e-01   3.2840604e-01   4.8454366e-01  -6.7961603e-03  -3.4039068e-03  -3.2412358e-04
   1.5970101e-01   4.1828928e-01   5.8972518e-01  -7.1768820e-03  -3.4007570e-03  -4.8468583e-04
   1.7409271e-01   2.3531448e-01   5.0739992e-01  -6.6189186e-03  -3.4366761e-03  -3.0775458e-04
   1.6497824e-01   2.2199836e-01   5.9732370e-01  -6.6193129e-03  -3.3202543e-03  -2.3499483e-04
   2.0529601e-01   3.7441039e-01   4.8637125e-01  -7.3983063e-03  -3.7942103e-03  -3.1392188e-04
   1.7445003e-01   2.8605387e-01   5.5723853e-01  -6.7642386e-03  -3.4968909e-03  -1.9882895e-04
   1.6882272e-01   2.9196839e-01   5.6935670e-01  -6.6938325e-03  -3.4060559e-03  -5.2086561e-04
   1.6284820e-01   2.7465787e-01   5.0389632e-01  -6.1565565e-03  -3.3559689e-03  -4.0980310e-04
   2.0085862e-01   4.3105450e-01   5.5202627e-01  -6.8568655e-03  -3.8906784e-03  -4.7859012e-04
   1.5634917e-01   2.7637239e-01   4.6622381e-01  -5.7747085e-03  -3.3595135e-03  -7.5319278e-04
   1.4764325e-01   2.6973364e-01   5.9439727e-01  -6.3065711e-03  -3.2166319e-03  -5.8002125e-04
   1.7219632e-01   2.5737125e-01   5.1968642e-01  -5.9266527e-03  -3.4232496e-03  -2.8741507e-04
   1.4416874e-01   2.7085032e-01   5.9186716e-01  -6.1806838e-03  -3.1341816e-03  -7.7474246e-04
   1.5011759e-01   3.3811935e-01   6.4118613e-01  -6.7082048e-03  -3.2135326e-03  -3.7162982e-04
   1.4199724e-01   2.6027215e-01   5.9950361e-01  -6.0301073e-03  -3.0514771e-03  -6.6320225e-04
   1.4244800e-01   2.6706846e-01   6.2812769e-01  -6.4226835e-03  -3.0323071e-03  -6.2148560e-04
   1.9078241e-01   3.3172892e-01   5.3394656e-01  -6.7572126e-03  -3.6422454e-03  -6.8686194e-04
   1.6131855e-01   2.3930815e-01   5.8427493e-01  -6.2232889e-03  -3.3236407e-03  -4.5402591e-04
   1.5363214e-01   3.6495077e-01   6.5776549e-01  -6.2245494e-03  -3.2910449e-03  -7.9128819e-04
   1.5465529e-01   2.7516175e-01   5.7476735e-01  -6.2684436e-03  -3.3043841e-03  -5.3314180e-04
   1.7691064e-01   3.5988340e-01   6.4974263e-01  -7.4301050e-03  -3.5930213e-03  -6.2675292e-04
   1.7819541e-01   2.4149470e-01   5.9617323e-01  -6.5353977e-03  -3.5725685e-03  -5.0124727e-04
   1.6741161e-01   1.9465115e-01   6.4236904e-01  -5.9136537e-03  -3.3878166e-03  -5.8500267e-04
   1.6405277e-01   3.9893794e-01   6.0240000e-01  -7.0781212e-03  -3.3338806e-03  -4.9001948e-04
   1.8072010e-01   2.4641949e-01   5.5643240e-01  -6.3423750e-03  -3.5431519e-03  -2.6502266e-04
   1.6707210e-01   3.0762998e-01   6.8948973e-01  -6.9027171e-03  -3.4034258e-03  -5.9109050e-04
   1.6604995e-01   2.5451326e-01   6.7244493e-01  -7.0476860e-03  -3.4525409e-03  -5.7218015e-04
   1.7764709e-01   3.0389944e-01   5.8509596e-01  -6.2723452e-03  -3.6315730e-03  -6.2677219e-04
   1.8229194e-01   3.4656197e-01   6.7963262e-01  -7.0180236e-03  -3.6510084e-03  -5.4580565e-04
   1.7325616e-01   3.3240177e-01   6.2458600e-01  -6.8596860e-03  -3.5803658e-03  -5.4856006e-04
   1.9527609e-01   4.0527901e-01   7.1458810e-01  -7.5975547e-03  -3.9054405e-03  -6.1621823e-04
   1.9854069e-01   3.1250964e-01   6.7719163e-01  -6.5699583e-03  -3.8974488e-03  -3.8619373e-04
   1.9197939e-01   2.4612564e-01   7.1300963e-01  -6.2727836e-03  -3.7334769e-03  -4.7517578e-04
   1.8897430e-01   3.3713600e-01   7.1768622e-01  -7.3520367e-03  -3.6980060e-03  -2.5570218e-04
   2.1849841e-01   3.1694964e-01   6.6183443e-01  -6.5987195e-03  -4.1040573e-03  -1.3069124e-04
   1.9157693e-01   3.4686576e-01   7.5554798e-01  -6.9925898e-03  -3.8346596e-03  -4.7817570e-04
   1.7188412e-01   2.8080276e-01   6.3353169e-01  -6.3589227e-03  -3.5529014e-03  -8.5277969e-04
   2.1540249e-01   3.6063512e-01   7.1681641e-01  -7.6753491e-03  -4.0846868e-03  -3.9623312e-04
   1.9217810e-01   2.7666481e-01   6.3250088e-01  -6.2783070e-03  -3.7829383e-03  -5.4376254e-04
   1.6265365e-01   3.1696173e-01   6.8503891e-01  -6.6368116e-03  -3.4671700e-03  -7.7416765e-04
   2.1795808e-01   3.3575931e-01   6.0492496e-01  -6.6972226e-03  -4.0814716e-03  -1.9707843e-04
   1.8306972e-01   2.4705283e-01   6.5560295e-01  -6.0786243e-03  -3.5842072e-03  -3.5388946e-04
   1.8120731e-01   3.8465329e-01   7.0212504e-01  -6.7211645e-03  -3.6659135e-03  -3.3402428e-04
   2.1742838e-01   3.6733731e-01   6.6586514e-01  -6.7814026e-03  -4.1373555e-03  -2.6709188e-04
   1.6224956e-01   2.6653893e-01   7.4305325e-01  -7.1792664e-03  -3.4463615e-03  -5.4623080e-04
