   0.0000000e+00   0.0000000e+00   0.0000000e+00   0.0000000e+00   0.0000000e+00   0.0000000e+00
  -1.5437327e-02   2.2548648e-04   1.5152737e-02  -4.4601383e-04   1.6179524e-04  -9.1688528e-05
   1.1902449e-02   7.0731743e-02  -4.6349519e-02  -6.2608208e-04  -3.0114552e-04  -8.8534489e-06
  -9.2441608e-03  -2.6129370e-02  -2.3961467e-02  -9.9615565e-05   2.0650410e-05   1.3069144e-04
   4.1226534e-03   4.4288924e-02  -4.5239150e-02  -8.8718418e-04  -1.5076248e-04   4.0318317e-05
  -6.3927678e-03  -7.8445928e-03  -7.7897372e-02   8.6408660e-05  -8.1904984e-05   9.3666689e-05
  -3.0780587e-02   1.0416806e-01  -2.0910785e-02  -7.5239777e-04   2.3270711e-04  -2.7920555e-05
   5.6872402e-03  -1.3455812e-02  -7.1455440e-02  -4.7883152e-04  -2.4761514e-04  -2.0793727e-05
  -3.3305595e-02  -8.9136681e-03  -4.9442935e-02  -2.8848142e-04   3.5826124e-04   4.8109624e-05
  -8.5975411e-03   4.4665451e-02  -4.5309695e-02  -5.9112581e-04   8.2018250e-05   2.7418502e-07
  -1.0928369e-02  -2.3693271e-02  -1.0175440e-01   2.8336631e-04   8.8894358e-05   5.2824773e-06
  -2.7416864e-02   1.3646600e-01  -5.1778279e-02  -5.0877693e-04   3.3002504e-04   1.6709002e-05
   9.1548987e-03   1.7904713e-02  -9.6013266e-02  -1.7975128e-04  -1.5315719e-04   1.6968865e-05
  -9.8148445e-03  -6.1649252e-02  -8.9994753e-02   9.0009265e-04   1.5901077e-05   1.3675519e-04
  -1.7577662e-02   5.0878808e-02  -4.4122793e-02  -3.2438752e-04   1.3881315e-04   3.1038658e-05
  -1.4781372e-03  -7.5328398e-02  -8.3478097e-02   6.8310311e-04  -1.4797455e-04   1.1126545e-05
  -3.5144655e-02   9.6066262e-02  -2.6546024e-02  -8.2538994e-04   3.6439219e-04  -9.1898541e-05
   2.7072109e-04   4.7950342e-03  -9.1915595e-02   5.2334947e-04  -2.7189600e-04  -4.5901988e-05
  -4.5831569e-02   1.0446378e-01  -3.6947924e-02  -6.0728792e-04   3.3929381e-04  -1.3692728e-04
  -9.6971599e-03   7.5857650e-02  -8.1723509e-02  -5.2667056e-04  -6.5138996e-05  -8.5009066e-05
  -2.8278790e-02  -1.0112587e-02  -7.9920051e-02   5.7671819e-04   2.6274210e-04   1.8783328e-04
  -2.5169847e-02   1.3519478e-01  -5.6017528e-02  -8.4205422e-04   2.7767079e-04   4.9594346e-05
   3.1007151e-03  -4.6704878e-02  -1.0312454e-01   5.4188504e-04  -6.3452128e-05   2.8606241e-04
  -2.3750485e-02   5.6659598e-02  -5.3679658e-02  -4.1474504e-04   2.3935810e-04   6.9107449e-05
  -1.9225377e-02   6.6134414e-02  -6.0782920e-02  -8.2332408e-04   2.8317726e-04   1.6482939e-04
  -2.1822497e-02  -4.7533180e-02  -9.6970726e-02   4.9843533e-04   2.9297884e-04   3.8556841e-04
  -2.5930313e-02   1.8810136e-01  -4.9510878e-02  -8.5997818e-04   2.5748971e-04   2.4933315e-04
   1.3475384e-03   7.4793357e-03  -9.3777113e-02  -3.2333820e-04  -6.3173566e-05   2.2021034e-04
  -3.3629066e-02   6.4734219e-02  -7.4059038e-02  -3.9060937e-04   4.3564574e-04   3.4574783e-04
  -3.2482232e-02   1.3423864e-01  -6.4037255e-02  -9.3903754e-04   4.8452969e-04   1.0422996e-04
   1.4612945e-02  -5.3825263e-02  -1.1032615e-01   6.0938887e-04  -1.1160782e-04   4.2051977e-04
  -3.4521797e-02   1.5976736e-01  -6.5086862e-02  -5.1895475e-04   4.3767207e-04   1.9248108e-04
   2.3087746e-03   4.3848117e-02  -8.6397834e-02  -3.6059550e-04  -1.1970762e-04   2.1216623e-05
  -1.6094471e-02  -2.6001861e-02  -1.1889951e-01   8.7249182e-04   9.4348314e-05   2.2962262e-04
  -3.2043489e-02   1.6926972e-01  -6.5039877e-02  -9.4625206e-04   3.0395866e-04   3.6430376e-05
   2.4768944e-02   3.4346314e-02  -1.0883795e-01   2.3541594e-04  -4.5455345e-04   2.0849295e-04
  -2.0964353e-02   1.8990773e-02  -7.0234290e-02  -1.9332173e-04   1.9325886e-04   1.6368072e-04
   6.0319942e-03   1.2203062e-01  -5.1880358e-02  -9.7856315e-04  -5.1352878e-05   2.0540336e-04
   2.5463819e-02  -8.8133336e-02  -1.0214840e-01   3.7459496e-04  -2.5139414e-04   3.5580575e-04
  -2.7164473e-02  -1.4201359e-02  -6.0570811e-02  -2.7917909e-05   4.5685811e-04   1.6806559e-04
  -1.7063631e-02   2.4500240e-02  -8.2857953e-02  -3.8086599e-04   3.6915814e-04   1.9160882e-04
  -4.4042803e-03   2.6692748e-02  -1.1221166e-01   2.4868398e-04   1.6788656e-04   3.7614314e-04
  -7.9836000e-03   6.6518982e-02  -1.1556270e-01  -1.7804377e-04   1.4803972e-04   1.1749034e-04
   2.2683386e-02   7.0141705e-03  -1.3103956e-01  -1.2874914e-04  -2.9758762e-04   2.0528678e-04
  -2.1177872e-02   3.9418206e-02  -1.1512321e-01  -1.3671715e-04   2.6106469e-04   2.5102809e-04
  -1.0924455e-02   8.2394403e-02  -1.1563626e-01  -4.9383836e-04   8.0794955e-05   1.6050657e-04
  -2.5919356e-02  -8.7141483e-03  -1.0760596e-01  -1.4408101e-05   1.8187195e-04   2.0348086e-04
  -2.6662622e-02   5.9599690e-02  -9.1297082e-02  -4.4265486e-05   1.6218023e-04   9.0859189e-05
  -1.0855047e-02  -2.6422608e-02  -1.9186452e-01   3.6488570e-04  -2.0451156e-04  -1.9649181e-04
  -1.7145533e-02   6.4077547e-02  -1.0215801e-01  -6.0152858e-04   1.2979909e-04   1.6926047e-04
  -2.3365007e-02  -5.7342666e-03  -1.0273531e-01  -4.3760999e-04   1.8687115e-04   3.0578352e-05
  -2.7954388e-02  -3.7393516e-02  -1.2541974e-01   3.2054508e-04   2.6046740e-04   1.8229227e-04
  -5.4016986e-02   1.1736852e-01  -5.3719032e-02  -7.4808618e-04   5.8890142e-04   7.3321075e-05
  -1.2508536e-03   5.1980451e-02  -8.9847833e-02  -7.9735210e-04  -7.6632736e-05   1.0531458e-04
  -3.5087858e-02   2.5195560e-02  -8.4592759e-02  -5.5383071e-04   3.3492370e-04   2.2719674e-04
  -4.0328611e-02   9.3027363e-02  -8.0652038e-02  -8.0117792e-04   4.6983951e-04   9.7486408e-05
  -4.5332986e-03   1.6923452e-02  -1.5464931e-01  -7.9919696e-05   2.4448383e-05   1.7451156e-04
  -5.2512954e-02   2.3980206e-02  -1.0865722e-01  -1.1415389e-04   7.1425692e-04   3.4302779e-04
  -1.8594887e-02   2.1589360e-02  -1.0494103e-01  -5.6963106e-04   2.7194799e-04   2.5326613e-04
   7.6583891e-03  -7.8044488e-02  -1.5285973e-01   8.6147339e-04  -1.9601657e-04   2.3534517e-04
  -4.2937122e-02   1.0092038e-01  -9.7869928e-02  -3.5382408e-04   5.1200712e-04   2.7511383e-04
  -1.1663026e-02   3.5449925e-02  -1.0854742e-01  -4.0105927e-04   1.5452167e-04   6.7100742e-05
  -4.5429213e-02   3.3959931e-02  -1.3917888e-01   2.8364470e-04   4.8949463e-04   1.3176584e-04
  -4.6354628e-02   4.4762104e-02  -9.5787869e-02  -1.0529817e-04   4.0952600e-04   5.8436484e-05
  -1.2846365e-02  -1.7892541e-02  -1.6049335e-01   8.8029118e-04  -1.3222514e-04   5.1319783e-05
  -5.5814220e-02   5.2952472e-02  -7.9904018e-02  -4.3081174e-05   4.8081658e-04   3.5359401e-05
  -3.5165030e-03   4.3492323e-02  -1.4778766e-01   2.4193971e-04  -1.7645394e-04  -3.8978753e-05
  -5.1862725e-02   2.9108459e-02  -6.4797969e-02  -2.0897651e-04   5.1354730e-04   8.8466681e-05
  -8.1042286e-04   1.0626320e-01  -1.5291962e-01  -4.5779249e-04  -9.9843979e-05   1.1321534e-05
  -4.3121602e-02   5.9723168e-02  -1.2031452e-01  -4.2690121e-05   4.2402462e-04   1.1027056e-04
  -2.5845283e-02   9.0138657e-02  -1.1644455e-01  -5.0821585e-04   2.2981115e-04  -6.1650366e-05
  -2.7794243e-02  -2.5177075e-02  -1.5300640e-01   7.0577026e-04   2.4455344e-04   9.9785484e-05
  -3.7292961e-02   9.9309866e-02  -9.9785223e-02  -7.7083418e-04   4.1668577e-04  -1.9336144e-05
  -9.5721656e-03  -1.0208932e-02  -1.0128940e-01  -2.4613003e-04   1.3274149e-06   1.1324014e-04
  -3.6925063e-02   7.2017033e-02  -1.3253936e-01  -2.0804334e-04   3.0581107e-04   1.2368539e-04
  -4.3563231e-02   1.7974277e-01  -9.9412645e-02  -9.5715103e-04   4.5102438e-04   3.9586675e-05
   4.4722790e-03  -5.7295269e-02  -1.5052582e-01   8.4614909e-04  -2.1574792e-04   2.6414705e-04
  -4.0413239e-02   2.6095089e-03  -1.0032097e-01   4.6621900e-04   3.8195753e-04   2.0789990e-04
  -2.8860450e-02   9.5401140e-02  -1.1007965e-01  -2.4359643e-04   2.0274626e-04   1.8224718e-05
  -2.2354128e-02  -4.5690841e-02  -1.3585365e-01   9.9634845e-04   1.2411531e-04   1.5554467e-04
  -3.6605736e-02   1.0019985e-01  -1.1925964e-01   8.2691671e-05   2.9608506e-04  -1.6832029e-04
  -8.3295027e-03   1.5252610e-02  -1.7208265e-01   7.0041390e-04  -4.8089099e-05   4.8504282e-05
  -3.1478145e-02   5.2876260e-02  -1.3995027e-01   6.8777504e-04   2.7701872e-04   4.4801291e-05
  -2.0220403e-02   9.4331792e-02  -1.3285471e-01   2.9666240e-04   1.4877823e-04  -3.1908364e-05
   7.2166768e-05  -6.8272220e-02  -1.5880164e-01   1.6814324e-03  -9.7369960e-05   2.0678916e-04
  -8.5153394e-03   9.6412597e-02  -8.4968992e-02   6.6783890e-05   6.0410418e-05   1.7509349e-04
   9.5187833e-03   3.4364957e-02  -1.4283142e-01   1.0899724e-04  -2.2086124e-04   1.6142257e-04
  -1.4650531e-02  -8.3018665e-03  -9.8008110e-02   1.4915596e-04   1.0318748e-04   9.9757174e-05
  -1.4731563e-02   8.1337478e-02  -1.1763237e-01  -5.4012789e-04   1.4615355e-04  -7.3135186e-05
   1.5534494e-02  -8.3321959e-02  -1.6174750e-01   9.3595987e-04  -2.3661242e-04   2.6941248e-04
  -1.2951653e-02   8.5515904e-02  -1.1116240e-01  -2.5467442e-04   1.5907055e-04   1.2202623e-04
   1.5399179e-02   6.9590430e-03  -1.4935756e-01   1.0816394e-04  -2.6600380e-04   1.8505878e-04
  -1.8491160e-02   1.4310497e-02  -1.2870999e-01   1.4369067e-04   1.8825283e-04   7.3512637e-05
  -1.8944308e-02   5.5952822e-02  -1.1241546e-01  -4.0172617e-04   2.1374525e-04   5.2279258e-05
  -9.5055802e-03   3.9798660e-02  -1.5662658e-01   1.6562633e-04   3.7140919e-05   1.6413647e-04
   1.5272299e-03   4.9181165e-02  -1.3424747e-01   6.2333843e-04  -7.3314082e-05   2.2363997e-04
  -1.4652986e-02   6.7241501e-02  -1.0856220e-01  -9.5966777e-04   1.9530585e-04   1.1919564e-04
   7.7372704e-03   8.4788852e-02  -1.8119535e-01   2.4327653e-04  -8.6903015e-05   3.2625335e-04
  -1.7460784e-02   1.2879161e-01  -1.3591607e-01  -2.2599331e-04   2.7472295e-04   2.6154639e-04
   9.0350151e-03   2.4693704e-02  -1.2099079e-01  -8.1888532e-04  -2.0941224e-04   1.1220823e-04
   2.1903533e-03  -1.2028173e-02  -1.5031383e-01   1.3641567e-05  -6.0966485e-05   3.3497114e-04
  -1.4437395e-02   4.9259992e-02  -1.0422033e-01  -4.2834463e-04   2.0038547e-04   2.0805523e-04
   1.6936128e-02   7.4129393e-03  -1.4790340e-01   1.5219044e-04  -3.2692798e-04   1.7942929e-04
   6.9738956e-04   2.1480623e-02  -1.5344254e-01   1.5541181e-04  -1.1906053e-04   2.9999016e-04
  -8.9791161e-03   1.5064601e-01  -1.2091936e-01  -3.7185939e-04   3.4437991e-05   2.2678765e-04
   2.7379234e-02  -4.0882419e-02  -1.7830189e-01   1.0810974e-03  -4.7136949e-04   2.5969326e-04
  -1.7338154e-02   6.3297511e-02  -1.1777461e-01  -2.1882399e-04   1.1721845e-04   1.9918310e-04
   1.4279211e-02   8.4602681e-03  -1.4697935e-01   1.5083169e-04  -3.5207721e-04   1.1810235e-04
  -1.0179191e-02  -4.2371409e-02  -1.6520388e-01   9.1847798e-04   3.9223551e-05   2.7987184e-04
  -3.1167737e-03   1.1919720e-01  -1.1710907e-01  -4.6413844e-04   5.1708898e-06   2.4584886e-04
   1.4107298e-02  -4.7391960e-02  -1.8766807e-01   6.4217009e-04  -2.5065721e-04   3.5266945e-04
  -3.0241588e-02   6.2533476e-03  -1.4388670e-01   6.4139716e-04   3.3796155e-04   2.8666530e-04
  -2.0650829e-02   6.3495204e-02  -1.6171776e-01   1.7773860e-04   1.9010554e-04   2.5159638e-04
  -6.6966464e-03  -8.5900483e-02  -1.8083694e-01   1.2615506e-03  -6.4564461e-05   2.6585199e-04
  -2.2593772e-02   4.9665566e-02  -1.2885174e-01   3.2165740e-05   1.2482675e-04   1.1912871e-04
   5.5662379e-03  -1.2396545e-02  -1.8801425e-01   7.6015487e-04  -2.8864285e-04   1.1485553e-04
  -3.5502167e-02  -3.9414114e-04  -1.3974712e-01   3.6925237e-04   3.1541833e-04   1.6114273e-04
  -2.8686431e-02   9.9779053e-02  -1.6280818e-01  -2.4036067e-05   2.3913614e-04   1.3163974e-04
  -2.4646745e-02  -5.3965848e-02  -1.7258866e-01   7.4271107e-04   1.9704521e-04   3.1972177e-04
  -2.3933603e-02   1.0437132e-01  -1.4987044e-01  -2.2971668e-05   1.9267230e-04   8.7734574e-06
   3.5369949e-03  -3.1035336e-02  -1.9944080e-01   7.4389849e-04  -2.3175344e-04   9.0036286e-05
  -4.0651721e-02   5.6595333e-02  -1.5562185e-01   3.8663016e-04   3.1293203e-04   1.8025723e-04
  -6.6599204e-03   9.3358106e-02  -1.9009775e-01  -3.1477394e-04  -9.9197758e-05   9.2170195e-05
  -3.4246599e-05  -8.2813106e-02  -2.5069663e-01   2.1152934e-03  -3.1471277e-04   2.3186403e-04
  -4.7822374e-02   1.5452826e-01  -1.9338915e-01  -5.8757220e-05   3.2197759e-04   2.2939213e-05
  -4.9862601e-02   2.7469685e-02  -1.9521301e-01   6.6989736e-04   2.9063374e-04   1.2077984e-05
  -6.5242211e-02   4.8805405e-02  -1.2075680e-01  -2.5151910e-04   5.1715200e-04  -2.0219825e-04
  -1.2057488e-02  -1.0449338e-01  -2.0159297e-01   1.1981500e-03  -8.5934722e-05   8.2279201e-05
  -5.1796065e-02   7.6573161e-02  -1.3083603e-01  -2.0030945e-04   4.9216165e-04   1.0405122e-04
  -1.6414164e-02  -7.3258363e-02  -1.9933649e-01   6.4301570e-04  -7.7744294e-05   5.9415109e-05
  -5.4697008e-02   1.5221614e-02  -1.0632016e-01  -1.7893589e-04   5.7457661e-04   1.4662383e-04
  -1.2236253e-02   3.9542147e-02  -2.0810644e-01   5.4899000e-04  -4.7817386e-05   5.4429905e-05
  -5.0089802e-02  -2.3834021e-02  -1.2193584e-01   3.1497779e-04   4.4679787e-04   1.2587303e-04
  -2.6966653e-02   2.6685348e-02  -1.8945546e-01   2.2574519e-04   1.2181325e-04   5.6692106e-05
  -5.5781487e-02  -2.6145321e-02  -1.7207848e-01   8.4078462e-04   5.0655879e-04  -1.8733233e-05
  -4.1439972e-02   5.2850173e-02  -1.6107914e-01   2.5384231e-04   3.8201005e-04  -5.3852278e-05
  -4.4299174e-02   3.2006322e-02  -1.9956454e-01   3.1091901e-04   4.4056432e-04   1.6238165e-04
  -3.6924271e-02   1.1221617e-01  -1.8061402e-01   5.3094427e-04   3.9698088e-04   1.9948049e-04
  -4.5458360e-02   1.3653194e-02  -1.9783596e-01   1.0611670e-04   4.5905835e-04   9.7293693e-05
  -3.1152575e-02  -6.6462716e-02  -2.2027805e-01   1.1075435e-03   2.7233094e-04   2.0833171e-04
  -4.5263022e-02   8.0409078e-02  -1.6535626e-01   2.6971661e-05   4.7697354e-04   5.2103551e-05
  -4.9118315e-03  -7.6830552e-02  -2.1966393e-01   1.4027468e-03  -1.0962434e-04   2.3981837e-05
  -4.7115312e-02   5.5840087e-02  -1.5815508e-01   1.1860739e-04   4.2053145e-04  -9.8379021e-05
  -1.6859463e-02   7.8090254e-02  -1.9298471e-01  -2.9118852e-05   1.0885219e-05  -1.3062561e-04
  -2.5047538e-02  -7.4249166e-02  -1.8883195e-01   7.1748207e-04   1.7221193e-04   8.4940344e-05
  -3.8132693e-02   9.4755488e-02  -1.5581522e-01  -5.6359012e-04   3.6665891e-04  -4.0882783e-06
  -3.6582925e-02  -9.4551815e-03  -1.9488158e-01   1.7220839e-04   2.3862305e-04   8.3971143e-05
  -4.3196420e-02   4.6346774e-02  -1.3961100e-01  -8.4880129e-05   3.4543171e-04  -3.7884147e-05
  -1.7877346e-02   2.7583554e-02  -1.9616560e-01   2.3706911e-04  -6.5445659e-05  -3.5630063e-05
  -4.0587721e-02  -1.7675726e-02  -1.4534308e-01   3.1052700e-04   3.0137075e-04  -2.4620064e-05
  -2.9159911e-02   5.2025411e-02  -1.7559002e-01  -2.5146476e-04   1.6385972e-04  -7.7823523e-05
  -2.8857905e-02  -1.1497007e-01  -1.6476266e-01   7.2874223e-04   2.3249128e-04   8.9178164e-05
  -3.6472893e-02   4.5178426e-02  -1.7310700e-01   5.5566015e-05   4.2669430e-04   4.5592937e-05
  -2.5238257e-02  -1.0441003e-01  -1.9409710e-01   1.3819773e-03   2.0277302e-04   1.9276627e-04
  -3.4629957e-02   1.2979622e-01  -1.5802064e-01  -1.0125411e-04   3.7449987e-04   1.4374078e-04
  -5.9329022e-03  -6.5271107e-02  -2.0861599e-01   1.0721815e-03  -1.5402044e-04   9.9984079e-05
  -3.5043095e-02  -3.1832457e-02  -1.7307621e-01   8.0849584e-04   1.9679708e-04  -5.2445579e-05
  -2.3819138e-02   2.1352509e-02  -1.8760616e-01   4.0991087e-04   3.8157560e-05  -1.1863197e-04
  -3.0137583e-02  -8.8557127e-02  -2.0925464e-01   1.8165308e-03   1.4346911e-04   8.6140561e-05
  -3.1705111e-02   7.4487328e-02  -1.7784479e-01   5.2621698e-04   2.7566800e-04  -3.1970862e-05
  -4.3531402e-02   2.6782415e-02  -2.1969944e-01   1.1468657e-03   2.9972920e-04  -8.2531823e-05
  -4.7924371e-02   7.9635688e-02  -1.7981202e-01   5.2378519e-04   4.3102006e-04  -1.0056637e-04
  -2.4283679e-02   5.5956912e-02  -2.1427001e-01   4.6698477e-04   1.5091643e-04  -1.2194952e-05
  -2.6583296e-02   3.2110689e-02  -1.7807014e-01   5.9078485e-04   1.9212660e-04   1.0738775e-04
  -3.1770748e-02   3.1182732e-02  -1.8295425e-01  -3.5020411e-04   2.7655279e-04   7.6850778e-05
  -1.8510902e-02  -3.6094340e-02  -2.2249127e-01   1.0153236e-03   1.6042574e-05   1.8780945e-04
  -5.2656356e-02   4.3609321e-02  -1.7007635e-01   3.8857368e-05   3.9402040e-04  -2.2122271e-05
  -6.1154693e-03   1.5165641e-02  -2.2972985e-01   9.6658231e-04  -2.0540912e-04   2.4388048e-05
  -4.6026367e-02  -2.0502276e-02  -1.4098100e-01   1.7041699e-05   2.7616171e-04  -5.6922770e-05
  -8.4171896e-03   7.6106013e-02  -1.8732332e-01  -2.2816765e-04  -4.8651029e-05  -4.4618370e-05
  -4.6075053e-02  -2.3246515e-02  -1.9403832e-01   3.4834215e-04   4.2103692e-04   6.9587750e-05
  -2.4199251e-02   4.0619470e-02  -1.7386358e-01   1.3378434e-04   1.7843923e-04  -1.4926044e-05
  -1.5751298e-02  -3.3166139e-02  -2.2887926e-01   8.1947364e-04  -1.0785725e-05   4.6545156e-05
  -3.3205082e-02  -1.8443088e-02  -1.7790239e-01   8.9242939e-04   2.0400659e-04   5.2884954e-05
  -2.8542691e-02   1.0058915e-01  -1.9493187e-01   2.4200859e-04   1.1727377e-04  -1.0227037e-04
  -3.4208700e-02  -1.2316112e-01  -2.0193202e-01   1.6408118e-03   9.9149449e-05  -6.9725002e-05
  -4.1468396e-02   1.1045200e-01  -1.8590998e-01   2.0502977e-04   2.2107459e-04  -1.9408547e-04
  -1.5133462e-02  -6.0270974e-02  -2.0059694e-01   4.5956164e-04  -7.5452768e-05   9.7348979e-05
  -3.8642853e-02  -1.3686489e-03  -1.8261780e-01   4.4674003e-04   2.7381908e-04   8.5430233e-05
  -3.2496436e-02   1.2996711e-01  -1.9727104e-01  -7.8426797e-04   3.3334270e-04   1.1715557e-04
  -1.2971095e-02  -7.0507749e-02  -2.3134743e-01   5.8753946e-04   6.9488872e-05   3.4365663e-04
  -4.2108331e-02   7.3422902e-02  -1.9866521e-01  -2.4038536e-04   4.3266337e-04   2.7656245e-04
  -2.3123760e-02   1.0105528e-01  -2.1639063e-01  -3.9819199e-04   1.4302066e-04   1.5201648e-04
  -1.1297687e-02  -3.6837927e-02  -2.5642673e-01   1.4343243e-03  -7.5819737e-05   1.2374245e-04
  -4.0151327e-02   8.0557166e-02  -1.9598482e-01   5.5030484e-05   3.2102407e-04   4.4307856e-07
  -1.2649351e-02  -9.1840171e-02  -2.1508811e-01   8.2923092e-04  -1.0183250e-04   6.3808723e-05
  -4.8509387e-02  -1.5057581e-02  -2.0423331e-01   5.2365642e-04   3.4821813e-04   1.0390155e-05
  -4.6452988e-02   9.5099302e-02  -1.9789695e-01   5.3635478e-04   3.1650126e-04  -6.5969002e-05
  -3.0843473e-02  -9.5379714e-02  -1.9369996e-01   9.5178958e-04   1.0281192e-04   5.4376786e-05
  -4.3557301e-02   1.3332549e-01  -2.0851425e-01   1.7791273e-04   3.0778142e-04  -9.3507725e-05
  -1.4776531e-02  -5.5264186e-02  -2.3014306e-01   1.2200970e-03  -1.4713346e-04  -1.0802702e-05
  -4.6295784e-02   1.0054106e-01  -1.9080888e-01   2.1189635e-05   4.0220082e-04  -1.2533391e-04
   2.6820664e-03  -1.7795178e-02  -2.2028033e-01   3.1452572e-04  -2.8585377e-04   1.4909411e-05
  -4.4542785e-02   1.6624606e-03  -1.9034767e-01  -3.7495826e-05   4.4114402e-04  -5.8680855e-05
  -1.6219214e-02  -5.2115471e-03  -3.8286142e-01   1.0254698e-03  -2.1782071e-04  -4.1389563e-04
  -3.2009716e-02  -3.7696781e-02  -2.3078050e-01   1.7305038e-04   1.2541985e-04  -3.2152865e-04
  -3.0128936e-02  -1.6849737e-02  -2.3517081e-01   3.3643452e-04   1.0588007e-04  -1.4929886e-04
  -5.7945866e-02  -1.9095174e-02  -1.8650663e-01   2.1190052e-04   5.4772208e-04  -1.0450607e-04
  -4.5821495e-02   1.2941497e-01  -2.1635317e-01  -1.8228247e-04   3.4452926e-04  -2.0967119e-04
  -4.1966173e-02  -1.1144325e-01  -2.2968585e-01   1.0848116e-03   1.6585774e-04  -1.0814939e-04
  -4.8713622e-02   1.7486883e-01  -2.2123335e-01  -1.9384980e-04   2.8770307e-04  -2.1220944e-04
  -3.0158267e-02  -4.8147399e-03  -2.5560279e-01   8.0354327e-04   1.2153361e-04   4.0323890e-06
  -5.8158179e-02   1.4643785e-01  -1.7721820e-01  -4.1496759e-04   5.9371730e-04  -2.4863353e-05
  -3.1161984e-02   5.1797711e-02  -2.3264702e-01   3.0268146e-05   2.1925275e-04  -2.0996449e-04
  -2.8353692e-02   7.6823107e-03  -2.5311886e-01   1.0565741e-03   2.1537262e-04   1.0455276e-04
  -4.4461963e-02   1.1581497e-01  -2.0812071e-01  -2.8244247e-05   4.2471618e-04  -8.0479376e-05
  -8.9356132e-03  -1.1084493e-01  -2.4633790e-01   1.5196594e-03  -1.3037066e-04   4.6002990e-05
  -3.0924729e-02   7.8767731e-02  -1.9564856e-01   8.3638830e-05   3.0575702e-04   5.9024767e-05
  -1.3108680e-02   2.4124949e-02  -2.2199866e-01   2.4166179e-04  -8.6480632e-06  -1.2296364e-04
  -3.0406100e-02   2.3212918e-02  -1.8867192e-01   3.2022811e-04   2.8496678e-04  -4.1608465e-05
  -1.4109228e-02   9.2445381e-02  -2.2220307e-01   1.6399423e-04   1.2623803e-04  -5.1130853e-05
  -2.7921191e-02  -3.7617794e-02  -2.4688888e-01   1.0878045e-03   2.5983038e-04   5.8971790e-05
  -3.7055343e-02   1.7867353e-01  -2.4407034e-01  -1.0444506e-04   4.7315430e-04   1.9231723e-05
  -1.9603757e-02  -7.8058960e-02  -2.6823495e-01   1.2429530e-03   8.0287423e-05   1.2191297e-04
  -3.7226282e-02   9.8993665e-02  -2.2179021e-01   3.3309117e-04   3.8498460e-04   6.9702246e-05
  -4.3451699e-03  -3.4717561e-02  -2.6405638e-01   7.6432673e-04  -1.6810004e-04   3.9818212e-05
  -3.0951820e-02   1.9451482e-02  -2.0546693e-01   1.4309129e-04   3.1927753e-04   2.4583629e-05
  -3.9517670e-02  -3.0666180e-02  -2.4581863e-01   1.9626554e-04   2.9897224e-04  -1.4809663e-04
  -4.7465142e-02   1.5816619e-02  -2.5256367e-01   7.5441016e-04   3.6353357e-04  -2.0460810e-04
  -5.5144402e-02   6.9167327e-02  -2.1709257e-01   1.7520747e-04   4.5575951e-04  -2.1365062e-04
  -3.6603999e-02   3.3570087e-02  -2.7226325e-01   7.0183994e-04   1.8446155e-04  -1.3213819e-04
  -4.2643316e-02  -7.0218697e-02  -2.1428222e-01   7.8556923e-04   3.1731074e-04  -5.8852347e-05
  -3.0112678e-02   8.0155143e-02  -2.5126625e-01   3.7600176e-04   1.5739820e-04  -9.3865567e-05
  -3.5498929e-02  -5.9840614e-02  -2.1116401e-01   7.8311283e-04   1.7071479e-04  -3.4731276e-05
  -3.5620573e-02   3.9997734e-02  -2.2400717e-01   2.7950048e-04   1.2708194e-04  -2.0986150e-04
  -2.1119468e-02  -7.5800272e-02  -2.4554181e-01   1.1512529e-03  -1.2232984e-04  -7.2699105e-05
  -6.7250028e-02   4.2929714e-02  -2.5582929e-01   6.6567532e-04   4.8730805e-04  -4.8717838e-04
  -3.2619517e-02   1.0345984e-02  -2.7700601e-01   7.0106013e-04  -8.4735596e-05  -2.2381090e-04
  -3.4421007e-02   8.8635430e-03  -2.4289046e-01   1.0172227e-03  -6.0646182e-05  -7.3889800e-05
  -1.3602641e-02  -1.5572333e-02  -2.4734174e-01   1.1697561e-04  -2.9073633e-04  -4.8086296e-05
  -4.0173474e-02  -4.7457737e-02  -2.4080120e-01   5.3505146e-04   1.0536923e-04   1.8527740e-05
  -3.4520987e-02   1.2145796e-01  -2.5561473e-01  -8.4214761e-05   1.0845675e-04  -1.9593645e-04
  -2.2971564e-02  -9.7408303e-02  -2.6792230e-01   1.3634603e-03  -8.4102638e-05   2.8148352e-05
  -3.8116206e-02   6.8933866e-02  -2.2023378e-01  -1.2023478e-04   1.9473150e-04  -1.2787950e-04
  -1.7982287e-03  -3.2672776e-02  -2.7642677e-01   1.6819516e-03  -3.0099478e-04   3.6146862e-05
  -4.0388176e-02   6.2098132e-02  -2.2320325e-01   2.6193156e-04   2.3275913e-04  -6.4522513e-05
  -1.6429517e-02  -2.7530294e-03  -2.8633317e-01   7.4586529e-04  -1.6860009e-04  -7.8193828e-05
  -6.8409093e-02   3.9703163e-03  -2.1430820e-01   6.5711078e-04   6.0054905e-04  -9.0218309e-05
  -2.2903658e-02   4.5760648e-02  -2.8665648e-01   4.0879171e-04  -5.8963101e-05  -1.8460290e-04
  -5.2604581e-02   2.3653077e-03  -2.3286810e-01   5.0886677e-04   4.3368076e-04  -1.0464736e-05
  -1.2831752e-02  -8.8199263e-03  -2.6467862e-01   8.9830650e-04  -1.1442746e-04  -1.2367282e-04
  -4.1578114e-02  -7.3610794e-02  -2.3984871e-01   1.5328262e-03   3.1125682e-04   1.3987634e-05
  -3.5328093e-02   5.0023461e-02  -2.7840385e-01   1.3139511e-03   2.9420217e-04  -1.3661045e-04
  -3.3659889e-02  -8.1370985e-02  -2.9128188e-01   2.2660027e-03   1.5994018e-04   3.5868589e-06
  -5.6624613e-02   3.6083196e-02  -2.0160455e-01  -3.0231990e-04   3.7956206e-04  -3.0705105e-04
  -4.0970236e-02   3.1833571e-02  -2.8173578e-01   6.0992658e-04   1.1135240e-04  -1.7643872e-04
  -4.0595984e-02   3.5327326e-02  -2.4714037e-01   9.2744866e-04   9.6703806e-05  -1.2252738e-04
  -4.5454153e-02   1.0556934e-01  -2.8259673e-01   6.4532518e-05   2.0123148e-04  -1.2575796e-04
  -4.1452092e-02  -5.0465188e-02  -2.9174421e-01   6.5003642e-04   1.8291775e-04   7.2914336e-06
  -6.3769936e-02   1.3130622e-01  -2.5539449e-01  -1.9738355e-04   5.3958953e-04  -7.7675990e-05
  -1.2553022e-02  -5.6519467e-03  -3.0907560e-01   1.1402551e-03  -1.2935292e-04   7.9620378e-06
  -5.4233356e-02  -3.7530264e-02  -2.4743180e-01   4.8274371e-04   4.7845962e-04   8.8988161e-05
  -1.5889545e-02   1.0029721e-01  -2.8218603e-01   4.2312666e-05  -1.8466144e-05  -4.7813751e-05
  -2.9661051e-02  -4.0337411e-02  -2.6350066e-01   6.3732395e-04   1.8058657e-04   2.7853171e-04
  -3.0083488e-02   8.2774050e-02  -2.4594526e-01  -1.3193000e-04   2.6293735e-04   1.0414201e-05
  -2.1831192e-02  -3.4666698e-02  -2.9433047e-01   1.2366911e-03   6.5007230e-05   9.7322561e-05
  -4.6386235e-02   3.7788562e-02  -2.5418548e-01   2.3375138e-04   3.9585398e-04  -4.4481147e-05
  -2.1703308e-02  -4.1932575e-03  -3.0109455e-01   7.4586451e-04  -5.6508252e-05  -1.2107460e-04
  -6.3687790e-02  -5.5879509e-02  -2.5574408e-01   8.1578181e-04   5.4772986e-04  -9.4120272e-05
  -4.0035248e-02   6.0047754e-02  -2.9875220e-01   6.1414938e-04   2.8892666e-04  -1.0212202e-04
  -4.0551422e-02  -6.6220921e-02  -2.7655633e-01   1.1656311e-03   2.8239351e-04   6.7135525e-07
  -4.0063565e-02   1.1970345e-01  -2.9168329e-01   3.8348972e-04   3.2747680e-04  -4.6936196e-05
  -2.0648443e-02  -1.2793711e-01  -3.0182394e-01   1.7233747e-03   5.5146300e-05   7.9241784e-05
  -4.2972902e-02   1.0702590e-01  -2.6848886e-01   4.0954803e-04   4.0292558e-04  -5.0117266e-05
  -9.6056185e-03  -7.1129596e-02  -3.0480210e-01   1.5130836e-03  -1.1787994e-04   5.2085032e-05
  -5.2889583e-02   3.5917476e-02  -2.5814275e-01   3.9786519e-04   4.3597589e-04  -1.8315698e-04
  -1.2544106e-02   3.9946523e-02  -2.8722193e-01   4.3626995e-04  -3.5810316e-05  -1.0750415e-05
  -4.4510314e-02  -7.8825190e-02  -2.7802626e-01   7.1496092e-04   3.9451972e-04   7.0677946e-05
  -4.1790974e-02   1.5713807e-01  -2.7783561e-01   2.3233322e-04   3.2029355e-04  -7.9156285e-05
  -1.3920074e-02  -4.0637899e-02  -3.1131718e-01   1.4118806e-03  -1.0944490e-04  -8.0870318e-05
  -4.0359044e-02   3.4536260e-02  -2.6588121e-01   5.3452252e-04   2.9076104e-04  -1.4727552e-04
  -9.9087128e-03  -8.2388869e-03  -3.0547506e-01   9.6002922e-04  -1.0064620e-04  -9.3587182e-05
  -5.8123362e-02  -1.1196366e-01  -2.5129034e-01   9.3578671e-04   6.3369174e-04  -4.3037132e-05
  -3.6936720e-02   7.5606832e-02  -3.0338079e-01   6.7762066e-04   2.8413050e-04  -1.5852466e-04
  -2.8264392e-02  -1.1094964e-01  -2.8400837e-01   1.2045975e-03   8.2853881e-05  -1.1957756e-05
  -4.3152232e-02   1.2143595e-01  -2.8338200e-01   1.3817036e-04   2.5595850e-04  -1.4507377e-04
  -1.6703092e-03  -1.2336724e-01  -3.0808008e-01   1.6818390e-03  -2.6891319e-04   6.1398782e-05
  -3.8077241e-02   9.3796846e-02  -2.6377655e-01   9.7830084e-05   3.0392682e-04  -3.5598978e-05
  -5.4906136e-03  -7.0721374e-02  -3.0359226e-01   1.2353200e-03  -3.0686756e-04  -1.0787799e-04
  -3.5645476e-02   8.3649678e-03  -2.4513748e-01   4.0221336e-04   8.1224310e-05  -4.3878500e-05
  -3.6025864e-02   1.9947842e-02  -2.7057731e-01   1.3279171e-04   1.0862104e-04  -1.3141390e-04
  -4.2079677e-02  -8.4083218e-02  -2.7012330e-01   1.1776224e-03   2.1493427e-04  -8.1148750e-05
  -4.6718093e-02   2.2907268e-02  -2.6453380e-01   6.3898801e-04   2.4306801e-04  -2.2306587e-04
  -2.9960932e-02  -8.1961153e-02  -3.1537956e-01   1.2291250e-03   8.7169987e-06  -1.3885327e-04
  -4.9517625e-02   8.7494620e-02  -2.7657391e-01   1.8245468e-04   3.5207041e-04  -1.1599968e-04
  -1.8397530e-02  -4.1158383e-02  -3.2863028e-01   1.5001817e-03  -9.3105115e-05  -7.6508066e-05
  -5.6793685e-02   3.3583563e-03  -2.6976825e-01   8.6206312e-04   4.8299494e-04  -7.3205330e-06
  -1.4741805e-02  -4.8519584e-02  -3.0209685e-01   1.0938723e-03  -1.1768397e-04  -1.9786616e-04
  -6.0068998e-02  -4.2587497e-02  -2.8400781e-01   1.1464807e-03   4.0796637e-04  -1.6499628e-04
  -4.0555407e-02   9.2533988e-02  -3.0524867e-01   4.9813155e-04   1.7716884e-04  -2.7114209e-04
  -5.1823732e-02  -9.7141352e-02  -3.1092219e-01   1.3571557e-03   3.7131047e-04   2.3628729e-05
  -4.9356534e-02   8.2975912e-02  -2.8584603e-01   2.6323668e-04   4.3100969e-04  -7.0921680e-05
  -3.6100553e-02  -5.8652272e-03  -3.2005638e-01   8.5519103e-04   1.2963573e-04   2.3439994e-05
  -5.7603728e-02   9.8858841e-02  -2.7322793e-01   3.9029582e-04   4.1212576e-04  -5.1802668e-05
  -4.4934346e-02  -4.7178146e-02  -3.1746526e-01   9.2411329e-04   8.9570635e-05  -6.0245775e-05
  -5.6046462e-02   5.4405417e-02  -2.7184840e-01   7.6583871e-04   3.6124121e-04  -5.0367308e-05
  -4.2255710e-02  -3.6251062e-02  -3.2215970e-01   8.6293266e-04   6.4260440e-05  -1.5123704e-04
  -6.8609955e-02  -1.2564732e-01  -2.9399889e-01   2.1097180e-03   4.2497085e-04  -1.7087343e-04
  -4.8994732e-02  -1.6746543e-01  -4.2760533e-01   3.2951799e-03  -1.2759479e-04  -6.5724973e-04
  -6.5305243e-02   4.5632817e-02  -3.3795456e-01   8.3429342e-04   3.6812721e-04  -2.4447698e-04
  -4.8726345e-02  -9.6307629e-02  -3.5615998e-01   2.2674415e-03   9.4002601e-05  -1.9343661e-04
  -8.2169457e-02   1.1453417e-02  -3.0124665e-01   1.5264866e-03   6.3999011e-04  -2.4783396e-04
  -1.1344872e-01  -4.9596603e-01  -1.4177340e-01   2.8200551e-03   7.7493319e-04  -3.9343654e-04
  -4.0456233e-02   7.5910252e-02  -3.5327978e-01   1.9692905e-03   1.0228795e-04  -3.7588760e-04
  -4.6546666e-02   1.1844874e-01  -3.7556314e-01   1.2680616e-03   1.9051208e-04  -2.7571209e-04
  -2.7992320e-02   5.9867308e-03  -3.5063526e-01   1.2572415e-03  -9.4940013e-05  -1.5867765e-04
  -1.6671580e-02  -1.5972282e-01  -2.8655697e-01   1.7221438e-03  -3.0821567e-04  -2.0852502e-04
  -1.0879573e-02  -9.7895388e-02  -3.1208840e-01   1.3618269e-03  -5.6285045e-04  -3.9170359e-04
  -5.1861803e-02  -1.6452070e-01  -2.5980199e-01   1.7930211e-03   9.9641278e-05  -3.7470951e-04
  -1.0534210e-02  -9.5761188e-02  -3.1192984e-01   2.1195812e-03  -3.8535825e-04  -4.4192401e-04
  -4.0988182e-02  -5.3905197e-02  -2.8787091e-01   1.9372728e-03   1.7905591e-04  -2.4484331e-04
  -3.3538472e-02   4.0261382e-03  -3.2497939e-01   1.3093422e-03  -8.0667409e-06  -5.7012190e-04
  -5.8198568e-02  -7.1468668e-02  -3.0771643e-01   1.6474662e-03   3.2722525e-04  -4.5157517e-04
  -4.2782571e-02   7.0507622e-02  -3.3723701e-01   8.5106652e-04   1.8132649e-04  -4.1437095e-04
  -5.5174547e-02  -2.5907844e-02  -3.4261411e-01   1.5781854e-03   2.6704914e-04  -1.9582093e-04
  -6.4770836e-02   8.6629772e-02  -3.1818105e-01   8.7805145e-04   5.2971871e-04  -1.9442154e-04
  -4.0458643e-02  -4.4314491e-02  -3.4843216e-01   1.8838373e-03   9.5409354e-05  -1.6020878e-04
  -7.3848392e-02   3.3609771e-02  -3.1382486e-01   1.8408828e-03   5.0834744e-04  -3.3246327e-04
  -4.8542895e-02   5.5323820e-02  -3.3291218e-01   7.9288086e-04   1.5376455e-04  -3.4173407e-04
  -6.4154239e-02  -5.4243097e-02  -3.1964703e-01   1.3826730e-03   4.6582217e-04  -2.9874882e-04
  -5.3269547e-02   8.9654709e-02  -3.2099916e-01   5.4515479e-04   3.8511765e-04  -3.7387341e-04
  -3.6628581e-02  -1.0624667e-01  -3.5437561e-01   2.3333399e-03   9.1382044e-05  -2.0382755e-04
  -5.5533662e-02   1.9560750e-02  -2.9662783e-01   7.6839003e-04   3.9408572e-04  -2.1047465e-04
  -2.5435499e-02  -4.0983813e-02  -3.3552217e-01   1.3173069e-03  -7.8136780e-05  -2.3732877e-04
  -7.2062507e-02  -8.9210927e-02  -2.8706989e-01   2.0044256e-03   6.2874666e-04  -2.5553645e-04
  -5.2770166e-02   7.7415849e-02  -3.4208592e-01   9.4755561e-04   2.9593810e-04  -3.8198654e-04
  -5.7967158e-02  -1.4432540e-01  -2.9986435e-01   1.7006151e-03   4.0965136e-04  -2.1334219e-04
  -5.7322388e-02   7.8449901e-02  -3.2859032e-01   7.2782098e-04   4.1352674e-04  -3.9526325e-04
  -3.7620854e-02  -1.0346901e-01  -3.3724876e-01   1.9528317e-03   9.8352736e-05  -9.6278490e-05
  -5.4792008e-02   6.0216738e-02  -3.2099197e-01   8.6810275e-04   4.3314568e-04  -1.5043052e-04
  -1.7209527e-02  -9.0894153e-03  -3.4515949e-01   1.6417427e-03  -1.6060524e-04  -1.5682048e-04
  -4.9519982e-02  -4.5712315e-02  -3.1262561e-01   1.1169371e-03   2.7115477e-04  -8.5963489e-05
  -4.2807331e-02  -1.9059396e-02  -2.9632556e-01   7.2343149e-04   1.2494341e-04  -2.4563245e-04
  -5.6908043e-02  -1.0030759e-01  -3.4481805e-01   1.8364595e-03   2.9708966e-04  -2.4731619e-04
  -7.0274131e-02  -6.9292846e-02  -2.9761491e-01   9.5587438e-04   4.4778766e-04  -3.2421061e-04
  -5.9906075e-02  -4.7226135e-02  -3.4656649e-01   1.3153584e-03   3.2376846e-04  -2.4957195e-04
  -6.9952547e-02  -1.0871565e-01  -3.2400251e-01   1.7922885e-03   4.8266549e-04  -2.4499619e-04
  -7.5620077e-02   6.0029852e-02  -3.1614632e-01   5.9389232e-04   5.8657577e-04  -2.8264460e-04
  -5.2588011e-02  -4.5078273e-02  -3.3958159e-01   1.3990175e-03   2.8212462e-04  -1.0726126e-04
  -7.0649822e-02   1.0504244e-01  -3.2043987e-01   6.4466930e-04   5.8762467e-04  -2.5073528e-04
  -5.6346505e-02   4.6801062e-03  -3.7566275e-01   1.8038036e-03   3.7101676e-04  -3.3428235e-04
